2 0.877187 0.768384 0.131674 0.141664 0.934135
2 0.808685 0.912199 0.146156 0.173955 0.909902
2 0.921007 0.715084 0.133794 0.14231 0.909182
2 0.849973 0.838888 0.177339 0.207532 0.867813
2 0.909813 0.18798 0.0849865 0.0780634 0.806681
7 0.80725 0.111395 0.0949205 0.102308 0.749362
2 0.964335 0.531069 0.0706406 0.0633018 0.722332
2 0.806963 0.221374 0.0647532 0.0751205 0.704929
2 0.938602 0.662616 0.122796 0.117609 0.671391
13 0.152552 0.634884 0.0696763 0.0805995 0.606866
56 0.180704 0.949476 0.069258 0.0954633 0.552784
2 0.111389 0.723902 0.0625062 0.0841197 0.517521
13 0.361511 0.946411 0.0825393 0.101298 0.478657
2 0.955092 0.595141 0.0882698 0.0951543 0.468194
2 0.747012 0.956043 0.151125 0.087914 0.449626
13 0.176038 0.510813 0.0705688 0.0786501 0.433647
13 0.272355 0.800974 0.060518 0.0677528 0.385471
60 0.136144 0.886585 0.0637306 0.0814623 0.372616
13 0.310814 0.875236 0.0644518 0.0813943 0.367674
13 0.136243 0.886683 0.0632721 0.0819397 0.356493
13 0.0194604 0.704863 0.0386149 0.0857841 0.352711
56 0.108657 0.824631 0.0625498 0.0761095 0.341558
13 0.261333 0.774876 0.0715671 0.0827301 0.332684
2 0.970987 0.476886 0.057093 0.0816815 0.31396
13 0.231656 0.739163 0.0558739 0.071462 0.299288
13 0.107435 0.823621 0.0591606 0.0711897 0.297708
13 0.0332679 0.550197 0.0623156 0.0753862 0.285467
56 0.0682057 0.780132 0.0564278 0.0784264 0.284265
2 0.990432 0.421622 0.0184105 0.0523083 0.27108
13 0.189884 0.663684 0.0679835 0.0803409 0.253796
