2 0.877131 0.76872 0.131622 0.142289 0.931949
2 0.921169 0.715047 0.133797 0.142591 0.906407
2 0.808615 0.912012 0.145985 0.173841 0.906111
2 0.850045 0.83883 0.177105 0.207405 0.868567
2 0.909779 0.188001 0.0852453 0.0780186 0.79769
2 0.964397 0.531476 0.0705639 0.0637068 0.760801
2 0.937409 0.661873 0.124586 0.117189 0.749835
2 0.806972 0.2219 0.064817 0.0759409 0.721562
7 0.807314 0.111464 0.0947765 0.102097 0.71356
13 0.152672 0.635027 0.070163 0.0805433 0.588475
2 0.955114 0.592199 0.0883474 0.0881329 0.568704
56 0.180726 0.94956 0.0691809 0.0958713 0.547871
2 0.111488 0.723909 0.0625793 0.083934 0.491693
13 0.361708 0.946696 0.0829404 0.101333 0.459411
2 0.746295 0.955966 0.152017 0.0880689 0.436863
13 0.27244 0.801244 0.0617502 0.068651 0.419891
13 0.136175 0.887525 0.0639564 0.0834088 0.40106
13 0.176058 0.510879 0.0707311 0.0785851 0.362123
2 0.97097 0.477119 0.0571102 0.081314 0.359102
13 0.261371 0.774806 0.0717147 0.0824453 0.330401
13 0.311051 0.875032 0.0638841 0.081154 0.321788
13 0.107468 0.823295 0.0589401 0.0709469 0.314867
2 0.99062 0.422251 0.0180344 0.0530941 0.30192
13 0.231539 0.739812 0.0559693 0.0708974 0.291521
13 0.069246 0.780374 0.0575647 0.0791812 0.266847
60 0.135942 0.88747 0.0627551 0.081926 0.266166
2 0.70928 0.955375 0.0704355 0.0844916 0.262107
13 0.249539 0.58695 0.0633264 0.0726067 0.260909
56 0.109131 0.824941 0.0627279 0.0769994 0.259381
13 0.0192058 0.705254 0.0380746 0.0856406 0.256656
