2 0.877219 0.76858 0.13172 0.141905 0.932731
2 0.919788 0.717103 0.136737 0.14117 0.913249
2 0.808599 0.911991 0.14609 0.17383 0.904332
2 0.850057 0.839149 0.177278 0.207621 0.866921
2 0.909746 0.188154 0.0849403 0.0774584 0.808108
2 0.964421 0.531374 0.0704948 0.0639135 0.737672
2 0.807232 0.221252 0.0644855 0.0747433 0.72474
7 0.807328 0.111348 0.0948053 0.102157 0.714176
2 0.937556 0.661027 0.124343 0.116223 0.691045
13 0.153337 0.635132 0.0683961 0.0811668 0.596188
56 0.180957 0.949413 0.0696923 0.0958112 0.534152
2 0.111293 0.723433 0.061985 0.0823883 0.516294
13 0.361532 0.946405 0.0820233 0.10148 0.474797
2 0.955165 0.595822 0.0880966 0.0955058 0.472335
13 0.272603 0.801232 0.0627183 0.0702762 0.466505
60 0.136159 0.887404 0.0640553 0.0829766 0.423085
13 0.310961 0.87573 0.0635674 0.081426 0.363627
13 0.136194 0.887258 0.0637023 0.0829102 0.3486
13 0.176003 0.510915 0.0706645 0.0787602 0.335884
2 0.97079 0.476837 0.0575426 0.0815381 0.321052
13 0.0184171 0.704462 0.0364293 0.0846653 0.31881
13 0.261219 0.774363 0.0714436 0.081877 0.303958
2 0.709152 0.954921 0.0706022 0.0857563 0.301318
13 0.0694636 0.781847 0.057348 0.0815789 0.300978
13 0.231641 0.737707 0.0562285 0.0686774 0.296791
56 0.109481 0.825696 0.0628001 0.0778073 0.284888
2 0.990631 0.421694 0.0180042 0.050951 0.283007
13 0.191233 0.666026 0.0721565 0.0859563 0.282702
2 0.746333 0.954906 0.153153 0.0901881 0.273544
13 0.108713 0.823451 0.0605867 0.0741542 0.262294
