2 0.877135 0.768775 0.131536 0.142375 0.931949
2 0.919941 0.717167 0.136598 0.141135 0.91123
2 0.808572 0.912535 0.145993 0.173024 0.903578
2 0.849988 0.839399 0.17755 0.208101 0.860649
2 0.909718 0.188236 0.0850588 0.0782474 0.810886
2 0.964129 0.53105 0.070842 0.0630946 0.732864
2 0.807238 0.221113 0.0646662 0.0748877 0.730051
7 0.807316 0.111448 0.0946095 0.102536 0.722544
2 0.937451 0.660698 0.124585 0.11735 0.702946
13 0.152743 0.634783 0.0697597 0.08029 0.591921
2 0.111798 0.723828 0.0631059 0.0829312 0.56377
56 0.180349 0.949304 0.0686271 0.0954912 0.526679
2 0.955087 0.591418 0.08815 0.0882523 0.520068
13 0.361731 0.946754 0.0825538 0.102306 0.503395
13 0.17609 0.510569 0.0707557 0.0781546 0.440873
13 0.273049 0.800474 0.0597997 0.0687453 0.435484
13 0.261191 0.774561 0.0714802 0.0822266 0.420293
13 0.136242 0.887136 0.0641449 0.0825772 0.374123
13 0.231471 0.737277 0.0563029 0.0682407 0.355877
13 0.310724 0.87505 0.0643569 0.0814199 0.355306
2 0.708831 0.955049 0.0683132 0.0847718 0.354894
13 0.0187036 0.703828 0.0369875 0.08522 0.331624
2 0.990676 0.422353 0.017901 0.0537352 0.318487
56 0.108912 0.825299 0.0628552 0.0782837 0.30594
60 0.135955 0.887321 0.0630271 0.0814019 0.303563
2 0.970843 0.476811 0.0573757 0.0811211 0.293173
13 0.191342 0.666107 0.0718311 0.0840717 0.291658
13 0.0322872 0.550494 0.0640785 0.0770993 0.279553
2 0.766475 0.962893 0.114305 0.070963 0.277871
58 0.456684 0.261498 0.0378286 0.0488593 0.273726
13 0.108704 0.823579 0.0608463 0.0756539 0.265732
13 0.2181 0.714247 0.0663005 0.0783569 0.257793
