2 0.877161 0.768523 0.131519 0.141518 0.93547
2 0.919733 0.717058 0.136588 0.141358 0.914408
2 0.808659 0.911815 0.146156 0.173597 0.910132
2 0.849968 0.838761 0.177334 0.207771 0.864528
2 0.909815 0.187768 0.0852297 0.0775928 0.816634
2 0.964123 0.530868 0.0708754 0.0625985 0.746821
2 0.807214 0.22189 0.0650187 0.0753017 0.731162
2 0.937507 0.662352 0.124765 0.118849 0.695362
2 0.111672 0.724491 0.0636751 0.0840207 0.651259
13 0.153171 0.63524 0.0692754 0.0815389 0.621303
7 0.807341 0.111593 0.0951393 0.102452 0.616905
56 0.180568 0.949631 0.0688413 0.0953182 0.579973
2 0.955077 0.590411 0.0882088 0.086116 0.555981
13 0.361707 0.946381 0.0824731 0.101398 0.53944
13 0.273137 0.800789 0.0604297 0.0695075 0.484319
13 0.260947 0.774774 0.0712191 0.0818153 0.419119
2 0.747126 0.955521 0.155047 0.0889586 0.387148
60 0.136187 0.887291 0.0643107 0.0824534 0.36374
13 0.231725 0.737549 0.0566226 0.0681357 0.35951
2 0.970963 0.477064 0.0571341 0.0805918 0.348742
56 0.109071 0.826223 0.063336 0.0789446 0.347722
13 0.136361 0.887293 0.0640723 0.0829298 0.34158
0 0.514435 0.209707 0.00622005 0.0436425 0.340745
2 0.807794 0.109992 0.0953549 0.0998317 0.332737
13 0.190793 0.665856 0.0710138 0.0833888 0.318712
13 0.310888 0.875708 0.0637975 0.0810957 0.307489
13 0.218184 0.71431 0.0671135 0.0784999 0.307268
2 0.709026 0.955224 0.0694345 0.0849114 0.297423
13 0.175995 0.510682 0.070756 0.078444 0.288643
58 0.456539 0.261332 0.0380112 0.0483667 0.287475
2 0.990582 0.421745 0.0181141 0.0522549 0.282686
13 0.108812 0.82489 0.0612543 0.0764221 0.266598
