2 0.877144 0.768423 0.131589 0.141637 0.935919
2 0.919883 0.717223 0.136476 0.141024 0.915684
2 0.808581 0.911946 0.145973 0.17373 0.904249
2 0.849985 0.838392 0.17723 0.207356 0.862918
2 0.909623 0.188093 0.0851055 0.0774632 0.827968
2 0.964119 0.530895 0.0708479 0.0627675 0.75651
2 0.807228 0.221207 0.0646603 0.0760813 0.744767
2 0.937454 0.662392 0.124803 0.118233 0.730494
7 0.807312 0.111421 0.0949057 0.102352 0.700293
2 0.111862 0.723641 0.0639998 0.0844647 0.647336
2 0.95514 0.591547 0.0882046 0.0873635 0.594343
13 0.361654 0.94663 0.0823338 0.101692 0.588532
56 0.180586 0.94962 0.0692767 0.0959177 0.577926
13 0.152944 0.635177 0.0695302 0.0812865 0.575711
13 0.175984 0.510843 0.0704935 0.0786562 0.454464
2 0.746399 0.955271 0.152759 0.0894582 0.410508
13 0.136331 0.88722 0.0641866 0.0830478 0.389851
13 0.26126 0.77498 0.0716159 0.0820899 0.388874
2 0.970927 0.476533 0.0572685 0.082509 0.37461
2 0.990523 0.422342 0.0182091 0.0537763 0.365634
13 0.272518 0.800015 0.0601489 0.0672373 0.363443
13 0.310992 0.875788 0.0636425 0.0818161 0.361426
56 0.108726 0.824955 0.0631913 0.0779465 0.339156
13 0.019023 0.704026 0.0376346 0.0842029 0.326194
13 0.231303 0.739197 0.0558402 0.0709088 0.308216
13 0.0322207 0.550116 0.0641345 0.0769821 0.307316
13 0.190955 0.665533 0.0725107 0.0841254 0.293131
2 0.708947 0.955051 0.0694167 0.0856958 0.287777
13 0.107559 0.8235 0.0598446 0.072838 0.282153
13 0.219741 0.715296 0.068021 0.08075 0.280111
60 0.135892 0.887309 0.0634459 0.0816162 0.275426
