2 0.877176 0.768433 0.131642 0.141407 0.935217
2 0.91976 0.717428 0.136685 0.140951 0.91183
2 0.808605 0.91199 0.146024 0.17375 0.911418
2 0.850028 0.838815 0.177322 0.207242 0.865055
2 0.909757 0.188064 0.0852341 0.0775692 0.814112
2 0.937602 0.661765 0.124413 0.118854 0.749629
2 0.964329 0.531439 0.0706692 0.0640147 0.747563
7 0.807383 0.111931 0.0950407 0.103342 0.735676
2 0.807133 0.221802 0.0646145 0.0756271 0.702212
13 0.152696 0.635255 0.0697314 0.0814651 0.578916
2 0.111162 0.723784 0.0626812 0.0844065 0.540545
13 0.361701 0.946625 0.0831685 0.101666 0.540532
56 0.18109 0.949114 0.0699755 0.0957638 0.525711
2 0.955096 0.595179 0.0882339 0.0943704 0.509879
13 0.272484 0.800637 0.0620649 0.0693997 0.448981
13 0.0194286 0.704844 0.0387722 0.0860213 0.420422
13 0.136272 0.886633 0.0639551 0.0814521 0.369905
13 0.261252 0.774476 0.0714368 0.0826216 0.368846
13 0.31064 0.875232 0.0643333 0.0816257 0.351978
13 0.176057 0.510691 0.0705955 0.0783922 0.319719
2 0.970947 0.476742 0.0571659 0.0818403 0.318966
13 0.231273 0.738794 0.0556979 0.0701087 0.316854
2 0.709189 0.955277 0.0693945 0.0853132 0.315468
13 0.0688657 0.780281 0.05819 0.079641 0.29549
13 0.108706 0.82403 0.0607149 0.0735148 0.285786
60 0.136041 0.887133 0.0630787 0.0810835 0.273434
56 0.109396 0.825698 0.0641329 0.0780496 0.266065
2 0.990272 0.422327 0.0187275 0.0530473 0.265554
2 0.746553 0.955013 0.153509 0.0899729 0.265348
13 0.19022 0.663999 0.067984 0.0802831 0.2567
13 0.147877 0.912128 0.0507552 0.0694327 0.251909
