2 0.877167 0.768465 0.131627 0.141772 0.931311
2 0.919763 0.717318 0.136685 0.141011 0.909951
2 0.808633 0.911929 0.146104 0.173583 0.905552
2 0.85013 0.839861 0.177267 0.206615 0.863896
2 0.909859 0.188223 0.0851112 0.0783176 0.795735
7 0.80727 0.111139 0.0947933 0.101568 0.754928
2 0.964351 0.531334 0.0706211 0.0634501 0.730594
2 0.807088 0.221456 0.0648668 0.0751635 0.725198
2 0.937526 0.661393 0.124845 0.118071 0.682927
13 0.153257 0.635591 0.0694589 0.0816532 0.586164
56 0.180497 0.949528 0.0688736 0.0958167 0.558549
2 0.111271 0.7243 0.0619028 0.0834423 0.546393
13 0.361661 0.946642 0.0824623 0.101724 0.529039
13 0.272587 0.801397 0.0622399 0.0702433 0.494414
2 0.955182 0.594972 0.0881916 0.0933483 0.464497
13 0.0189554 0.705083 0.0378533 0.0863475 0.438321
13 0.136175 0.887704 0.0641706 0.0833767 0.379101
13 0.310812 0.875535 0.0638174 0.08108 0.369108
13 0.176125 0.511233 0.0705893 0.0787539 0.352099
2 0.709236 0.955335 0.0687437 0.0848929 0.333175
13 0.261533 0.775272 0.0719536 0.0830773 0.329782
13 0.230937 0.739179 0.0553139 0.070285 0.313571
13 0.108537 0.824439 0.0600112 0.0740458 0.302259
56 0.109697 0.826522 0.0637982 0.0788137 0.299816
2 0.970943 0.476763 0.0572506 0.0820987 0.290085
2 0.990665 0.421407 0.0179529 0.051261 0.268257
13 0.0685258 0.781308 0.056298 0.0815735 0.266448
13 0.219573 0.715895 0.0679532 0.0812508 0.265804
