2 0.877251 0.768406 0.131811 0.141467 0.933032
2 0.921084 0.715335 0.133688 0.14189 0.913821
2 0.808582 0.911878 0.146251 0.174029 0.906359
2 0.850008 0.839691 0.177239 0.208021 0.87029
2 0.909838 0.188073 0.0853291 0.0785109 0.80164
2 0.964057 0.531718 0.070923 0.0641064 0.742895
2 0.806903 0.221478 0.0652132 0.0755914 0.706847
7 0.807298 0.111338 0.0949081 0.102518 0.690834
2 0.937541 0.660261 0.124652 0.11639 0.653459
13 0.153048 0.634503 0.069177 0.0802665 0.631757
2 0.111339 0.723754 0.0626779 0.0833686 0.585798
56 0.180778 0.949416 0.0692163 0.0955298 0.560366
13 0.36165 0.946609 0.0825759 0.10152 0.541672
13 0.272327 0.8017 0.06197 0.0693153 0.464384
13 0.136126 0.886679 0.0638237 0.0815654 0.454233
2 0.746651 0.955612 0.153253 0.0887751 0.439087
2 0.955125 0.594336 0.0880476 0.0926534 0.435431
13 0.176152 0.510853 0.0706624 0.0783985 0.382602
2 0.970945 0.476911 0.0572327 0.0820111 0.367819
2 0.990595 0.422546 0.0180721 0.0536865 0.348841
56 0.109093 0.82563 0.063629 0.0788983 0.340188
13 0.261194 0.774716 0.0717267 0.0827535 0.3356
13 0.0687812 0.780739 0.0576397 0.079675 0.315576
13 0.310651 0.875421 0.0641507 0.0811181 0.314794
13 0.147728 0.912177 0.0510568 0.0704212 0.307753
13 0.108326 0.823837 0.0599837 0.074382 0.302559
60 0.13587 0.886978 0.0629581 0.0806515 0.302195
13 0.231579 0.739463 0.0553474 0.0714861 0.290427
13 0.0187706 0.704744 0.0371736 0.0846037 0.289414
13 0.189706 0.663641 0.0686934 0.0798972 0.272826
2 0.708921 0.955103 0.0695058 0.0847122 0.2535
