2 0.877137 0.768584 0.13145 0.141997 0.936928
2 0.919906 0.717418 0.13654 0.140614 0.913018
2 0.808754 0.912223 0.146325 0.173489 0.907302
2 0.850095 0.840431 0.177075 0.203724 0.86773
2 0.909765 0.188219 0.0848543 0.0777602 0.788479
7 0.807288 0.1114 0.0948046 0.102951 0.759336
2 0.964106 0.531304 0.0709061 0.0636326 0.747995
2 0.807373 0.220667 0.0648556 0.0746703 0.719473
2 0.937665 0.659894 0.124448 0.114951 0.697126
2 0.111303 0.723688 0.0622712 0.083492 0.622194
2 0.954749 0.595959 0.0897449 0.0952499 0.52342
13 0.361842 0.946559 0.0827109 0.10184 0.488274
56 0.180636 0.949689 0.0688781 0.0959615 0.484693
2 0.746336 0.955654 0.149959 0.0886919 0.456806
13 0.152985 0.63527 0.0699775 0.0815876 0.447567
13 0.136204 0.88725 0.0641415 0.0826826 0.385036
2 0.990749 0.422618 0.0177677 0.0534208 0.362788
13 0.273456 0.800809 0.0607532 0.0682685 0.332344
2 0.970937 0.476755 0.0572319 0.0818378 0.327427
13 0.107395 0.823783 0.0587025 0.071843 0.325581
13 0.175995 0.510947 0.0706523 0.0788362 0.307977
13 0.31106 0.875844 0.0641105 0.0813666 0.290158
13 0.0188889 0.70505 0.0373345 0.0847938 0.287127
60 0.135857 0.887287 0.0629508 0.0813829 0.282655
0 0.514589 0.210018 0.00630283 0.0441421 0.258964
