2 0.877154 0.768476 0.131554 0.14181 0.929501
2 0.919985 0.71737 0.136636 0.140756 0.912989
2 0.808626 0.912188 0.146098 0.1736 0.906323
2 0.849995 0.840952 0.177341 0.204498 0.851713
2 0.909714 0.188211 0.0852051 0.0781944 0.804902
2 0.964111 0.531093 0.0708588 0.063168 0.742526
2 0.807206 0.22169 0.0645802 0.0749942 0.723219
7 0.807289 0.111426 0.0949009 0.102739 0.719694
2 0.937434 0.660725 0.124545 0.115594 0.714478
13 0.152887 0.635222 0.0691874 0.0814221 0.618484
2 0.111452 0.724138 0.0624288 0.0841832 0.613056
56 0.181373 0.949148 0.0704807 0.0957129 0.557725
2 0.955085 0.590604 0.0881288 0.0864329 0.516931
13 0.361716 0.946717 0.0826409 0.101977 0.505291
13 0.273045 0.80055 0.0603672 0.0693024 0.466585
13 0.261186 0.774747 0.0714984 0.0825219 0.451008
13 0.175985 0.511113 0.0706604 0.0788187 0.434569
60 0.136477 0.887327 0.0646016 0.0828342 0.378698
56 0.10923 0.826477 0.0634263 0.0793755 0.365768
13 0.13671 0.887277 0.064329 0.0830836 0.365567
2 0.990724 0.422205 0.0178059 0.0532616 0.339953
13 0.0322348 0.550025 0.0641999 0.0767605 0.327949
13 0.0185795 0.704248 0.0367469 0.084857 0.326583
13 0.311395 0.875694 0.0627736 0.0813436 0.311661
13 0.231492 0.738977 0.0560175 0.0713801 0.30415
2 0.70948 0.955332 0.0703962 0.0850825 0.298802
13 0.217865 0.715257 0.0674328 0.0805779 0.296499
13 0.190978 0.666083 0.0712478 0.0841136 0.286041
2 0.748759 0.956126 0.149468 0.0868335 0.272647
13 0.249053 0.586674 0.061819 0.0726956 0.265867
2 0.923945 0.674462 0.13353 0.118334 0.26475
56 0.068389 0.781081 0.0548069 0.0804142 0.258546
2 0.97089 0.47705 0.0572868 0.0816937 0.257238
