2 0.877304 0.768473 0.131937 0.141887 0.931021
2 0.919916 0.717193 0.136713 0.140618 0.913917
2 0.808478 0.911942 0.146008 0.17343 0.906023
2 0.85004 0.839576 0.177511 0.20641 0.863618
2 0.909694 0.187829 0.0851278 0.0775303 0.803504
2 0.964386 0.531008 0.070532 0.0630888 0.747783
2 0.807125 0.221977 0.0644581 0.0750518 0.720602
2 0.937518 0.660741 0.124493 0.117283 0.70398
7 0.807301 0.11167 0.0949274 0.103044 0.695769
13 0.153238 0.634917 0.0686667 0.0807158 0.636103
56 0.180478 0.949387 0.0687867 0.0951253 0.563541
13 0.272533 0.801351 0.0613905 0.0701928 0.548997
13 0.36171 0.946624 0.082657 0.101684 0.536967
2 0.111764 0.723928 0.0628415 0.0839154 0.521176
2 0.955078 0.593305 0.0884537 0.0913035 0.476546
13 0.261304 0.774706 0.0711642 0.08249 0.425527
13 0.0188575 0.705234 0.0376177 0.0862625 0.423889
13 0.136242 0.887023 0.0638173 0.0821845 0.378465
13 0.176182 0.511012 0.0707198 0.0786021 0.37547
2 0.708548 0.955456 0.0693092 0.0845262 0.374199
13 0.231509 0.737641 0.0560556 0.0680596 0.358796
13 0.310583 0.875056 0.0644221 0.0809887 0.330863
13 0.10718 0.823232 0.0585876 0.0712097 0.321488
56 0.108657 0.824569 0.0626586 0.0766747 0.310767
58 0.456501 0.261186 0.0380882 0.0481062 0.305419
2 0.970933 0.476265 0.0572235 0.0821895 0.296805
60 0.135978 0.886847 0.0632326 0.081743 0.295354
13 0.18965 0.664003 0.0682461 0.0810486 0.291815
2 0.990653 0.421954 0.0179703 0.0528151 0.285907
13 0.0386527 0.563843 0.0502036 0.058051 0.281732
13 0.217846 0.714825 0.0664199 0.0791514 0.279501
13 0.251915 0.595453 0.0688801 0.0904256 0.274388
56 0.137502 0.888884 0.0669702 0.0854479 0.271302
2 0.76578 0.962942 0.113278 0.0709052 0.262156
13 0.147697 0.911861 0.0509439 0.0691218 0.254383
