2 0.877203 0.768671 0.131696 0.142136 0.933551
2 0.808603 0.911999 0.146048 0.173799 0.909678
2 0.919831 0.717228 0.136785 0.141157 0.908929
2 0.84998 0.839373 0.177419 0.206554 0.868518
2 0.909811 0.188228 0.0851725 0.0781475 0.794785
2 0.964107 0.531316 0.0709196 0.0639327 0.759657
2 0.937513 0.661694 0.124618 0.117375 0.736821
2 0.807144 0.221557 0.0648142 0.0751247 0.70899
7 0.807211 0.111353 0.0947678 0.10197 0.648044
13 0.152968 0.634549 0.0695558 0.0804192 0.577731
2 0.955121 0.592303 0.088253 0.0882495 0.576182
56 0.180643 0.949657 0.068936 0.0955305 0.544874
13 0.361688 0.946519 0.0825217 0.101432 0.52057
13 0.176171 0.510708 0.0704881 0.078607 0.498665
13 0.272777 0.800972 0.0618091 0.0703522 0.441704
13 0.136113 0.886283 0.0637553 0.0811498 0.403157
13 0.261024 0.774606 0.0716012 0.0826084 0.359196
2 0.9907 0.421239 0.0178633 0.0510757 0.350609
2 0.746856 0.955578 0.154001 0.0888433 0.34415
13 0.108174 0.823793 0.059916 0.0716895 0.343929
60 0.135884 0.886295 0.063154 0.0810528 0.339018
13 0.231699 0.737552 0.0557016 0.0681271 0.31949
2 0.970932 0.476624 0.0572365 0.0821073 0.314191
2 0.111269 0.722404 0.0628546 0.0820767 0.309546
13 0.310633 0.87498 0.0645089 0.0816735 0.30348
13 0.0689324 0.780149 0.0563816 0.0789008 0.297002
13 0.218099 0.714062 0.0661708 0.0777235 0.29531
56 0.108973 0.825452 0.0632571 0.0766144 0.292465
2 0.708434 0.955419 0.068578 0.0846581 0.289135
13 0.019048 0.705222 0.03771 0.0854679 0.28556
0 0.514565 0.210459 0.00627785 0.044581 0.279142
13 0.147766 0.912107 0.0509643 0.0693785 0.271801
13 0.251158 0.592585 0.0664515 0.0847395 0.27002
13 0.189451 0.663572 0.0676434 0.0796456 0.26436
