2 0.877216 0.7686 0.131657 0.142028 0.936621
2 0.920102 0.717248 0.135422 0.141003 0.910223
2 0.80858 0.91188 0.146146 0.173824 0.910139
2 0.850003 0.838741 0.177184 0.208345 0.875113
2 0.909741 0.187963 0.0850536 0.0773257 0.8169
2 0.807295 0.221073 0.064632 0.0753697 0.748063
2 0.964054 0.531126 0.0709972 0.0633306 0.747501
2 0.937568 0.660259 0.124229 0.115193 0.715873
7 0.807253 0.112076 0.0950407 0.103688 0.692003
13 0.152936 0.635194 0.0692197 0.0818546 0.642044
13 0.361624 0.946614 0.0826621 0.101407 0.571592
56 0.180628 0.94937 0.0687569 0.0954739 0.564201
2 0.111305 0.723052 0.0621308 0.0822923 0.557666
2 0.955045 0.59623 0.0884264 0.0969874 0.52604
2 0.747529 0.955633 0.150939 0.0887344 0.430296
13 0.261288 0.774825 0.0712987 0.0820938 0.420382
13 0.272758 0.799771 0.0601501 0.0682793 0.4106
2 0.990612 0.42127 0.0180277 0.0519414 0.373023
13 0.231512 0.73755 0.056579 0.0687646 0.366954
13 0.136895 0.886756 0.0648823 0.0826874 0.362418
60 0.136686 0.886823 0.065026 0.0826372 0.360951
13 0.176253 0.510606 0.0704936 0.0788445 0.341307
13 0.0186515 0.704826 0.0368808 0.0844145 0.326648
2 0.970942 0.476927 0.0572226 0.0807534 0.324078
13 0.311015 0.875534 0.063344 0.0817291 0.317662
56 0.108794 0.82539 0.0624259 0.0763502 0.31441
13 0.107854 0.82331 0.0596621 0.0732496 0.308344
13 0.218163 0.7143 0.0671349 0.078024 0.306809
13 0.0322034 0.550384 0.0637235 0.0755751 0.295516
13 0.191005 0.666582 0.071795 0.0843818 0.294493
0 0.514439 0.209895 0.00643368 0.0442618 0.27358
0 0.738782 0.674679 0.0379942 0.0621787 0.257988
2 0.7098 0.955052 0.0669678 0.0839884 0.253213
13 0.25106 0.59206 0.0658574 0.0831046 0.253097
