2 0.877196 0.768416 0.131763 0.141715 0.930507
2 0.91991 0.717108 0.136483 0.140888 0.914804
2 0.80859 0.912068 0.146092 0.173502 0.900929
2 0.850063 0.839796 0.177271 0.207148 0.862466
2 0.90986 0.188051 0.0849102 0.0780735 0.806905
2 0.964154 0.531438 0.0707462 0.0637267 0.739987
2 0.807262 0.220718 0.0644468 0.0745137 0.728636
7 0.807274 0.111552 0.094808 0.102921 0.696133
2 0.937627 0.660734 0.124561 0.116139 0.663764
13 0.153132 0.635442 0.0691253 0.0812566 0.567107
2 0.111454 0.722928 0.0622004 0.0820106 0.55162
13 0.361589 0.946487 0.0824729 0.101176 0.532888
2 0.955115 0.590793 0.088121 0.0863901 0.531893
56 0.180211 0.949227 0.0683839 0.0952206 0.504425
2 0.746198 0.955723 0.15126 0.0885547 0.437596
60 0.136037 0.886225 0.0634037 0.0807214 0.433595
13 0.27264 0.801192 0.0615041 0.069751 0.42954
13 0.136095 0.886327 0.0629318 0.0811981 0.367289
13 0.311375 0.875756 0.0631969 0.0819541 0.362798
13 0.0191349 0.704893 0.0378652 0.0858666 0.358118
13 0.176096 0.510802 0.0705845 0.0786079 0.347538
2 0.970867 0.47632 0.0574253 0.0826795 0.339784
2 0.990696 0.420742 0.0178738 0.0499912 0.325748
13 0.231415 0.739571 0.0555164 0.0712816 0.315069
13 0.261341 0.774536 0.071738 0.0829196 0.29977
56 0.109116 0.82521 0.0626744 0.0769338 0.290941
13 0.147931 0.912372 0.0507107 0.0699307 0.288114
13 0.108471 0.823864 0.0593455 0.0729357 0.275446
2 0.709339 0.955176 0.0693053 0.0848514 0.271396
