2 0.877183 0.768603 0.131593 0.141981 0.931864
2 0.919967 0.717583 0.136875 0.14043 0.906304
2 0.808568 0.91195 0.145947 0.173697 0.899912
2 0.850087 0.839605 0.177146 0.207679 0.867339
2 0.909811 0.187742 0.0849026 0.0774262 0.802524
2 0.964433 0.531285 0.0704739 0.0635892 0.748928
2 0.80746 0.2213 0.0646558 0.0741605 0.719585
7 0.807293 0.110845 0.0947687 0.101975 0.70256
2 0.937481 0.660208 0.124361 0.115157 0.677399
13 0.153132 0.635173 0.0689263 0.0811403 0.616907
56 0.180497 0.949456 0.0688426 0.09598 0.557181
13 0.361689 0.946503 0.0823982 0.101928 0.541973
13 0.272652 0.801703 0.0625797 0.0705246 0.53155
2 0.955172 0.595894 0.0880897 0.0955616 0.470965
60 0.136198 0.887953 0.0639356 0.0839678 0.451809
13 0.136287 0.887698 0.0636325 0.083824 0.403231
2 0.111271 0.723801 0.0615893 0.083611 0.398377
13 0.312063 0.875419 0.061528 0.0812483 0.385915
2 0.708205 0.954927 0.0700277 0.0859341 0.36786
13 0.0193354 0.704632 0.0386458 0.085044 0.360969
13 0.261229 0.774742 0.0720033 0.0826587 0.353993
2 0.970861 0.47667 0.0573875 0.0824534 0.329323
13 0.251839 0.594193 0.0683585 0.0866004 0.324761
2 0.990759 0.422161 0.0177452 0.0525002 0.323721
13 0.108456 0.824032 0.0589243 0.0727441 0.319555
13 0.231418 0.737824 0.055254 0.0682558 0.30016
56 0.109495 0.825861 0.0623542 0.0775658 0.282259
13 0.0684345 0.780714 0.0559931 0.0796321 0.278818
13 0.176014 0.51099 0.0708189 0.0786826 0.277335
13 0.0328168 0.55165 0.062615 0.0771011 0.27609
13 0.1898 0.663823 0.0681565 0.0805279 0.258373
