2 0.877254 0.76838 0.131828 0.141488 0.932773
2 0.919931 0.717421 0.136393 0.140835 0.909943
2 0.808552 0.912092 0.146127 0.173596 0.909404
2 0.850102 0.839538 0.177057 0.206509 0.869867
2 0.909794 0.187483 0.0849398 0.0767043 0.83118
2 0.964097 0.53128 0.0708736 0.0632867 0.748812
2 0.807131 0.221475 0.06521 0.0748719 0.722723
2 0.937517 0.661589 0.124373 0.118667 0.722398
7 0.80733 0.111605 0.0950066 0.103128 0.681855
13 0.152612 0.63475 0.0698735 0.080761 0.629574
56 0.180427 0.949253 0.0687865 0.0953538 0.570257
13 0.361619 0.946412 0.0827285 0.101639 0.522412
2 0.955089 0.596019 0.0882732 0.0962115 0.502353
13 0.272323 0.801268 0.061995 0.070109 0.48901
60 0.135978 0.885819 0.0634819 0.0800732 0.415231
13 0.176072 0.510607 0.0707596 0.0783959 0.397377
13 0.261259 0.774338 0.0720225 0.081975 0.39657
2 0.111217 0.723006 0.0616124 0.0833995 0.382842
13 0.231637 0.737609 0.0560583 0.0680332 0.366478
2 0.970907 0.47705 0.0574104 0.0808583 0.359463
2 0.746289 0.95577 0.15231 0.0884606 0.358643
13 0.136033 0.886021 0.0629574 0.0807185 0.353858
13 0.312183 0.875412 0.0613596 0.0810816 0.349678
13 0.217888 0.714187 0.066379 0.0783798 0.313702
13 0.108371 0.822402 0.0617896 0.0733351 0.313391
2 0.990619 0.421314 0.0180357 0.0513508 0.304257
13 0.189467 0.664195 0.0692542 0.0812463 0.301997
2 0.709376 0.955505 0.069541 0.0845898 0.301955
58 0.45671 0.261533 0.0377546 0.0485504 0.29874
13 0.147683 0.912371 0.0512378 0.0707306 0.297878
56 0.108583 0.82435 0.0641877 0.0766869 0.295379
13 0.0671434 0.779901 0.0592043 0.078185 0.293113
13 0.250909 0.588998 0.0660933 0.0773804 0.278283
13 0.0185806 0.704496 0.0368889 0.0851298 0.26308
