2 0.877245 0.768655 0.131768 0.141938 0.935662
2 0.919839 0.717244 0.136534 0.141228 0.913206
2 0.808596 0.911847 0.146066 0.173668 0.906641
2 0.849899 0.838562 0.177657 0.208886 0.866915
2 0.909675 0.18788 0.0850313 0.0770897 0.823805
2 0.964126 0.530912 0.0708092 0.0628795 0.760222
2 0.807221 0.221387 0.0642584 0.0760189 0.721096
2 0.937553 0.662256 0.124691 0.118717 0.713374
7 0.807405 0.112054 0.0947184 0.103036 0.704986
2 0.955132 0.592122 0.0882057 0.0891117 0.594192
2 0.111042 0.723073 0.0624886 0.0815369 0.592777
56 0.180738 0.949461 0.0691593 0.0955205 0.52124
13 0.153008 0.63486 0.0694379 0.0805859 0.518428
13 0.361797 0.946616 0.0825749 0.102054 0.497419
13 0.176058 0.511194 0.0707066 0.0789995 0.420388
13 0.136237 0.887117 0.0641233 0.0823941 0.41735
13 0.261387 0.774742 0.0717702 0.0820841 0.364787
2 0.971059 0.476806 0.0569479 0.0822106 0.364479
13 0.310637 0.87543 0.0645514 0.0813226 0.348047
2 0.990679 0.422493 0.0179037 0.05332 0.340001
13 0.231178 0.738857 0.0558408 0.0711185 0.337906
13 0.108784 0.823444 0.0611955 0.0741833 0.336948
2 0.709275 0.954953 0.0687259 0.0850317 0.317223
0 0.514299 0.210252 0.00686989 0.0451093 0.308717
13 0.272057 0.799535 0.0610893 0.0667504 0.296899
56 0.10909 0.825447 0.0632748 0.0774658 0.27913
60 0.135848 0.887211 0.0628618 0.0811932 0.265265
13 0.0186912 0.704837 0.0369484 0.0851856 0.261203
2 0.748385 0.955975 0.148239 0.0871418 0.258455
