2 0.877233 0.76864 0.131692 0.142261 0.935959
2 0.920028 0.717176 0.136554 0.14093 0.912953
2 0.808589 0.911953 0.145978 0.173616 0.911495
2 0.850019 0.839753 0.177224 0.207343 0.87278
2 0.909798 0.187964 0.0851562 0.0778357 0.802252
7 0.807298 0.111324 0.0948809 0.102576 0.780349
2 0.807352 0.22044 0.0644787 0.0745684 0.770898
2 0.964122 0.531343 0.070874 0.0637278 0.7471
2 0.937373 0.6618 0.124802 0.117587 0.73956
13 0.153306 0.635181 0.0692821 0.0811678 0.656627
2 0.11121 0.723934 0.0616794 0.0833498 0.586101
2 0.954649 0.597631 0.0897783 0.0989726 0.578099
56 0.180847 0.948999 0.0693506 0.0959109 0.558758
13 0.361464 0.946577 0.0821783 0.101332 0.526221
13 0.272284 0.801469 0.0619181 0.0710912 0.524086
13 0.26117 0.774773 0.0716505 0.0825812 0.449716
60 0.136022 0.886739 0.0635106 0.0817173 0.437419
13 0.176026 0.511036 0.0706319 0.0793974 0.421309
13 0.231388 0.737457 0.0555936 0.0678274 0.40375
2 0.746446 0.955374 0.153601 0.0892512 0.401152
13 0.136014 0.886796 0.0630239 0.0820672 0.376644
13 0.310938 0.875346 0.0638075 0.0816159 0.374834
2 0.99062 0.421672 0.0180252 0.051597 0.367618
13 0.0190163 0.705319 0.037602 0.0859233 0.353175
56 0.109079 0.825516 0.0624063 0.0766293 0.34861
13 0.218036 0.713844 0.0669161 0.0784164 0.323446
2 0.709144 0.955114 0.0697224 0.0851864 0.306996
2 0.970428 0.475947 0.0586212 0.084158 0.303906
13 0.108615 0.824408 0.0594911 0.0730553 0.30356
13 0.147893 0.912489 0.0507268 0.0696401 0.28001
13 0.0681236 0.780936 0.0558291 0.0802299 0.270859
13 0.190999 0.664519 0.0724285 0.0823136 0.269839
13 0.25041 0.587354 0.0651437 0.0730429 0.261907
