2 0.877246 0.768406 0.1318 0.141424 0.935488
2 0.919808 0.717152 0.136735 0.140532 0.912119
2 0.808613 0.912094 0.146129 0.17373 0.90929
2 0.850047 0.838894 0.177248 0.207655 0.869207
2 0.909781 0.187917 0.0852526 0.077744 0.794951
2 0.964088 0.531637 0.0709333 0.0641988 0.745853
2 0.937633 0.660381 0.124295 0.116341 0.725122
7 0.807233 0.111465 0.095109 0.10227 0.721133
2 0.80708 0.221166 0.0644913 0.0749087 0.711286
2 0.111235 0.723394 0.0626294 0.0837321 0.579802
13 0.152698 0.634536 0.0694716 0.0801183 0.571994
56 0.180811 0.94941 0.0695734 0.0959226 0.570112
13 0.361622 0.946615 0.0826735 0.101418 0.546371
2 0.955104 0.595097 0.0881401 0.0936639 0.478656
13 0.136058 0.886215 0.0633178 0.0808577 0.39311
13 0.272538 0.800611 0.0614017 0.0683543 0.391652
13 0.176208 0.510831 0.0703876 0.0788426 0.347298
56 0.108943 0.825249 0.0623648 0.0764102 0.346972
2 0.970877 0.476613 0.0573475 0.0815974 0.341857
13 0.310576 0.875063 0.0646625 0.0815989 0.33883
60 0.135884 0.886414 0.0625018 0.0796424 0.330231
2 0.709263 0.95509 0.0683599 0.085509 0.326348
2 0.746499 0.95522 0.15205 0.0895599 0.323983
13 0.261423 0.774678 0.0718307 0.0826094 0.313447
13 0.14788 0.912342 0.0513881 0.0709218 0.308272
2 0.990377 0.421938 0.0185108 0.0527198 0.294484
13 0.0192815 0.704796 0.0381673 0.0852237 0.291849
13 0.107516 0.824108 0.0590724 0.0712714 0.291114
13 0.231776 0.739696 0.0554896 0.0708811 0.279181
13 0.0683339 0.780032 0.0568048 0.0786784 0.276874
56 0.137077 0.887564 0.0660086 0.0835478 0.262392
13 0.190061 0.664129 0.0686861 0.0811893 0.256823
