2 0.877212 0.768384 0.131691 0.141409 0.933942
2 0.808596 0.912008 0.145909 0.173556 0.90688
2 0.92015 0.717437 0.135294 0.141128 0.90476
2 0.850078 0.839692 0.177313 0.206777 0.866286
2 0.909752 0.188114 0.0850109 0.0781431 0.828795
2 0.807153 0.221417 0.0645096 0.0757904 0.763752
2 0.937643 0.661927 0.124141 0.117954 0.762671
2 0.964133 0.531169 0.0708803 0.0636319 0.755019
7 0.807261 0.111656 0.0950176 0.102939 0.687598
2 0.955112 0.596928 0.0882683 0.0986863 0.575747
2 0.111174 0.7233 0.0622454 0.0838097 0.557312
56 0.180599 0.949584 0.0690179 0.0959174 0.544781
13 0.152796 0.634773 0.0694972 0.0803268 0.531227
13 0.361724 0.946518 0.0827294 0.101633 0.498979
60 0.136077 0.886805 0.063582 0.0816413 0.403049
2 0.745878 0.955369 0.153206 0.0892629 0.352639
13 0.136228 0.886901 0.063267 0.0821944 0.352458
13 0.176228 0.5106 0.0702827 0.0787311 0.334219
2 0.970903 0.476508 0.0572573 0.0820828 0.331645
2 0.708715 0.955346 0.0696627 0.08516 0.329709
13 0.311002 0.875278 0.0639683 0.0812892 0.328578
13 0.191101 0.665716 0.0726979 0.0836919 0.326566
13 0.272099 0.799883 0.0608352 0.0659841 0.324015
13 0.231488 0.739319 0.0558799 0.0716451 0.323781
2 0.990748 0.422598 0.0177898 0.0530358 0.317825
13 0.261382 0.774788 0.0720495 0.0827944 0.309498
56 0.109332 0.825706 0.0631633 0.0772346 0.272416
13 0.108584 0.824104 0.0598821 0.0728082 0.269286
13 0.0191458 0.705261 0.037987 0.0851593 0.262015
13 0.068697 0.780387 0.058145 0.0797672 0.252611
