2 0.877089 0.768475 0.131515 0.141733 0.933105
2 0.919868 0.717369 0.136854 0.141527 0.909397
2 0.808737 0.91202 0.14634 0.173898 0.904273
2 0.850035 0.839855 0.177242 0.206589 0.863434
2 0.909795 0.188134 0.0849279 0.0780109 0.809314
2 0.807286 0.221467 0.0644545 0.0753959 0.747905
2 0.964133 0.531631 0.0708313 0.0642103 0.74347
7 0.807309 0.111536 0.0948847 0.103453 0.701068
2 0.937507 0.660385 0.124514 0.11427 0.700789
2 0.111329 0.724468 0.0625632 0.0844754 0.679233
2 0.955113 0.592262 0.0883005 0.0888594 0.555214
56 0.180677 0.949583 0.0689208 0.0961551 0.547231
13 0.152762 0.635457 0.0701174 0.081436 0.543776
13 0.361262 0.946538 0.0817643 0.101419 0.470057
2 0.746846 0.955722 0.152167 0.0885564 0.436335
60 0.136464 0.88805 0.0646737 0.0846598 0.394625
13 0.0193892 0.70486 0.0387784 0.0857368 0.384507
2 0.990552 0.421545 0.0181578 0.0510141 0.365554
13 0.136675 0.887812 0.0646287 0.0844642 0.361211
2 0.970904 0.476648 0.0573456 0.0819734 0.339208
58 0.456678 0.261449 0.0378429 0.0485669 0.315879
13 0.175954 0.510632 0.0704841 0.0776706 0.30485
56 0.109873 0.827535 0.0642572 0.0813922 0.294272
13 0.261283 0.775305 0.0718515 0.0831914 0.292228
13 0.311097 0.87587 0.0637051 0.0812951 0.284041
13 0.272374 0.799693 0.0607726 0.0661669 0.272942
2 0.70955 0.955303 0.0698065 0.0852678 0.267685
13 0.231282 0.737855 0.055407 0.0685159 0.259844
