2 0.877192 0.768703 0.13158 0.14215 0.933341
2 0.919854 0.717237 0.13647 0.14087 0.914107
2 0.808596 0.912011 0.146004 0.173698 0.907727
2 0.850062 0.839024 0.177311 0.207774 0.866427
2 0.909827 0.188 0.0849575 0.0774339 0.823291
2 0.964078 0.530986 0.0709408 0.06299 0.761925
2 0.937581 0.662492 0.124487 0.118603 0.747649
2 0.807484 0.221133 0.0645615 0.0754374 0.735869
7 0.80734 0.111329 0.0950123 0.101942 0.710443
13 0.361876 0.946722 0.0827942 0.101613 0.580119
56 0.180703 0.949386 0.0689621 0.0955701 0.578096
13 0.153135 0.634789 0.0694901 0.0807179 0.536638
2 0.954998 0.591307 0.0883539 0.0874405 0.529564
2 0.111778 0.723326 0.0635975 0.0835327 0.512455
13 0.176224 0.510872 0.0707119 0.0799143 0.491318
2 0.747617 0.955756 0.152121 0.0884886 0.462643
13 0.26126 0.774724 0.0714124 0.0818634 0.46039
13 0.136485 0.888008 0.0648577 0.0843221 0.423984
13 0.310542 0.875517 0.06418 0.0809246 0.403601
13 0.272082 0.799558 0.0602124 0.0671892 0.39778
2 0.970977 0.476921 0.0571678 0.081793 0.379932
13 0.231656 0.739032 0.0561388 0.0709273 0.377978
13 0.0189475 0.705212 0.0374438 0.0857912 0.357689
13 0.190908 0.665812 0.0731654 0.0857466 0.352319
13 0.21837 0.714459 0.066934 0.0787276 0.317378
13 0.108453 0.824301 0.0599592 0.0742676 0.311743
56 0.109066 0.826105 0.0636391 0.0785136 0.296914
2 0.990472 0.420897 0.0183229 0.0512111 0.282172
60 0.136097 0.888263 0.0634654 0.0836292 0.257506
