2 0.877222 0.768682 0.131655 0.141915 0.937685
2 0.80859 0.911995 0.146169 0.173699 0.909656
2 0.920147 0.717246 0.135441 0.140865 0.906984
2 0.850043 0.839503 0.17713 0.208469 0.873619
2 0.909725 0.187962 0.0850861 0.0775307 0.807409
2 0.964114 0.531033 0.0708843 0.0629245 0.751769
2 0.93746 0.661963 0.124487 0.117303 0.748999
2 0.807138 0.221137 0.0646206 0.075067 0.698824
7 0.807299 0.111767 0.0948201 0.102976 0.667226
13 0.152849 0.634817 0.0695154 0.0809681 0.583419
13 0.361587 0.946445 0.0828576 0.101472 0.562004
2 0.111392 0.723611 0.0630065 0.0839176 0.556233
2 0.95505 0.595851 0.0883974 0.0971087 0.553338
56 0.180567 0.949556 0.0688469 0.0955546 0.543803
13 0.272727 0.801093 0.0609781 0.0696781 0.461437
13 0.176105 0.510905 0.0705736 0.078788 0.404814
13 0.136349 0.886831 0.0643164 0.0820106 0.396074
13 0.261055 0.774858 0.0715071 0.0821811 0.36719
2 0.709008 0.955201 0.0676266 0.0845303 0.330261
13 0.0187155 0.70489 0.0370361 0.0836458 0.320221
2 0.971031 0.476265 0.0569639 0.0823377 0.299958
56 0.108998 0.82533 0.0636735 0.0786133 0.29682
13 0.31166 0.875391 0.0625226 0.0816098 0.296074
13 0.108753 0.823664 0.0615607 0.0761227 0.284715
13 0.190672 0.665859 0.0723258 0.0835002 0.284363
13 0.231375 0.739364 0.0560302 0.0714698 0.273539
13 0.249533 0.587829 0.0629189 0.0746235 0.271095
13 0.147745 0.912071 0.0512289 0.0689429 0.270649
60 0.136051 0.887204 0.0632886 0.0813497 0.269523
2 0.990826 0.421633 0.0176353 0.0516817 0.259199
0 0.514342 0.209949 0.00641069 0.0451242 0.254242
2 0.748683 0.956124 0.148302 0.0866314 0.252439
