2 0.877255 0.768677 0.131727 0.142109 0.935617
2 0.919856 0.717374 0.136617 0.140253 0.91222
2 0.808583 0.911945 0.146137 0.173844 0.911886
2 0.850034 0.838571 0.17735 0.207452 0.862757
2 0.909624 0.187602 0.0853664 0.0773905 0.81219
2 0.807145 0.221405 0.0644199 0.0748547 0.740149
2 0.964167 0.531187 0.070676 0.0630719 0.739745
2 0.937449 0.66068 0.124487 0.115348 0.727084
7 0.807287 0.110993 0.0948153 0.10184 0.726766
2 0.110932 0.723217 0.061696 0.083552 0.575937
13 0.152979 0.635571 0.0696948 0.0821025 0.553443
13 0.361604 0.946629 0.0824235 0.101733 0.552118
56 0.180502 0.949292 0.0688546 0.095646 0.518692
2 0.955018 0.589514 0.08794 0.0841979 0.495831
13 0.175988 0.511159 0.0708287 0.0790134 0.482308
60 0.136309 0.886874 0.0642085 0.081959 0.438388
13 0.272495 0.800816 0.0595718 0.0680089 0.427318
13 0.231077 0.738278 0.0558824 0.0693054 0.417077
13 0.261256 0.775039 0.0713364 0.0828396 0.401782
13 0.136467 0.88715 0.0640043 0.0827467 0.383552
13 0.0183204 0.704555 0.0365763 0.087227 0.359881
2 0.970957 0.476952 0.0572124 0.0809742 0.357449
13 0.31084 0.875199 0.0641545 0.0809499 0.351657
2 0.990545 0.422603 0.0181583 0.0532398 0.332006
13 0.108433 0.823807 0.0610139 0.0749864 0.327003
56 0.108872 0.825206 0.0628814 0.0770372 0.302409
2 0.746752 0.955129 0.15246 0.0897419 0.294401
13 0.0700191 0.782331 0.059459 0.0841029 0.291793
13 0.190039 0.664985 0.0679097 0.082282 0.281061
13 0.217851 0.713991 0.0663659 0.0784181 0.271534
2 0.709258 0.955098 0.0688101 0.0851237 0.270092
13 0.1478 0.911743 0.050666 0.0683638 0.262991
