2 0.877337 0.768519 0.131855 0.14174 0.934602
2 0.919836 0.71754 0.136703 0.140877 0.912831
2 0.808455 0.912081 0.146244 0.173669 0.908941
2 0.850002 0.838961 0.177485 0.207266 0.863586
2 0.909817 0.188025 0.0849659 0.0772853 0.814379
2 0.937507 0.660659 0.124429 0.117752 0.761166
2 0.964102 0.531363 0.0708279 0.0637839 0.752853
7 0.807307 0.111528 0.0948445 0.102932 0.73
2 0.807017 0.221591 0.0647671 0.0753024 0.727359
13 0.153167 0.635208 0.0693086 0.0819173 0.610991
56 0.181278 0.949133 0.0703321 0.095819 0.576378
13 0.361494 0.946598 0.0827184 0.101545 0.551515
13 0.272451 0.801292 0.0620514 0.0697767 0.499985
2 0.111179 0.723688 0.0622179 0.0844669 0.477667
2 0.955064 0.592868 0.0882069 0.0896464 0.413107
13 0.13628 0.886599 0.0640625 0.0815223 0.388228
13 0.261225 0.774215 0.0716006 0.0824683 0.386622
2 0.990624 0.422428 0.0180073 0.0529687 0.381832
13 0.231748 0.737367 0.0562448 0.0676517 0.375075
2 0.97087 0.476784 0.0574127 0.0818077 0.355279
56 0.109093 0.825791 0.0642903 0.077407 0.355202
13 0.311805 0.875171 0.0623874 0.0812982 0.350448
2 0.746254 0.955592 0.152222 0.0888163 0.349098
13 0.18989 0.664935 0.0689133 0.0826457 0.32789
2 0.708991 0.955504 0.0697918 0.0846441 0.315734
13 0.175983 0.511165 0.0704616 0.0789927 0.315176
13 0.0189189 0.704723 0.0374329 0.0846968 0.312829
13 0.109061 0.823619 0.0619569 0.07394 0.311005
13 0.21815 0.714075 0.0666657 0.077959 0.306117
13 0.0678955 0.779273 0.0573333 0.0774696 0.299079
0 0.514568 0.209813 0.00596104 0.044689 0.297745
60 0.136029 0.886969 0.0632027 0.0808258 0.288024
13 0.147759 0.912249 0.0512255 0.0703701 0.28372
13 0.456261 0.688949 0.0404369 0.0518714 0.275445
58 0.456709 0.261217 0.0375184 0.0478618 0.264507
13 0.0389232 0.563176 0.050278 0.0596282 0.253707
