2 0.877133 0.768322 0.131438 0.14142 0.933461
2 0.920127 0.717372 0.135272 0.14114 0.907461
2 0.80874 0.912128 0.146316 0.173618 0.905575
2 0.850034 0.838976 0.177126 0.207245 0.86305
2 0.90979 0.187893 0.085074 0.0777683 0.811779
2 0.96448 0.531133 0.0703367 0.0631114 0.738732
2 0.937531 0.66086 0.124369 0.115642 0.730355
2 0.807231 0.220475 0.0649759 0.0745819 0.728339
7 0.807307 0.111002 0.0948456 0.101801 0.722218
2 0.111427 0.722777 0.0621008 0.0816998 0.56745
13 0.152736 0.635108 0.0697205 0.0814409 0.551343
2 0.954787 0.597139 0.0896557 0.0981586 0.543063
13 0.361645 0.946359 0.0825268 0.101919 0.494327
56 0.180559 0.949504 0.0688836 0.0957258 0.458706
13 0.136078 0.886745 0.0637728 0.0817067 0.414932
13 0.019062 0.704808 0.0380348 0.0861577 0.406282
13 0.310752 0.875543 0.0642841 0.0813722 0.377706
13 0.272632 0.800768 0.0607099 0.0676205 0.376492
13 0.10871 0.825009 0.0595308 0.0737606 0.373324
13 0.176286 0.510834 0.0705947 0.0788305 0.358164
2 0.746032 0.955316 0.15209 0.0893682 0.348276
13 0.231221 0.73879 0.0563561 0.0702779 0.33738
13 0.0707579 0.783816 0.060637 0.085719 0.295123
2 0.990672 0.421275 0.0179359 0.0505807 0.290398
2 0.70891 0.955069 0.0690695 0.0853828 0.280378
13 0.261495 0.774816 0.0724651 0.0835459 0.276428
56 0.109833 0.827381 0.0628418 0.0790104 0.265097
13 0.219444 0.715294 0.0680253 0.0804998 0.258104
2 0.970505 0.476587 0.058444 0.0820245 0.25754
60 0.135752 0.886961 0.0627293 0.0807012 0.256416
