2 0.877266 0.768586 0.131807 0.141848 0.933384
2 0.919865 0.717088 0.136522 0.14063 0.916412
2 0.808557 0.911905 0.146002 0.173559 0.910384
2 0.850152 0.839144 0.177266 0.207537 0.864472
2 0.90969 0.187583 0.085009 0.0765419 0.809728
2 0.964145 0.531322 0.070804 0.0634883 0.76209
2 0.807202 0.220897 0.0644471 0.0749211 0.742866
7 0.807295 0.111103 0.0947729 0.101897 0.728405
2 0.937586 0.661792 0.124448 0.117009 0.712757
13 0.153484 0.634603 0.069135 0.0802278 0.625791
2 0.111711 0.723753 0.0632021 0.0841061 0.603147
13 0.361742 0.946608 0.0828393 0.101889 0.584246
2 0.955104 0.591196 0.0883335 0.086746 0.583109
56 0.180694 0.949524 0.0690677 0.0959252 0.540071
13 0.019235 0.705018 0.0380575 0.0850937 0.480934
13 0.26112 0.774585 0.0715076 0.0817727 0.463452
13 0.136268 0.887305 0.0640905 0.0828807 0.435289
13 0.231488 0.73753 0.0561178 0.068418 0.431716
13 0.176097 0.510616 0.0704007 0.0780323 0.428438
2 0.709121 0.955218 0.0674684 0.0845884 0.421659
13 0.311007 0.875099 0.0634956 0.081084 0.401842
2 0.97084 0.477108 0.0573868 0.0813035 0.39068
13 0.272545 0.798996 0.0593107 0.0663761 0.370146
2 0.766096 0.963061 0.11363 0.0704302 0.3629
2 0.990636 0.422944 0.0179855 0.0550595 0.353683
13 0.108743 0.825657 0.0605087 0.0757309 0.340375
13 0.21821 0.714331 0.0662489 0.0780691 0.333166
13 0.456174 0.689225 0.0402599 0.0518616 0.330422
56 0.109281 0.827901 0.0635145 0.08125 0.302889
0 0.514549 0.21003 0.00649376 0.0442714 0.297218
13 0.298129 0.855786 0.0729133 0.102332 0.280954
13 0.190776 0.665314 0.0716053 0.0830027 0.270102
13 0.0321226 0.550331 0.0637068 0.0764535 0.26787
60 0.13596 0.887427 0.0628264 0.0817634 0.26238
