2 0.877302 0.768597 0.131869 0.141817 0.934437
2 0.808583 0.912065 0.146299 0.17383 0.911043
2 0.919751 0.717358 0.13653 0.141053 0.910801
2 0.85002 0.838815 0.177313 0.207509 0.871291
2 0.909699 0.187865 0.0851748 0.0771768 0.813072
7 0.807323 0.111513 0.0949963 0.102546 0.750018
2 0.964192 0.531216 0.0707319 0.063122 0.745943
2 0.807414 0.220911 0.0648479 0.0741894 0.733409
2 0.937509 0.660653 0.124488 0.115946 0.715053
2 0.111318 0.723276 0.0621344 0.0831877 0.606828
13 0.361369 0.946446 0.0820649 0.101726 0.593682
56 0.180565 0.949093 0.0688138 0.0952907 0.538864
2 0.955112 0.591146 0.0880543 0.086524 0.53783
13 0.272151 0.801533 0.0618697 0.0700021 0.507283
13 0.152963 0.634747 0.0698205 0.0809655 0.482178
60 0.136173 0.886928 0.0641064 0.0822052 0.476
13 0.175945 0.510888 0.0705641 0.0784469 0.460995
2 0.746287 0.95564 0.15194 0.0887195 0.441564
13 0.136309 0.886922 0.0638125 0.0824273 0.426795
13 0.231099 0.738289 0.0555345 0.0694402 0.418499
13 0.261211 0.774786 0.0709168 0.0823583 0.405028
13 0.31094 0.875195 0.0638301 0.0809608 0.38252
2 0.971073 0.476596 0.0569304 0.0813724 0.335711
13 0.0182431 0.704307 0.0360461 0.0862364 0.321577
13 0.108606 0.823509 0.0603445 0.0741269 0.319457
13 0.302208 0.861561 0.0793149 0.105681 0.30798
13 0.219495 0.715738 0.067971 0.0807056 0.29782
56 0.108964 0.824986 0.0621633 0.0767353 0.286352
2 0.990641 0.421596 0.0179947 0.0517824 0.285512
13 0.147663 0.911672 0.050777 0.0686228 0.278335
13 0.456335 0.688635 0.0401749 0.0515038 0.254075
