2 0.877196 0.768364 0.131705 0.141373 0.933596
2 0.919794 0.717063 0.136571 0.140649 0.922663
2 0.808529 0.91194 0.14601 0.173474 0.906297
2 0.850047 0.838675 0.177182 0.209087 0.870949
2 0.909654 0.188001 0.0851086 0.0773173 0.808178
2 0.964109 0.531007 0.0708895 0.0628205 0.76164
7 0.807216 0.111642 0.0950869 0.103136 0.754499
2 0.80731 0.220644 0.0648445 0.0744361 0.748375
2 0.937509 0.661778 0.124833 0.11717 0.735722
13 0.361793 0.946554 0.082641 0.101672 0.611407
2 0.955137 0.591572 0.0882301 0.0871009 0.588444
13 0.272815 0.800571 0.0613812 0.069281 0.557946
2 0.111437 0.723406 0.0621912 0.0816772 0.543542
13 0.153133 0.635445 0.0690088 0.0818171 0.526659
56 0.180736 0.949596 0.0690565 0.095537 0.481908
13 0.310564 0.875176 0.0642441 0.0812683 0.473161
13 0.136037 0.886193 0.0637787 0.0805979 0.450813
2 0.708881 0.955163 0.0676744 0.084852 0.441828
13 0.261443 0.774671 0.071654 0.0826925 0.419273
13 0.231431 0.737559 0.0562484 0.0683597 0.405424
13 0.0190209 0.70489 0.0376279 0.0848533 0.366496
13 0.175997 0.511006 0.0709469 0.0788968 0.359381
2 0.990613 0.422187 0.0180405 0.0530481 0.346841
13 0.108571 0.82454 0.0594604 0.0736698 0.342849
2 0.971003 0.477227 0.0571222 0.0811381 0.335371
13 0.147844 0.912474 0.050931 0.0696989 0.327451
2 0.766493 0.962463 0.114045 0.0716077 0.326644
60 0.135826 0.886612 0.0628351 0.0797333 0.313682
13 0.456078 0.689383 0.0401782 0.0522529 0.307037
13 0.219714 0.715666 0.0677802 0.0806654 0.302006
0 0.513903 0.209688 0.00742512 0.0448213 0.282274
56 0.109342 0.825968 0.0625971 0.0779494 0.28147
13 0.191186 0.666601 0.0717691 0.0852676 0.281018
13 0.29787 0.85592 0.0726454 0.102655 0.262566
