2 0.92127 0.715907 0.13356 0.14161 0.928669
2 0.87731 0.769311 0.132481 0.143424 0.927289
2 0.909926 0.188206 0.0851944 0.077186 0.792531
2 0.937389 0.661199 0.12476 0.117693 0.767745
2 0.964413 0.531805 0.0705439 0.0641539 0.75622
2 0.807361 0.221759 0.0649143 0.0771215 0.737716
2 0.850413 0.843372 0.177441 0.202671 0.715961
0 0.430169 0.623859 0.0164742 0.0751021 0.657736
7 0.807196 0.111492 0.0942434 0.10247 0.63999
13 0.361913 0.947 0.0826223 0.101348 0.638962
7 0.850361 0.843142 0.176404 0.203603 0.598925
13 0.271669 0.80182 0.063221 0.0709891 0.586654
2 0.749924 0.954924 0.148093 0.0864414 0.568186
0 0.340493 0.351377 0.0198604 0.0580308 0.560692
13 0.310951 0.875483 0.0633688 0.0840478 0.528717
56 0.181114 0.949501 0.0701395 0.0966651 0.518188
2 0.955205 0.594749 0.0882744 0.0956567 0.511633
0 0.513991 0.210759 0.00841217 0.0473044 0.470983
13 0.136116 0.888274 0.0643767 0.0850674 0.464275
13 0.152735 0.63687 0.0693153 0.0848775 0.456561
13 0.109432 0.829167 0.0609931 0.0818637 0.451526
13 0.231436 0.736226 0.0554525 0.0657566 0.419125
13 0.261202 0.775893 0.0706762 0.0812982 0.409349
13 0.0200444 0.704763 0.0398501 0.0885113 0.383261
2 0.970945 0.477593 0.0572315 0.08129 0.342088
58 0.456611 0.261846 0.0375862 0.0479631 0.340277
13 0.170971 0.502023 0.0591593 0.060011 0.32675
13 0.0702455 0.78362 0.0604376 0.0840535 0.322602
13 0.217741 0.71499 0.066827 0.0773588 0.317862
13 0.147815 0.912076 0.0512926 0.0702108 0.315435
13 0.200203 0.686148 0.0578785 0.0649869 0.309805
2 0.990524 0.423284 0.0182037 0.0523009 0.308919
13 0.0326342 0.550827 0.0639954 0.0762025 0.289208
13 0.251145 0.593411 0.0654937 0.0847587 0.284193
