2 0.877339 0.769095 0.132225 0.142816 0.929812
2 0.921501 0.715698 0.133796 0.142268 0.924304
2 0.93755 0.661448 0.124315 0.116817 0.804689
2 0.910062 0.188079 0.0851643 0.0772359 0.797272
2 0.964424 0.531561 0.0705326 0.0635937 0.728571
2 0.807383 0.222243 0.0646971 0.0765344 0.717443
2 0.850375 0.842521 0.177695 0.20533 0.684047
7 0.807194 0.112144 0.0946194 0.102741 0.658908
7 0.850334 0.842959 0.176812 0.204683 0.648064
13 0.361925 0.946928 0.083038 0.101807 0.62789
0 0.429855 0.62468 0.016588 0.0727388 0.614456
2 0.74919 0.955727 0.148016 0.0865722 0.591408
2 0.954541 0.597009 0.0901497 0.0989199 0.551384
56 0.181345 0.949807 0.0706161 0.0964317 0.53326
13 0.108819 0.82858 0.0601023 0.079941 0.516968
13 0.0195326 0.704431 0.0388824 0.0881782 0.476955
13 0.27192 0.801176 0.0630655 0.07093 0.468559
13 0.152879 0.637112 0.0699319 0.085204 0.462329
13 0.31078 0.875597 0.0641077 0.084963 0.418104
13 0.0707286 0.784011 0.0608449 0.0850752 0.410024
13 0.0326328 0.551053 0.0638248 0.0773946 0.402397
13 0.136945 0.889939 0.0662028 0.088185 0.385137
13 0.250652 0.593917 0.0652603 0.0855798 0.348002
0 0.514314 0.210957 0.00739689 0.0470668 0.337615
13 0.231962 0.736606 0.0557895 0.0667265 0.322141
2 0.971041 0.477867 0.0570686 0.0806196 0.315454
2 0.111304 0.723231 0.062603 0.0854551 0.305456
13 0.261319 0.775585 0.0711679 0.0820825 0.296792
13 0.176552 0.510397 0.0704542 0.0793687 0.292123
13 0.218022 0.715341 0.0666182 0.0780236 0.288641
0 0.735009 0.676894 0.0442545 0.0640638 0.288561
5 0.0322953 0.550329 0.0642567 0.0781725 0.276265
56 0.109782 0.830651 0.0618946 0.0832041 0.261696
