2 0.877561 0.768959 0.132466 0.142512 0.925947
2 0.921258 0.716205 0.133788 0.141175 0.925231
2 0.9375 0.660057 0.124355 0.114759 0.770972
2 0.910005 0.188308 0.0850935 0.0773442 0.764751
2 0.964414 0.531974 0.0705254 0.0650419 0.751066
7 0.807148 0.112504 0.0942061 0.103624 0.737255
2 0.850166 0.843394 0.177864 0.202507 0.696989
2 0.80728 0.222103 0.064967 0.0763346 0.695548
13 0.362008 0.946984 0.0833572 0.101397 0.606937
7 0.850082 0.843098 0.176764 0.203582 0.589163
56 0.181254 0.94955 0.070331 0.0962816 0.579397
13 0.153322 0.637019 0.0696434 0.0845342 0.553348
0 0.406736 0.364348 0.0136961 0.0559239 0.55275
2 0.750178 0.954613 0.147769 0.0866682 0.528834
13 0.032719 0.550919 0.0634095 0.0768159 0.49248
2 0.955232 0.597365 0.0879669 0.0992324 0.473638
13 0.108985 0.826201 0.0594847 0.0755636 0.458738
13 0.272199 0.802451 0.0620133 0.0709947 0.438172
13 0.251085 0.592712 0.0649018 0.0827021 0.414257
13 0.311157 0.875837 0.063304 0.0846622 0.405902
60 0.136212 0.887961 0.064077 0.0843486 0.380841
13 0.0195631 0.704217 0.0389445 0.0886481 0.360343
13 0.170993 0.502611 0.0592301 0.0610026 0.351
13 0.0708431 0.783908 0.0602872 0.0843584 0.336478
13 0.261155 0.775686 0.0705372 0.0813012 0.326903
13 0.136239 0.887512 0.0635594 0.0835822 0.313348
13 0.110648 0.722897 0.0613331 0.0843218 0.30589
2 0.970425 0.47688 0.0586048 0.0817327 0.304912
0 0.514203 0.209663 0.00787411 0.047083 0.28874
13 0.188842 0.661038 0.0662258 0.0740808 0.280277
13 0.231409 0.736732 0.0554665 0.0664459 0.279041
2 0.991156 0.423493 0.0169647 0.0523289 0.272317
56 0.109696 0.828687 0.0618602 0.0807102 0.264915
13 0.299732 0.860234 0.0759788 0.104811 0.257628
