2 0.877435 0.769365 0.132279 0.143074 0.929838
2 0.921418 0.715897 0.133651 0.142087 0.924019
2 0.909956 0.187969 0.0850126 0.0766071 0.769522
2 0.964411 0.531757 0.0705748 0.0641841 0.737995
2 0.937566 0.660949 0.124335 0.115777 0.73457
2 0.807421 0.22175 0.0644865 0.0777995 0.675247
7 0.807318 0.111865 0.094466 0.101753 0.668637
2 0.850434 0.842271 0.177634 0.204667 0.662788
7 0.850383 0.842623 0.17666 0.204405 0.654214
13 0.36205 0.94693 0.0836797 0.101805 0.611435
0 0.408356 0.367271 0.0142386 0.0577529 0.586465
13 0.272386 0.801848 0.0619067 0.0708577 0.571647
2 0.955108 0.59246 0.0885448 0.0912523 0.556767
56 0.18126 0.949528 0.0704237 0.0966573 0.52018
13 0.153284 0.637916 0.0694353 0.0859968 0.499811
13 0.0196891 0.704759 0.039171 0.0885595 0.468593
13 0.109246 0.827368 0.0597218 0.0770143 0.465484
13 0.250837 0.592624 0.064673 0.0841571 0.443011
13 0.261257 0.775375 0.0710485 0.0811676 0.408057
0 0.430863 0.627186 0.0184383 0.0738878 0.397838
13 0.136393 0.888578 0.0647293 0.0852568 0.385809
13 0.231662 0.736764 0.055993 0.066863 0.382927
13 0.311061 0.875794 0.0634254 0.0847231 0.377424
2 0.748537 0.955034 0.148943 0.0880525 0.369516
13 0.0326313 0.550831 0.064157 0.0767848 0.368127
13 0.0704068 0.783682 0.0605 0.0839476 0.361166
0 0.514349 0.210259 0.0072011 0.0456645 0.352445
2 0.970915 0.477595 0.0573303 0.0812657 0.336465
13 0.200672 0.686028 0.0582046 0.0661745 0.321803
13 0.175233 0.505849 0.0679653 0.0683454 0.312439
13 0.219717 0.715939 0.0670011 0.0792033 0.312347
13 0.189373 0.662349 0.0670169 0.0761034 0.282127
13 0.111004 0.722461 0.0620342 0.0842268 0.262955
2 0.710779 0.955381 0.0693342 0.0840728 0.25689
56 0.110027 0.830545 0.0625838 0.0839825 0.256133
13 0.300708 0.861274 0.0776073 0.106537 0.25474
13 0.146754 0.909155 0.0537911 0.0730326 0.254041
