2 0.921355 0.716515 0.133622 0.141455 0.929021
2 0.877316 0.769208 0.1321 0.143588 0.927778
2 0.937478 0.660987 0.124391 0.115313 0.781546
2 0.909954 0.188329 0.0851337 0.077293 0.749977
2 0.964464 0.532275 0.0705015 0.064976 0.746421
7 0.850181 0.842325 0.176029 0.204821 0.734741
2 0.807308 0.221569 0.0644804 0.0750734 0.708422
7 0.807204 0.111519 0.094491 0.10151 0.700491
0 0.429788 0.624886 0.0163952 0.0748957 0.635813
13 0.362202 0.946916 0.0833326 0.101955 0.618626
2 0.850323 0.841609 0.177236 0.205557 0.605266
56 0.181285 0.949588 0.0704325 0.0963202 0.52573
13 0.271999 0.801709 0.062969 0.0708323 0.52527
2 0.955189 0.595954 0.088224 0.097849 0.512447
13 0.310766 0.87569 0.0639 0.0827189 0.467414
13 0.0197466 0.704815 0.039268 0.0886754 0.466469
13 0.109217 0.827101 0.0595148 0.0768989 0.458114
13 0.153107 0.63642 0.068969 0.08344 0.433262
13 0.251573 0.593828 0.0659911 0.0846519 0.431422
13 0.136317 0.889124 0.0648423 0.0867588 0.419029
2 0.748617 0.955555 0.148451 0.0869917 0.408529
13 0.23194 0.736432 0.0558345 0.0663513 0.402164
13 0.0705971 0.783855 0.0617874 0.0845266 0.390054
2 0.970888 0.47797 0.0573727 0.081048 0.36318
13 0.261148 0.775423 0.0712276 0.082584 0.357842
13 0.0324973 0.550924 0.0639254 0.0775174 0.293202
2 0.111354 0.722619 0.0624114 0.084593 0.292045
2 0.710554 0.955486 0.0683442 0.0828733 0.28288
0 0.514407 0.210413 0.00730896 0.0456663 0.278921
5 0.0323398 0.550056 0.0643712 0.0790824 0.274437
0 0.38269 0.354371 0.0149611 0.0571469 0.262733
