2 0.877533 0.769232 0.13248 0.143068 0.928959
2 0.921424 0.715698 0.133667 0.142085 0.926326
2 0.909953 0.188218 0.0850241 0.0772248 0.785846
2 0.937508 0.659576 0.124348 0.115335 0.780228
2 0.964394 0.531613 0.070565 0.0638065 0.747351
7 0.807302 0.112331 0.0949015 0.103584 0.736203
2 0.807203 0.221258 0.0645464 0.0758367 0.725909
2 0.850517 0.842292 0.177499 0.20476 0.694379
13 0.362064 0.946907 0.0836152 0.101702 0.629529
7 0.850477 0.842688 0.176487 0.204387 0.626583
56 0.181146 0.949864 0.070551 0.0964888 0.565262
13 0.272241 0.801322 0.0636289 0.0711046 0.553697
13 0.109447 0.8303 0.0609108 0.0841675 0.474622
13 0.153135 0.636615 0.0692879 0.0853075 0.461378
2 0.970967 0.47777 0.0571831 0.0801339 0.427425
13 0.0199242 0.704904 0.039595 0.089111 0.421009
13 0.251655 0.594273 0.0669863 0.0869183 0.411577
13 0.261267 0.775084 0.0708724 0.0815023 0.403495
0 0.429981 0.623493 0.0170128 0.0765821 0.40313
13 0.231519 0.736624 0.0553133 0.0664907 0.399058
2 0.75027 0.954297 0.148338 0.0870568 0.392406
2 0.955152 0.594335 0.0880943 0.0941065 0.391439
2 0.110967 0.723903 0.0627037 0.0854065 0.389123
13 0.136132 0.88798 0.0648483 0.08408 0.389058
0 0.514577 0.210552 0.00695829 0.0462978 0.387762
0 0.399035 0.359801 0.0135022 0.0491226 0.385592
13 0.311382 0.875658 0.0625868 0.0846493 0.366589
13 0.0326032 0.551138 0.0641097 0.0768955 0.350253
13 0.0706666 0.783345 0.0593998 0.0835395 0.340508
13 0.30154 0.861998 0.0792034 0.107301 0.329056
2 0.710923 0.955501 0.0690113 0.0834722 0.32857
56 0.109857 0.831472 0.0625915 0.0864227 0.302545
13 0.217905 0.714663 0.066475 0.0771593 0.286833
2 0.991039 0.423363 0.0171825 0.052632 0.281608
13 0.175603 0.506175 0.068273 0.069147 0.257995
2 0.766824 0.961198 0.113914 0.0724698 0.257213
13 0.200985 0.685908 0.0573399 0.0653171 0.250377
