2 0.877349 0.769105 0.132341 0.142943 0.929165
2 0.921418 0.716021 0.133755 0.141514 0.923282
2 0.909803 0.18811 0.0850389 0.0772491 0.778537
2 0.964454 0.531525 0.0705034 0.0639171 0.746278
2 0.937423 0.66046 0.124478 0.116523 0.742751
7 0.807174 0.112494 0.0943314 0.102922 0.737207
2 0.850366 0.842452 0.177889 0.204708 0.692535
2 0.80748 0.221324 0.0644541 0.0770142 0.663563
7 0.850374 0.84285 0.176997 0.204542 0.660155
0 0.410276 0.371446 0.0118619 0.0509332 0.590727
13 0.271996 0.801645 0.0638519 0.0708479 0.569412
13 0.362006 0.946988 0.0826665 0.10162 0.563571
56 0.181335 0.949631 0.0701577 0.0958682 0.555163
2 0.750173 0.954875 0.148417 0.0863319 0.529542
2 0.955264 0.595363 0.0880669 0.0964254 0.505104
13 0.108885 0.826082 0.0591865 0.0733795 0.489717
13 0.0194258 0.705004 0.0386398 0.0875929 0.474793
0 0.514465 0.210808 0.00758095 0.0467467 0.407564
13 0.0326818 0.550687 0.0643095 0.0774933 0.406508
13 0.152709 0.636419 0.0702623 0.0836255 0.404151
13 0.310676 0.876205 0.0635585 0.0848453 0.392214
60 0.136209 0.887462 0.0641104 0.0832187 0.383623
13 0.231542 0.736545 0.0553164 0.0663979 0.365107
2 0.971035 0.477739 0.0570187 0.0816086 0.363332
13 0.26131 0.775474 0.0711978 0.0808965 0.35643
13 0.250691 0.589944 0.0642732 0.077271 0.352855
13 0.136244 0.887165 0.0636297 0.0827759 0.342453
13 0.0704942 0.78353 0.0599831 0.0837894 0.338632
0 0.43222 0.627707 0.0206951 0.0706501 0.325836
58 0.456932 0.261587 0.0374622 0.0477932 0.301192
13 0.176094 0.50874 0.0692819 0.0742878 0.294334
56 0.109618 0.827946 0.061541 0.0771939 0.286238
2 0.990499 0.423252 0.018256 0.0524861 0.279195
