2 0.921417 0.716012 0.133501 0.14129 0.927132
2 0.877471 0.769068 0.13241 0.142894 0.926601
2 0.909856 0.188328 0.0850643 0.0774625 0.782375
2 0.93767 0.658453 0.123995 0.111277 0.76335
2 0.96441 0.531479 0.070521 0.0639384 0.737721
2 0.80734 0.221985 0.0650456 0.0765382 0.731198
7 0.850233 0.842248 0.176216 0.204117 0.719126
7 0.807261 0.112135 0.0949558 0.103647 0.661043
2 0.850378 0.841656 0.177316 0.204919 0.616646
13 0.362125 0.946819 0.0835193 0.10143 0.588502
13 0.272338 0.801918 0.0631491 0.0706919 0.582048
56 0.181116 0.949769 0.0700531 0.0964345 0.516805
13 0.109399 0.830403 0.0606595 0.0840485 0.477992
13 0.310964 0.87554 0.063412 0.0820719 0.467312
13 0.152919 0.636107 0.0691776 0.0832174 0.462475
13 0.136108 0.887396 0.0644286 0.0831526 0.444396
13 0.0196007 0.704608 0.0389485 0.0881386 0.424347
13 0.261638 0.775811 0.071741 0.0809296 0.416704
13 0.231522 0.736744 0.0556145 0.0665483 0.414318
0 0.42986 0.624556 0.0167844 0.0741816 0.413588
13 0.0707787 0.783843 0.0599683 0.0845844 0.411427
2 0.748646 0.955514 0.148513 0.0871095 0.384739
2 0.955233 0.594347 0.0879051 0.0938475 0.382354
13 0.176195 0.509103 0.0690362 0.0747675 0.368107
13 0.0325927 0.550813 0.0641221 0.0766717 0.367088
2 0.971053 0.477597 0.0569725 0.0799739 0.364552
13 0.250341 0.58763 0.0633273 0.0726204 0.361421
2 0.111562 0.72312 0.0633555 0.0851603 0.326953
0 0.514609 0.211 0.0069931 0.0461153 0.325301
13 0.301765 0.862352 0.0792007 0.106256 0.297076
13 0.217754 0.714655 0.0667848 0.077613 0.295027
13 0.14801 0.911986 0.0518834 0.0703922 0.294981
58 0.456455 0.261697 0.0378102 0.0479733 0.291425
0 0.399228 0.360108 0.0136541 0.0530009 0.287189
2 0.710608 0.955703 0.0685453 0.0835822 0.28357
0 0.756423 0.25023 0.00999896 0.0617492 0.264742
2 0.766736 0.960927 0.113295 0.0730339 0.263517
