2 0.877379 0.769027 0.132276 0.14314 0.928629
2 0.921387 0.715931 0.133632 0.141766 0.927177
2 0.937574 0.661485 0.124159 0.117762 0.787585
2 0.909898 0.188582 0.0849339 0.077867 0.782699
2 0.964422 0.53179 0.0705101 0.0642585 0.728006
2 0.850397 0.841864 0.177522 0.206 0.716556
2 0.807278 0.221959 0.0644566 0.0770254 0.715922
0 0.410331 0.385306 0.0129969 0.0573677 0.681622
7 0.807091 0.111753 0.0944397 0.102258 0.673404
13 0.362162 0.94707 0.0832502 0.101772 0.593935
2 0.750284 0.955113 0.149044 0.0862603 0.591564
13 0.271634 0.801518 0.063084 0.0710985 0.550434
13 0.019831 0.704743 0.0394743 0.0887085 0.52196
7 0.850236 0.842476 0.176616 0.203828 0.501061
56 0.18121 0.949525 0.0703169 0.0967007 0.498814
13 0.109356 0.827919 0.06041 0.0774119 0.492258
2 0.955179 0.596657 0.0879448 0.0982385 0.483114
13 0.311054 0.875711 0.0632795 0.0846317 0.437449
13 0.152609 0.637737 0.0705624 0.0865255 0.420411
13 0.0710517 0.784847 0.0616981 0.0865106 0.418016
13 0.136245 0.887915 0.0645253 0.0844472 0.415252
13 0.231508 0.736813 0.0558916 0.0664769 0.385674
0 0.514567 0.210699 0.00705433 0.0471942 0.382369
13 0.261381 0.775713 0.0712926 0.0818005 0.381013
0 0.430047 0.625408 0.0171228 0.0759823 0.371471
2 0.970961 0.477649 0.0571873 0.0804798 0.36373
13 0.219604 0.716934 0.0680648 0.0802027 0.340816
13 0.0325568 0.550923 0.0641562 0.0770464 0.339967
5 0.0323486 0.550238 0.0643547 0.0780496 0.33588
0 0.434276 0.627217 0.0249132 0.0827118 0.333707
2 0.111554 0.723645 0.0627115 0.0860367 0.332762
13 0.147859 0.91165 0.0518726 0.0705775 0.321516
13 0.250146 0.591092 0.0628463 0.079573 0.312568
2 0.990663 0.423283 0.017944 0.0526303 0.266643
