2 0.87739 0.769257 0.132469 0.143001 0.928363
2 0.921463 0.716042 0.133642 0.141488 0.927794
2 0.909962 0.188471 0.0849739 0.0774606 0.794335
2 0.937502 0.660922 0.124429 0.115962 0.763854
2 0.850276 0.842773 0.177372 0.203798 0.752569
2 0.964461 0.53181 0.0704582 0.0642753 0.738478
2 0.807329 0.221645 0.0650206 0.0765276 0.719569
0 0.430295 0.624382 0.0163623 0.0756149 0.658103
7 0.807173 0.11121 0.0948673 0.101983 0.638437
13 0.271841 0.801866 0.062762 0.0705695 0.617456
13 0.361919 0.946961 0.0828289 0.101222 0.601904
13 0.310569 0.875775 0.0639402 0.0826099 0.589773
2 0.750203 0.954851 0.147717 0.0867255 0.587961
13 0.108818 0.826889 0.0593952 0.0757048 0.526569
56 0.180819 0.9495 0.0699779 0.0964141 0.49633
2 0.955232 0.595459 0.0881443 0.0968246 0.489925
13 0.136007 0.887014 0.0643342 0.0818966 0.478964
13 0.231264 0.736523 0.055897 0.0663595 0.441278
13 0.261252 0.77534 0.0707172 0.0814691 0.424278
0 0.514393 0.210814 0.00746708 0.0471508 0.419658
13 0.15284 0.63654 0.0696993 0.0850087 0.412196
13 0.0199911 0.704639 0.0397654 0.0884135 0.401603
2 0.97099 0.477789 0.0571743 0.0808454 0.376639
13 0.07057 0.784171 0.0612771 0.0848792 0.368137
13 0.147905 0.912143 0.0514249 0.0702376 0.347357
13 0.0325863 0.550903 0.0641984 0.0774509 0.314262
13 0.217826 0.715305 0.0671033 0.078331 0.310716
13 0.170711 0.5017 0.0592594 0.0595179 0.30464
13 0.250704 0.591587 0.0644312 0.0811817 0.299613
2 0.990821 0.42348 0.0176247 0.0531492 0.293717
0 0.340567 0.352254 0.0219947 0.0583731 0.274349
13 0.110437 0.842608 0.059198 0.0782737 0.264134
13 0.297732 0.855226 0.0724868 0.0974747 0.261926
5 0.0324683 0.550058 0.06457 0.0790697 0.26146
13 0.200812 0.686177 0.057644 0.0648371 0.258258
