2 0.877299 0.769467 0.13202 0.143074 0.92841
2 0.921391 0.715815 0.133619 0.142061 0.926746
2 0.909927 0.1882 0.0850874 0.0774904 0.789991
2 0.9377 0.660956 0.124017 0.116549 0.789655
2 0.96443 0.532 0.0705616 0.0646403 0.751283
2 0.807234 0.221792 0.0645643 0.0757826 0.720677
7 0.807207 0.112136 0.0945251 0.102392 0.682534
7 0.850379 0.842873 0.176302 0.203499 0.679419
2 0.850415 0.842881 0.177345 0.202914 0.672363
13 0.36193 0.946908 0.0832004 0.10131 0.608966
0 0.429842 0.624537 0.0161346 0.0756749 0.599372
13 0.272167 0.802416 0.0621581 0.071204 0.577955
2 0.955191 0.595948 0.0881554 0.0965711 0.521657
2 0.7488 0.955763 0.148287 0.0862072 0.519334
13 0.0713565 0.784415 0.0606747 0.0858053 0.500074
56 0.181214 0.949791 0.0705835 0.0963592 0.499386
13 0.019645 0.704741 0.0390951 0.0892375 0.492667
13 0.15332 0.636352 0.0691599 0.0849429 0.477824
13 0.136544 0.888733 0.0650984 0.0859531 0.455209
13 0.261042 0.775653 0.0709079 0.0821075 0.443442
13 0.231457 0.736672 0.0558368 0.0671132 0.44087
13 0.109281 0.827606 0.0598841 0.0774085 0.43909
13 0.311151 0.875658 0.0632667 0.0855709 0.431237
2 0.970948 0.477882 0.0573145 0.0811774 0.429542
13 0.251397 0.59094 0.0656149 0.0792599 0.385307
13 0.0324631 0.550932 0.0637677 0.0777681 0.357869
58 0.456833 0.261605 0.0377782 0.0479728 0.343234
2 0.990957 0.422958 0.0173504 0.0519677 0.336199
13 0.301276 0.861858 0.0788388 0.107134 0.335653
13 0.218084 0.714708 0.0668709 0.0768233 0.308237
0 0.514587 0.210328 0.00692635 0.0453757 0.281817
13 0.200698 0.686458 0.0579785 0.0660595 0.279868
