2 0.877503 0.769555 0.132377 0.143461 0.929436
2 0.921475 0.715986 0.133725 0.141788 0.927693
2 0.937664 0.660644 0.124033 0.115423 0.797025
2 0.90987 0.188136 0.0850155 0.07708 0.771424
2 0.964417 0.531614 0.0705315 0.0638371 0.74607
7 0.807206 0.111914 0.094238 0.101992 0.711747
2 0.850276 0.842033 0.177797 0.205842 0.711007
2 0.807423 0.221496 0.064901 0.0761733 0.672231
2 0.749325 0.956062 0.146838 0.084848 0.651274
0 0.409431 0.372121 0.0124061 0.0548447 0.646076
7 0.850215 0.842698 0.176635 0.205149 0.601263
56 0.181276 0.949505 0.0705116 0.0964104 0.584868
13 0.362249 0.947028 0.0833611 0.101841 0.568699
13 0.272215 0.802048 0.0621249 0.0710866 0.568566
2 0.955162 0.59745 0.0881687 0.0997125 0.548976
13 0.109126 0.827403 0.0597287 0.0762822 0.506701
13 0.152999 0.636394 0.0695158 0.0841505 0.491564
13 0.019544 0.705291 0.0388766 0.0891193 0.462381
13 0.251519 0.593494 0.0656501 0.0839502 0.452601
13 0.0711549 0.784923 0.0611543 0.0858326 0.437773
13 0.261121 0.776111 0.0709402 0.0819726 0.419095
2 0.970945 0.477783 0.057243 0.080868 0.397857
13 0.310807 0.87576 0.0637772 0.0861749 0.38498
13 0.0328512 0.551293 0.0642986 0.0772536 0.382865
13 0.136211 0.888208 0.0640036 0.0842811 0.380928
13 0.231622 0.736406 0.0552694 0.0660136 0.355243
2 0.99105 0.423571 0.0171501 0.0530096 0.347989
0 0.514609 0.211114 0.00688419 0.0471049 0.332292
5 0.0326687 0.550456 0.0649932 0.0785706 0.327425
13 0.30125 0.861363 0.0789974 0.106631 0.327012
0 0.432846 0.630001 0.0214025 0.0763285 0.314303
13 0.176366 0.509743 0.0696602 0.0773439 0.298504
2 0.111584 0.723576 0.0633562 0.0848534 0.294093
13 0.21787 0.714637 0.0662335 0.0771986 0.293049
56 0.109632 0.829806 0.0617273 0.0814607 0.276634
13 0.188892 0.661358 0.0673975 0.0743756 0.274371
0 0.424949 0.571233 0.0277395 0.0620619 0.26842
13 0.200788 0.686479 0.0577543 0.0668467 0.266141
56 0.137408 0.889975 0.0670729 0.0874873 0.251604
