2 0.877354 0.769394 0.132299 0.142926 0.927813
2 0.921458 0.716008 0.133683 0.141953 0.923523
2 0.937562 0.660508 0.124151 0.114928 0.760752
2 0.910019 0.188042 0.085144 0.0768038 0.760604
2 0.964443 0.531795 0.070491 0.0643175 0.73499
2 0.850264 0.842241 0.177671 0.2039 0.698543
2 0.807291 0.221289 0.0650534 0.0772567 0.695512
7 0.807187 0.111596 0.0946535 0.102137 0.688372
0 0.429815 0.625209 0.0163988 0.0748044 0.650746
13 0.272009 0.801829 0.0633772 0.0712065 0.634989
13 0.361941 0.946999 0.082945 0.101515 0.634773
7 0.850201 0.842595 0.176618 0.203912 0.598131
2 0.750133 0.954881 0.147653 0.0868401 0.565922
2 0.955148 0.597245 0.0881138 0.100452 0.535567
13 0.310598 0.875943 0.0639175 0.0825517 0.510456
56 0.181282 0.949607 0.070411 0.0966339 0.502553
13 0.0195682 0.705103 0.0389496 0.089247 0.499084
13 0.109382 0.828181 0.0604408 0.0779695 0.483932
13 0.261127 0.775746 0.0708492 0.0812993 0.472136
13 0.0327049 0.550894 0.0640837 0.0766134 0.465224
13 0.152729 0.637159 0.0698637 0.0853268 0.464781
13 0.231176 0.736607 0.0557865 0.0663908 0.459505
13 0.13636 0.888608 0.0649968 0.0858792 0.422875
2 0.970949 0.47772 0.0572231 0.0809906 0.389195
13 0.25115 0.591898 0.064957 0.0806564 0.387425
13 0.0708487 0.784528 0.0611391 0.0857968 0.35747
0 0.514122 0.210687 0.00788136 0.0464826 0.355723
2 0.990753 0.423105 0.0177517 0.0525611 0.337315
13 0.217117 0.71431 0.0671553 0.0771788 0.302415
2 0.111494 0.723189 0.063385 0.0852159 0.2797
13 0.171154 0.501937 0.0590226 0.0602528 0.279423
13 0.200444 0.686621 0.05784 0.0642676 0.265498
13 0.145726 0.906732 0.0556779 0.0770345 0.261768
0 0.428483 0.560176 0.0307829 0.0588525 0.257765
