2 0.877414 0.769207 0.132462 0.142973 0.927779
2 0.921254 0.715911 0.133742 0.141866 0.926218
2 0.909924 0.188065 0.0852047 0.0770664 0.809425
2 0.937556 0.66213 0.124351 0.118457 0.797067
2 0.964361 0.531664 0.0706293 0.0647537 0.741256
7 0.807151 0.112096 0.0944458 0.102302 0.737338
2 0.807448 0.222244 0.0641117 0.0754417 0.717202
2 0.850271 0.842028 0.177778 0.204485 0.678941
7 0.850149 0.842477 0.176582 0.204154 0.646843
13 0.361916 0.9469 0.0829443 0.10162 0.610619
56 0.181364 0.949642 0.0709594 0.0965452 0.581764
13 0.271914 0.801516 0.0635474 0.0715844 0.559745
13 0.152759 0.636947 0.0696595 0.0845807 0.534562
2 0.955133 0.596118 0.0881523 0.0972532 0.50275
13 0.0197755 0.704586 0.0393542 0.0889256 0.485873
13 0.108964 0.828132 0.0602457 0.0799516 0.463267
0 0.406397 0.363355 0.0127731 0.0540222 0.460945
13 0.032523 0.55086 0.0638159 0.0768604 0.421126
13 0.310885 0.876089 0.0635203 0.0845061 0.419595
13 0.250795 0.593134 0.0640054 0.0833265 0.413643
13 0.261131 0.775284 0.0708771 0.080936 0.385132
2 0.748031 0.955515 0.149304 0.0869502 0.370135
0 0.429932 0.626304 0.0174919 0.0729425 0.364912
13 0.136216 0.888115 0.0642332 0.0845798 0.362011
13 0.0702316 0.784069 0.0615505 0.0844125 0.346226
2 0.970936 0.477675 0.0572573 0.0809182 0.312811
13 0.231585 0.736793 0.0549138 0.0663015 0.307108
13 0.188833 0.661735 0.0668685 0.074174 0.302878
0 0.418042 0.563102 0.0143923 0.0645443 0.302411
2 0.70994 0.955598 0.0685997 0.0829217 0.301726
13 0.200255 0.685954 0.0576509 0.0662615 0.291498
0 0.51384 0.210265 0.00889368 0.046219 0.285884
2 0.991066 0.422998 0.0171396 0.0516615 0.282869
13 0.176459 0.509323 0.0704116 0.0765833 0.279117
56 0.109709 0.83001 0.061978 0.0828983 0.268189
13 0.217992 0.714377 0.0659661 0.0769163 0.257408
2 0.766505 0.961024 0.113064 0.0725189 0.250868
56 0.137486 0.890105 0.0669695 0.0877201 0.250583
