2 0.877403 0.769202 0.13259 0.143194 0.930193
2 0.921378 0.715333 0.133578 0.142476 0.917689
2 0.909868 0.188327 0.0848993 0.0773344 0.79992
2 0.937458 0.660979 0.124352 0.11598 0.768809
7 0.80723 0.111713 0.0943848 0.10178 0.729383
2 0.964393 0.531574 0.0705517 0.0638701 0.72675
7 0.850173 0.842397 0.176527 0.204095 0.713225
0 0.411754 0.381224 0.0120792 0.0588663 0.693523
2 0.807351 0.222874 0.064957 0.0762097 0.690324
2 0.850314 0.842091 0.177604 0.204399 0.620189
13 0.362273 0.947055 0.083417 0.10181 0.554804
2 0.750275 0.954809 0.148166 0.0869659 0.542499
13 0.108827 0.82798 0.05946 0.0775452 0.534941
56 0.181279 0.94966 0.0705998 0.0962852 0.525029
0 0.514376 0.211036 0.00786266 0.0462258 0.516354
2 0.955171 0.595243 0.0881878 0.0960737 0.51368
13 0.272017 0.80255 0.0625331 0.071916 0.490512
0 0.433909 0.626083 0.0237373 0.0838874 0.473585
13 0.0197467 0.705364 0.0392811 0.0901021 0.432318
13 0.153091 0.637426 0.0695418 0.0857717 0.417966
13 0.251308 0.593679 0.0657737 0.083971 0.411526
13 0.261217 0.77575 0.0711306 0.0816186 0.392295
2 0.970966 0.477558 0.0571533 0.0805194 0.38529
13 0.136375 0.88847 0.0651887 0.0853697 0.384924
13 0.0709481 0.784174 0.0615125 0.0849409 0.379741
13 0.311403 0.87548 0.0624344 0.0840541 0.378102
13 0.176485 0.511161 0.0705998 0.0790734 0.369502
2 0.111098 0.723288 0.0627074 0.0862617 0.344099
13 0.231518 0.736718 0.0554427 0.06647 0.338483
13 0.0326072 0.551223 0.0638837 0.0771025 0.315339
5 0.0324185 0.550404 0.0645062 0.0787296 0.292888
13 0.219693 0.716514 0.0673136 0.0793176 0.271452
56 0.109625 0.830262 0.061908 0.0821967 0.268633
13 0.301165 0.861322 0.0781102 0.105568 0.257519
2 0.990958 0.423325 0.0173609 0.052417 0.250591
