2 0.921351 0.716294 0.133726 0.141351 0.929236
2 0.87739 0.769074 0.132359 0.143311 0.926789
2 0.909906 0.188267 0.0848534 0.0774147 0.774488
2 0.937545 0.661203 0.12424 0.116163 0.764298
2 0.80732 0.221812 0.064415 0.0751905 0.731062
2 0.964455 0.532143 0.0704887 0.0646417 0.730395
7 0.807159 0.11238 0.0943773 0.103831 0.726075
7 0.850484 0.84211 0.176184 0.204465 0.707994
13 0.362077 0.946918 0.0834612 0.101725 0.63136
2 0.850518 0.841265 0.177335 0.205481 0.631122
13 0.272002 0.80198 0.063281 0.0709151 0.615542
0 0.429774 0.626728 0.0172632 0.0703061 0.556623
13 0.109187 0.826857 0.0598181 0.0763523 0.555609
56 0.181238 0.949643 0.070517 0.0966787 0.553374
13 0.0195609 0.704842 0.0389409 0.0879374 0.547587
2 0.955231 0.597239 0.0880529 0.0993265 0.503414
13 0.311412 0.875411 0.062718 0.0847599 0.493232
2 0.748812 0.955655 0.148544 0.0867858 0.467888
13 0.153183 0.636487 0.0695699 0.0847718 0.454822
13 0.032642 0.551288 0.0641672 0.0771467 0.428166
13 0.251408 0.59403 0.0658809 0.0850052 0.424326
13 0.231459 0.736525 0.0552975 0.0665361 0.417806
13 0.136331 0.888211 0.0648054 0.0853271 0.409311
13 0.261564 0.775232 0.0715116 0.0816739 0.408663
13 0.0711099 0.784465 0.060944 0.0862885 0.377641
2 0.970929 0.477811 0.0572712 0.0803343 0.366339
13 0.176417 0.509537 0.0704593 0.0768131 0.308278
2 0.990772 0.423581 0.017696 0.0534065 0.304364
58 0.456688 0.261595 0.0378369 0.0479675 0.290241
13 0.21788 0.715333 0.0671108 0.0781434 0.289995
2 0.111122 0.723268 0.0621926 0.0843604 0.273624
13 0.14733 0.910817 0.0524518 0.0709089 0.269427
13 0.30094 0.861964 0.0774943 0.106108 0.268813
