2 0.92134 0.716244 0.133774 0.140662 0.929333
2 0.877404 0.7692 0.132237 0.143263 0.927294
2 0.937547 0.661117 0.124251 0.117036 0.810196
2 0.909949 0.188153 0.0852348 0.0773631 0.800254
7 0.85033 0.842654 0.176409 0.205107 0.753753
2 0.964403 0.532299 0.0705551 0.0652542 0.747141
2 0.807258 0.22226 0.0651495 0.0763781 0.706108
13 0.271691 0.80107 0.0636403 0.071283 0.622486
7 0.807228 0.112045 0.0945607 0.102466 0.616491
13 0.361971 0.947041 0.0829409 0.101341 0.611983
2 0.850403 0.841974 0.17746 0.206052 0.603252
13 0.0199266 0.704515 0.0396149 0.0888358 0.53817
56 0.181248 0.949634 0.0702861 0.0963682 0.535099
0 0.429655 0.628784 0.0168318 0.0676956 0.524968
13 0.109262 0.829416 0.0601686 0.080697 0.51418
2 0.955316 0.596222 0.0879643 0.0968908 0.509293
13 0.153246 0.636821 0.0689748 0.0845464 0.498139
0 0.51412 0.209948 0.00812645 0.0475034 0.494175
13 0.311413 0.875439 0.0627727 0.0855648 0.482372
13 0.03242 0.551014 0.0639755 0.0776954 0.4461
13 0.136243 0.888686 0.064687 0.0860628 0.442083
13 0.231474 0.736441 0.055107 0.0662703 0.399573
13 0.251219 0.594591 0.0656399 0.0855762 0.398613
13 0.26154 0.775355 0.0712694 0.0808641 0.38702
2 0.750355 0.954411 0.14807 0.0866265 0.386494
13 0.0702887 0.783861 0.0605064 0.0849759 0.345248
2 0.991001 0.423287 0.0172522 0.0528083 0.342471
2 0.111578 0.723377 0.0630768 0.0851898 0.335723
2 0.970958 0.477147 0.0571808 0.0815542 0.303939
2 0.710736 0.955614 0.0681122 0.0832109 0.28691
13 0.217963 0.714335 0.0662659 0.0762675 0.283226
0 0.409895 0.547761 0.0232661 0.0572005 0.278957
13 0.200784 0.686102 0.0571916 0.0658269 0.27801
58 0.456841 0.262017 0.0373762 0.0484359 0.264483
13 0.146916 0.909048 0.0530161 0.0727844 0.260356
13 0.301384 0.862602 0.0784487 0.106429 0.25991
2 0.766906 0.961399 0.113002 0.0719998 0.259316
13 0.188964 0.661323 0.0670904 0.0742637 0.25931
