2 0.877329 0.769345 0.132191 0.143162 0.926668
2 0.92123 0.715998 0.133866 0.141758 0.92527
2 0.909933 0.188128 0.0851364 0.0774132 0.805611
2 0.807326 0.222227 0.0648855 0.0769695 0.765449
2 0.937455 0.660458 0.124445 0.115749 0.761787
7 0.850521 0.842403 0.175856 0.203932 0.75118
2 0.964424 0.53215 0.0705708 0.065036 0.73571
7 0.80733 0.111754 0.0946003 0.101528 0.693752
2 0.850544 0.841908 0.177021 0.204369 0.60167
13 0.361836 0.94696 0.0831369 0.101649 0.601558
13 0.271977 0.801574 0.0638335 0.0714751 0.574498
0 0.429777 0.623204 0.0158127 0.0720755 0.573036
56 0.180681 0.94981 0.0700657 0.0966032 0.51206
13 0.310882 0.876043 0.0638363 0.0833788 0.511837
13 0.0196788 0.704842 0.0391701 0.0887336 0.499551
2 0.955251 0.595996 0.0881954 0.0976377 0.49535
13 0.0326937 0.550966 0.0640196 0.0773565 0.484251
13 0.109259 0.827568 0.0595576 0.076742 0.4667
13 0.231428 0.73626 0.0554699 0.0659922 0.43513
13 0.153058 0.636717 0.0694698 0.0840586 0.418667
2 0.748777 0.95542 0.148708 0.0874525 0.413323
13 0.261291 0.775144 0.0715198 0.0810569 0.4068
13 0.135909 0.887377 0.0642116 0.0834032 0.396197
13 0.251058 0.593259 0.0650777 0.0833165 0.391544
13 0.0710819 0.783437 0.0593616 0.0833771 0.389335
2 0.970944 0.477783 0.0571627 0.0813783 0.363287
0 0.513853 0.210668 0.00912857 0.0466163 0.3279
56 0.109734 0.830489 0.0615108 0.082825 0.327718
2 0.99085 0.42346 0.0175667 0.0530896 0.29654
13 0.170938 0.502625 0.0596116 0.0618031 0.293293
13 0.217872 0.714369 0.0659657 0.0764262 0.292842
13 0.200699 0.686069 0.0567758 0.0656942 0.282992
2 0.711304 0.955644 0.070015 0.0833915 0.277415
60 0.135731 0.887835 0.0630965 0.0830404 0.267242
13 0.189093 0.660517 0.0663759 0.0718739 0.257017
