2 0.921433 0.715967 0.133637 0.141872 0.928201
2 0.8775 0.769134 0.132451 0.142957 0.925701
2 0.909897 0.188392 0.0851299 0.0771178 0.79366
2 0.937635 0.659321 0.124067 0.112695 0.761958
2 0.964377 0.531678 0.070615 0.0642566 0.748127
2 0.807363 0.222089 0.0649134 0.0757444 0.722429
7 0.85024 0.842423 0.176385 0.204311 0.676841
7 0.807242 0.112228 0.0946497 0.103234 0.635848
2 0.850372 0.841969 0.17743 0.204749 0.633786
13 0.362659 0.946877 0.0843192 0.101617 0.555673
13 0.272311 0.801957 0.0626413 0.0705231 0.549007
56 0.181197 0.949758 0.070249 0.0967274 0.518151
13 0.109349 0.829275 0.0606018 0.0823658 0.489543
13 0.0708182 0.783872 0.0607616 0.084815 0.476447
13 0.310888 0.875057 0.0639047 0.0850925 0.465009
13 0.0199176 0.70487 0.0395999 0.0886803 0.432972
0 0.430147 0.625414 0.0165972 0.0763733 0.416304
2 0.748537 0.955374 0.148926 0.0874752 0.412991
13 0.153148 0.635495 0.0695512 0.0826085 0.412966
13 0.136141 0.887251 0.0642587 0.0828729 0.39923
2 0.955286 0.594575 0.087785 0.0939401 0.395139
13 0.26146 0.775766 0.0711713 0.0813178 0.358024
2 0.111127 0.723438 0.0626863 0.0867832 0.355595
0 0.514536 0.210513 0.00661449 0.0456008 0.347366
13 0.23148 0.736558 0.0551354 0.0661231 0.344912
13 0.250262 0.589681 0.0634194 0.0767714 0.326454
13 0.0324924 0.550629 0.0641781 0.0774384 0.299452
2 0.970973 0.477844 0.0571289 0.0809336 0.292211
13 0.171015 0.502322 0.0592735 0.0615116 0.291469
2 0.71046 0.955479 0.0689779 0.0835381 0.289657
58 0.45686 0.261594 0.037437 0.0477789 0.265282
13 0.147508 0.911302 0.0524514 0.0710425 0.264061
13 0.301766 0.862384 0.079248 0.106635 0.259761
5 0.0324303 0.549701 0.0645055 0.0789874 0.259279
13 0.218401 0.71458 0.0667463 0.077024 0.253196
2 0.990901 0.423553 0.0174667 0.0528744 0.251513
