2 0.921292 0.715953 0.133783 0.141959 0.930924
2 0.877433 0.769183 0.132332 0.142906 0.926811
2 0.937492 0.662022 0.124387 0.117502 0.803425
2 0.909999 0.188137 0.0851185 0.0771002 0.783165
2 0.964416 0.532072 0.0705963 0.0648505 0.744113
2 0.807298 0.222367 0.0648785 0.0767663 0.728888
7 0.80725 0.111615 0.0946527 0.102107 0.700921
2 0.85031 0.841021 0.177718 0.206733 0.688904
7 0.850191 0.842055 0.176646 0.205027 0.637667
13 0.362254 0.947014 0.0835431 0.101619 0.624118
13 0.272513 0.801697 0.0627533 0.0708842 0.562978
0 0.404654 0.361469 0.0114079 0.0543776 0.549284
56 0.181088 0.949673 0.0702673 0.0967078 0.510447
13 0.109157 0.827311 0.059887 0.0782349 0.50054
13 0.0196942 0.704695 0.0391982 0.0890757 0.492442
13 0.153013 0.637278 0.0688154 0.0851549 0.487337
2 0.955207 0.595502 0.0880838 0.0964033 0.486069
13 0.136399 0.888883 0.0646987 0.0861752 0.438887
2 0.971051 0.477668 0.0569733 0.0812868 0.435493
13 0.310874 0.875582 0.0636654 0.084805 0.431326
2 0.111113 0.724287 0.0633724 0.0851603 0.418599
13 0.0708655 0.784265 0.0607133 0.084928 0.409459
13 0.231576 0.736467 0.0554378 0.0663042 0.393588
0 0.430063 0.625861 0.0177548 0.0729999 0.391452
13 0.261355 0.775926 0.0713072 0.0812269 0.380853
13 0.252015 0.594898 0.0676374 0.087824 0.377997
0 0.514314 0.211329 0.00768528 0.0486785 0.377591
2 0.750005 0.954413 0.148229 0.0865875 0.372322
13 0.0326874 0.550886 0.0641495 0.0772039 0.351501
13 0.219693 0.716833 0.068192 0.0803843 0.330635
2 0.710535 0.955489 0.0683887 0.0830283 0.319147
2 0.990594 0.42307 0.0180834 0.0519974 0.300779
58 0.456405 0.261487 0.0382936 0.0475324 0.292763
13 0.200916 0.685874 0.0568898 0.0646742 0.2691
5 0.0323495 0.55023 0.0644037 0.078383 0.26704
13 0.145565 0.906934 0.0558165 0.0763 0.255635
