2 0.87752 0.769329 0.132492 0.143179 0.930901
2 0.921356 0.715946 0.133657 0.142212 0.924558
2 0.937501 0.661909 0.124484 0.119334 0.796061
2 0.909871 0.188183 0.0851252 0.0773346 0.781254
2 0.964427 0.531496 0.0705551 0.0637288 0.7482
2 0.850366 0.841863 0.177807 0.204709 0.747052
7 0.807078 0.11194 0.094701 0.102916 0.723968
2 0.807461 0.221759 0.0649773 0.0762214 0.709272
56 0.181223 0.94962 0.0702103 0.0962426 0.61914
2 0.750054 0.955069 0.148605 0.0867357 0.600434
13 0.362117 0.946983 0.0830751 0.10155 0.551389
2 0.955146 0.595411 0.0882936 0.0962476 0.535468
13 0.27167 0.802561 0.0629279 0.0711602 0.528049
13 0.0327131 0.550683 0.0645004 0.0770811 0.521517
13 0.15276 0.63665 0.0699564 0.0841356 0.492294
13 0.108584 0.826378 0.0597332 0.0757982 0.477382
0 0.410022 0.372596 0.0122175 0.0529672 0.475913
13 0.0195777 0.70475 0.0389915 0.087707 0.429908
2 0.971023 0.47795 0.0570496 0.080673 0.402453
13 0.0712029 0.784579 0.0606715 0.0854847 0.393289
13 0.250646 0.591921 0.0642099 0.0818442 0.383732
13 0.261155 0.775723 0.0711104 0.0813195 0.365992
56 0.109561 0.829089 0.0615617 0.0798684 0.361854
0 0.514537 0.210983 0.00704279 0.045366 0.340308
13 0.175654 0.507648 0.0685713 0.0728876 0.338613
13 0.136071 0.887241 0.0639235 0.0828518 0.336145
13 0.231664 0.736477 0.055747 0.0663795 0.330512
13 0.310699 0.876063 0.0636234 0.0845266 0.314808
0 0.432839 0.629183 0.0215553 0.0767393 0.311886
2 0.990595 0.423361 0.0180748 0.0529739 0.306298
13 0.301366 0.86143 0.0792567 0.106779 0.2994
56 0.137396 0.889133 0.0667508 0.0863666 0.292529
13 0.111133 0.723008 0.0628023 0.0849209 0.261071
56 0.302358 0.861387 0.0805329 0.109945 0.25252
56 0.0714702 0.784702 0.0594078 0.0864414 0.250851
