2 0.877421 0.768993 0.132417 0.143131 0.92849
2 0.921301 0.715857 0.133767 0.141458 0.924433
2 0.909875 0.188122 0.0852783 0.0765721 0.811842
2 0.937642 0.659472 0.124102 0.113599 0.781298
2 0.96433 0.531625 0.0707485 0.0641624 0.757425
2 0.807357 0.221521 0.0648787 0.0768053 0.732462
7 0.807251 0.11221 0.094706 0.10287 0.729962
2 0.850389 0.842035 0.177421 0.204549 0.717494
13 0.362111 0.946921 0.0833277 0.101467 0.58584
13 0.27161 0.801485 0.0635353 0.0707121 0.571046
13 0.310958 0.875547 0.0633657 0.0845408 0.537399
56 0.181507 0.949491 0.0705898 0.0963234 0.518351
13 0.109064 0.826716 0.0597224 0.0759304 0.507276
7 0.850184 0.842383 0.176394 0.202852 0.492694
2 0.750348 0.954576 0.147848 0.0870113 0.49103
2 0.955288 0.596089 0.0879024 0.0964725 0.465694
13 0.019739 0.705057 0.0392753 0.0885286 0.443239
13 0.135966 0.886666 0.0639076 0.0823493 0.442321
13 0.0326579 0.55153 0.0640915 0.0780148 0.439851
2 0.971162 0.477932 0.0568577 0.0798704 0.431779
0 0.429872 0.625935 0.0163279 0.0734597 0.431624
13 0.15318 0.636655 0.0693831 0.0843462 0.429206
13 0.231784 0.73656 0.055175 0.0664527 0.406461
13 0.261336 0.775326 0.0708672 0.0804618 0.378988
13 0.070555 0.783611 0.0598062 0.0844079 0.348495
2 0.111384 0.723477 0.0631438 0.0842872 0.344009
13 0.148002 0.911885 0.0515428 0.0713321 0.316901
13 0.251256 0.591291 0.0650903 0.0797843 0.31528
2 0.990936 0.42319 0.0173759 0.0518294 0.312447
13 0.171056 0.50117 0.0598791 0.0593058 0.29498
0 0.514491 0.210581 0.00698166 0.0469705 0.285622
