2 0.87734 0.769275 0.132024 0.14317 0.927079
2 0.921289 0.715804 0.13376 0.141661 0.924746
2 0.909967 0.188228 0.0851789 0.0769893 0.796561
2 0.937382 0.661312 0.124676 0.116957 0.77523
2 0.964426 0.531773 0.0704931 0.0643972 0.737088
2 0.807424 0.222144 0.0644697 0.075947 0.720066
0 0.430221 0.623707 0.0159697 0.0750419 0.682746
7 0.807098 0.111605 0.094401 0.102214 0.68065
7 0.850255 0.84271 0.176374 0.20439 0.671713
2 0.850283 0.842262 0.177594 0.20472 0.657835
13 0.362046 0.946972 0.0832209 0.101511 0.648293
13 0.271855 0.801763 0.0636274 0.0704939 0.610756
2 0.750257 0.954991 0.147674 0.0863213 0.554117
13 0.311106 0.875436 0.0627618 0.0842017 0.536133
2 0.955265 0.591297 0.0881107 0.0886432 0.520432
0 0.514422 0.211023 0.00743923 0.046349 0.501655
56 0.181149 0.949724 0.0702365 0.0963144 0.493096
13 0.10937 0.82857 0.0608704 0.0798062 0.47226
13 0.136443 0.889029 0.064777 0.0859912 0.454612
13 0.231576 0.736206 0.0551748 0.0656884 0.453537
13 0.261371 0.775168 0.0709281 0.0811259 0.409576
13 0.153406 0.636351 0.0689066 0.0845344 0.382283
13 0.0198751 0.704663 0.0395023 0.088355 0.377796
13 0.250826 0.589142 0.0641648 0.0755047 0.377002
13 0.070308 0.784415 0.0626204 0.0852893 0.370966
2 0.111113 0.722997 0.0623026 0.0837134 0.368928
2 0.970956 0.477163 0.0572258 0.0807819 0.34435
13 0.032534 0.550888 0.0641526 0.0768877 0.321382
5 0.032256 0.55003 0.064218 0.0777654 0.294311
13 0.301424 0.861172 0.0790562 0.1052 0.292347
13 0.146815 0.909415 0.0532517 0.0724189 0.290957
13 0.217681 0.714668 0.0661719 0.0773822 0.28455
13 0.200143 0.68586 0.0570125 0.0647607 0.279595
