2 0.877438 0.76928 0.132719 0.143198 0.929534
2 0.921347 0.715755 0.133787 0.141953 0.925796
2 0.909996 0.188279 0.0850233 0.0775828 0.770051
2 0.937497 0.660856 0.124186 0.115391 0.767653
2 0.964418 0.531451 0.0705683 0.0637548 0.741754
2 0.807419 0.222401 0.0644627 0.075897 0.703815
7 0.807244 0.111584 0.0946278 0.101576 0.70054
7 0.850026 0.842373 0.176514 0.205071 0.684216
0 0.411164 0.378597 0.0128205 0.061949 0.641728
2 0.850252 0.841819 0.177643 0.206107 0.633817
2 0.749377 0.955327 0.148018 0.087165 0.542862
13 0.362168 0.946988 0.0832152 0.101896 0.525113
56 0.181293 0.949853 0.0705517 0.0964842 0.51384
2 0.955202 0.596892 0.0880512 0.0988354 0.511326
0 0.514177 0.211223 0.00781746 0.047309 0.498982
13 0.152949 0.63693 0.0693916 0.0847821 0.482872
13 0.271772 0.802415 0.0620839 0.0703613 0.450248
13 0.109135 0.829126 0.0605357 0.0814056 0.446455
13 0.310738 0.876213 0.0637764 0.0860823 0.436636
13 0.231686 0.736664 0.0557296 0.0667769 0.432059
13 0.251401 0.594728 0.0663397 0.0861315 0.417466
13 0.261124 0.775608 0.0712208 0.0816962 0.389343
13 0.0196059 0.704631 0.03901 0.0883131 0.388542
13 0.137551 0.891002 0.0679577 0.0915151 0.384909
13 0.0708042 0.784334 0.0605679 0.0848924 0.354502
0 0.433236 0.625078 0.0228678 0.0875604 0.338908
2 0.97101 0.477916 0.0570965 0.0810625 0.335528
13 0.0323865 0.55072 0.064335 0.0787745 0.286775
2 0.111132 0.723678 0.0622932 0.0851461 0.284831
5 0.0321988 0.550204 0.0640491 0.0776438 0.284647
13 0.217844 0.715222 0.0664239 0.077468 0.283785
13 0.17583 0.508952 0.0689679 0.0748906 0.282296
58 0.456719 0.261244 0.0374866 0.047171 0.274433
2 0.990662 0.423102 0.017952 0.051928 0.25299
