2 0.87741 0.769259 0.13261 0.143418 0.928385
2 0.921393 0.716006 0.133629 0.141833 0.922597
2 0.909896 0.188319 0.0850491 0.0774613 0.798171
2 0.937632 0.6616 0.124085 0.116994 0.786001
2 0.964385 0.532055 0.0706737 0.0647686 0.753438
7 0.807113 0.111577 0.0947087 0.102218 0.735359
2 0.80729 0.22203 0.064991 0.0764688 0.735332
2 0.85042 0.84251 0.177472 0.204233 0.712678
0 0.429542 0.624228 0.0162006 0.0731106 0.5815
13 0.271957 0.801964 0.0631402 0.0704373 0.552674
13 0.362206 0.94695 0.0832939 0.101278 0.550589
56 0.181194 0.949664 0.0705047 0.0963609 0.546331
13 0.153145 0.636981 0.0687946 0.0846141 0.543527
13 0.109207 0.827978 0.0597725 0.078226 0.51798
7 0.850239 0.842694 0.176455 0.202906 0.517473
13 0.0198593 0.704843 0.0395099 0.08814 0.483929
13 0.310735 0.875932 0.0637886 0.0827501 0.480784
2 0.955179 0.59635 0.0881287 0.0974409 0.479253
13 0.0324671 0.55109 0.0640296 0.077293 0.462229
13 0.135902 0.886824 0.0640729 0.0828064 0.449209
2 0.971006 0.477661 0.0571329 0.0803052 0.436794
13 0.231722 0.736482 0.0547208 0.0659671 0.422103
2 0.750007 0.954364 0.148664 0.0868543 0.409126
13 0.2614 0.775343 0.0708133 0.0809438 0.40905
13 0.250807 0.592542 0.0646745 0.0817083 0.389568
2 0.111176 0.72322 0.0623872 0.0841454 0.360381
13 0.0705076 0.784101 0.0606633 0.0850223 0.357441
2 0.990804 0.422271 0.0176523 0.0510384 0.316325
13 0.147981 0.912024 0.0515129 0.0707048 0.305222
2 0.710371 0.955648 0.0682127 0.0830902 0.293047
13 0.217981 0.714409 0.0665577 0.0769174 0.28552
13 0.189278 0.660506 0.0667839 0.0723065 0.279254
13 0.200706 0.686034 0.0571074 0.0651555 0.27499
