2 0.877353 0.769414 0.132282 0.143008 0.92904
2 0.921284 0.715826 0.133728 0.141762 0.927187
2 0.909892 0.188162 0.0850376 0.0769901 0.815444
2 0.937449 0.662385 0.124443 0.118256 0.76391
2 0.807552 0.222297 0.064555 0.0765511 0.757419
2 0.964407 0.531844 0.0705692 0.0649056 0.730764
7 0.807177 0.111616 0.0947399 0.101447 0.709768
7 0.850215 0.842545 0.176482 0.204853 0.68291
2 0.8503 0.841905 0.177637 0.205718 0.668329
13 0.362355 0.946904 0.0833415 0.101623 0.627997
13 0.272157 0.802451 0.0625256 0.070443 0.568293
56 0.181295 0.949597 0.0702945 0.0964402 0.56517
2 0.748908 0.955545 0.147872 0.0870639 0.556387
13 0.153207 0.63762 0.0695872 0.0859224 0.528272
0 0.406071 0.364449 0.0122405 0.0542421 0.502516
2 0.955262 0.5968 0.0880425 0.0986816 0.497118
13 0.0196211 0.704378 0.0390793 0.0888711 0.49387
13 0.311082 0.875654 0.0632779 0.084216 0.493198
13 0.109238 0.82804 0.0597281 0.0783851 0.489742
13 0.2613 0.775387 0.071029 0.0805922 0.447212
0 0.429817 0.626119 0.0170883 0.0723007 0.434954
13 0.0327252 0.550802 0.063689 0.0762775 0.428256
13 0.251298 0.594385 0.0654791 0.0861313 0.425263
13 0.136101 0.888047 0.0643307 0.0843072 0.416037
13 0.231492 0.736455 0.0554286 0.0659749 0.411091
13 0.070709 0.784807 0.0628044 0.0863273 0.403858
2 0.970936 0.477684 0.0572536 0.0809218 0.384121
13 0.300739 0.861198 0.0776986 0.106061 0.333191
2 0.990948 0.423286 0.0173664 0.0527448 0.3306
0 0.417819 0.560177 0.0141656 0.0594048 0.318301
2 0.921325 0.692156 0.138004 0.134886 0.303109
13 0.217791 0.714851 0.0656949 0.0771817 0.286546
13 0.200205 0.685478 0.0572238 0.0654705 0.284252
0 0.513945 0.210802 0.00836496 0.0463252 0.273461
13 0.147673 0.911276 0.0519757 0.0698734 0.264922
13 0.189355 0.662445 0.0672238 0.0755052 0.254918
56 0.109765 0.830664 0.0618468 0.0838999 0.252428
