2 0.877252 0.76907 0.132306 0.142978 0.929098
2 0.921381 0.715645 0.133892 0.141865 0.920046
2 0.909887 0.188569 0.0848894 0.0770939 0.798425
2 0.937576 0.660994 0.124139 0.115974 0.797747
7 0.850313 0.84255 0.176319 0.204625 0.792662
2 0.964416 0.531653 0.0705776 0.0638387 0.732847
7 0.807216 0.11217 0.0943863 0.103089 0.714502
2 0.807231 0.221967 0.0646057 0.0757548 0.702307
13 0.362134 0.94694 0.083473 0.101627 0.618136
0 0.417482 0.547627 0.0254556 0.0550012 0.574359
0 0.429844 0.627341 0.0165114 0.0683246 0.570942
56 0.18132 0.949772 0.0704073 0.0966216 0.567867
2 0.748897 0.955745 0.148219 0.0865678 0.559407
13 0.176451 0.511331 0.0705364 0.0803667 0.529221
2 0.850343 0.841897 0.177375 0.2054 0.52797
13 0.109066 0.830816 0.0612174 0.0850438 0.525318
13 0.152893 0.637235 0.0694736 0.0850578 0.490167
13 0.272261 0.802427 0.0614114 0.0705729 0.48221
13 0.0324214 0.550639 0.0636824 0.0767153 0.479963
13 0.0196213 0.704861 0.0390679 0.0884781 0.4697
13 0.251248 0.593516 0.0651856 0.0844686 0.454373
2 0.955213 0.594427 0.0881231 0.0927594 0.431051
13 0.0712149 0.78438 0.0609104 0.0849789 0.412713
13 0.311132 0.875406 0.0628898 0.0842802 0.410108
2 0.970931 0.477991 0.0572186 0.0802716 0.402342
13 0.26134 0.775555 0.0716854 0.0820974 0.379
0 0.514315 0.211433 0.00801716 0.046942 0.378246
13 0.136419 0.889171 0.065264 0.0869039 0.356618
13 0.231884 0.737583 0.0551414 0.0680968 0.338279
13 0.219636 0.716135 0.0685895 0.0796368 0.314159
13 0.301314 0.861616 0.078721 0.106103 0.287323
56 0.109867 0.831842 0.0629357 0.0862495 0.282827
2 0.990603 0.423538 0.0180622 0.0534011 0.258964
