2 0.87735 0.769188 0.132524 0.142783 0.926368
2 0.921408 0.716192 0.133729 0.14265 0.923999
2 0.910033 0.188154 0.0848755 0.07731 0.796893
2 0.807231 0.221963 0.0648691 0.0754419 0.781725
2 0.937552 0.660892 0.124306 0.116015 0.770182
2 0.964414 0.531589 0.0705248 0.0640173 0.746069
2 0.850466 0.843065 0.17732 0.203448 0.678661
7 0.80708 0.111561 0.094322 0.101362 0.664159
0 0.43015 0.624681 0.0163367 0.0742489 0.649622
13 0.362043 0.946982 0.0834911 0.102057 0.647959
7 0.850427 0.843118 0.176306 0.203872 0.647288
13 0.272361 0.802075 0.062163 0.0707774 0.617859
2 0.955104 0.596714 0.0884842 0.0989805 0.542182
13 0.310883 0.87578 0.0637501 0.0845503 0.526731
13 0.0196366 0.704817 0.039105 0.0880452 0.522909
13 0.231368 0.736502 0.0554081 0.0662137 0.521748
13 0.109449 0.832252 0.0602135 0.0866828 0.515197
13 0.152776 0.637235 0.070014 0.0851642 0.514407
2 0.750189 0.954725 0.148875 0.0864553 0.49045
13 0.261347 0.775687 0.0713957 0.0811925 0.485408
56 0.181215 0.949738 0.0703928 0.0966332 0.482413
2 0.111651 0.723815 0.0635624 0.086322 0.464649
13 0.136551 0.889728 0.0654087 0.0883859 0.454193
13 0.0711642 0.783938 0.0613421 0.0850035 0.451321
2 0.970882 0.477534 0.057312 0.081181 0.444529
13 0.032941 0.551232 0.0637524 0.0767279 0.443061
13 0.249451 0.58745 0.0611542 0.0722841 0.421414
13 0.170983 0.502516 0.0592927 0.0616178 0.364906
2 0.990381 0.423619 0.0184906 0.0538612 0.360101
13 0.217785 0.714787 0.0655597 0.0771566 0.345602
13 0.200503 0.68596 0.0569721 0.0654829 0.334678
13 0.300095 0.859745 0.0763662 0.103654 0.318781
13 0.400046 0.552162 0.0211955 0.0299384 0.315715
0 0.514652 0.211654 0.00691395 0.0485671 0.312238
58 0.456638 0.261749 0.0379403 0.0477599 0.271235
13 0.189272 0.662316 0.0678105 0.0758301 0.258845
