2 0.877488 0.769412 0.132294 0.143368 0.929561
2 0.92143 0.715955 0.133717 0.142034 0.92866
2 0.937563 0.660251 0.124159 0.115347 0.774377
2 0.909921 0.188176 0.0851921 0.0770641 0.763588
2 0.964435 0.531715 0.0704796 0.0640511 0.750892
7 0.850264 0.842088 0.177039 0.204772 0.726747
7 0.807236 0.111538 0.0943825 0.101866 0.725019
2 0.807345 0.22212 0.0649298 0.0755942 0.720061
2 0.850316 0.841339 0.178015 0.205719 0.622004
13 0.361996 0.947 0.0833245 0.101957 0.593754
56 0.181603 0.94941 0.070853 0.0965732 0.54659
13 0.0328326 0.551148 0.064403 0.077231 0.545953
13 0.2721 0.802137 0.0633798 0.0714844 0.543818
13 0.0199864 0.704636 0.0397382 0.0882723 0.522393
2 0.955124 0.596209 0.0883429 0.098603 0.512065
13 0.153091 0.637115 0.068867 0.0852175 0.502592
13 0.1092 0.82753 0.0597278 0.0766942 0.448748
2 0.750564 0.954478 0.148598 0.0868353 0.439935
13 0.136198 0.888281 0.0639125 0.0854533 0.433053
13 0.261336 0.775567 0.0714351 0.0818058 0.421061
13 0.31104 0.875324 0.0628348 0.0843764 0.411513
13 0.231534 0.73657 0.0555562 0.0660931 0.408946
13 0.250893 0.5892 0.0643064 0.0754404 0.390032
0 0.429935 0.62689 0.0171741 0.0704885 0.337053
2 0.971033 0.477799 0.0570169 0.0804669 0.333599
13 0.070437 0.784767 0.0625824 0.0857354 0.330067
0 0.514512 0.210544 0.00676651 0.0461224 0.322009
56 0.109838 0.830086 0.0620487 0.082096 0.303011
13 0.217226 0.715069 0.0666185 0.0780872 0.29191
13 0.301543 0.861772 0.0788692 0.106484 0.257735
13 0.147258 0.910709 0.0523544 0.0700504 0.257729
