2 0.877236 0.768999 0.132354 0.142209 0.929217
2 0.921301 0.715859 0.133733 0.141324 0.918543
2 0.90986 0.188114 0.0850086 0.0769667 0.795636
2 0.937483 0.658692 0.124313 0.111601 0.751823
2 0.807244 0.221761 0.0646273 0.0772785 0.744203
2 0.964447 0.532098 0.0704723 0.0647969 0.743967
7 0.807144 0.111805 0.0945588 0.102134 0.718624
2 0.850418 0.841692 0.177577 0.205454 0.677981
13 0.272234 0.801363 0.0640354 0.0710442 0.655743
7 0.850461 0.842527 0.176672 0.204476 0.654398
2 0.749233 0.955662 0.148111 0.0866295 0.606591
13 0.362015 0.946837 0.0828656 0.101242 0.590936
0 0.411585 0.375759 0.0127677 0.0530762 0.574769
2 0.955175 0.596322 0.0881979 0.0976883 0.536372
13 0.0193816 0.705055 0.0385601 0.0876044 0.533951
56 0.18147 0.949659 0.0707732 0.096337 0.518311
13 0.109109 0.826733 0.0596063 0.075415 0.515618
13 0.152747 0.637321 0.0698887 0.0858365 0.508008
13 0.31262 0.87652 0.0601154 0.0820789 0.507043
13 0.032591 0.551192 0.0641153 0.0774087 0.496461
0 0.432705 0.623937 0.0227087 0.0756787 0.473258
13 0.071365 0.784451 0.0607591 0.0861059 0.451717
13 0.261171 0.775445 0.0710549 0.0816535 0.434492
13 0.231896 0.736354 0.0561339 0.0659217 0.421446
13 0.136321 0.88823 0.0645672 0.0844089 0.393707
13 0.251547 0.594586 0.0657811 0.0863214 0.370374
2 0.970921 0.477657 0.0572315 0.0815719 0.342401
0 0.514653 0.210362 0.00707388 0.0453552 0.309725
13 0.170809 0.501226 0.0593602 0.0588047 0.301795
13 0.217517 0.714274 0.0667747 0.0762524 0.299962
13 0.298053 0.85677 0.0721908 0.100375 0.298717
13 0.200893 0.686171 0.0572267 0.0650084 0.297091
2 0.990647 0.423024 0.0179779 0.0523819 0.290741
56 0.109847 0.82952 0.0620425 0.0807917 0.261135
60 0.136177 0.888879 0.0633338 0.0845517 0.257612
