2 0.921301 0.716056 0.133656 0.141086 0.934711
2 0.87728 0.769175 0.132223 0.143324 0.927131
2 0.909981 0.188431 0.0851124 0.0773786 0.817155
2 0.937487 0.661032 0.124699 0.11629 0.752571
2 0.807397 0.222292 0.0645769 0.0772986 0.751054
2 0.964133 0.531999 0.0708496 0.0649743 0.739571
2 0.850424 0.841762 0.177506 0.206091 0.723107
7 0.807238 0.112014 0.0946424 0.102689 0.687827
13 0.362144 0.947002 0.0832891 0.1017 0.670823
13 0.271755 0.800803 0.0637713 0.0713199 0.617156
13 0.31085 0.875244 0.0633555 0.0842211 0.562969
56 0.181048 0.949595 0.0703379 0.0967058 0.509505
7 0.850396 0.842745 0.176279 0.204798 0.503126
13 0.136163 0.887643 0.06421 0.0839993 0.495692
2 0.955221 0.594016 0.088191 0.093188 0.477947
2 0.111331 0.723914 0.0624329 0.0844028 0.475813
2 0.750091 0.95446 0.148029 0.0872885 0.471821
13 0.109466 0.829303 0.0608486 0.0815692 0.466528
13 0.153085 0.635856 0.0695564 0.0835568 0.445674
0 0.430064 0.624635 0.0166192 0.0746197 0.432509
13 0.231365 0.736436 0.0559262 0.066325 0.430118
13 0.0196296 0.704354 0.0390292 0.0886946 0.417298
2 0.97091 0.477727 0.057254 0.0813577 0.412452
13 0.261331 0.775254 0.0709714 0.0811 0.381069
0 0.402557 0.361736 0.0107094 0.0540603 0.357869
13 0.147978 0.911759 0.0512628 0.0707696 0.353719
2 0.990758 0.423902 0.0177496 0.0539569 0.332795
13 0.250613 0.590655 0.064858 0.0786597 0.324676
0 0.514488 0.21029 0.00681286 0.0476408 0.311024
58 0.456612 0.261592 0.0377369 0.0476904 0.307044
13 0.0697811 0.78298 0.0596201 0.0825409 0.289962
13 0.217888 0.714609 0.0665969 0.0766832 0.28163
13 0.200849 0.68605 0.0572428 0.0651598 0.263358
13 0.298015 0.855582 0.0729816 0.0979848 0.250633
