2 0.877313 0.769409 0.132637 0.143098 0.929384
2 0.921366 0.715693 0.133701 0.141549 0.923383
2 0.909914 0.1886 0.0849964 0.0774899 0.770169
2 0.937535 0.661734 0.124217 0.116133 0.754162
2 0.964473 0.531683 0.070438 0.0640154 0.746817
2 0.807369 0.222203 0.0646191 0.0747226 0.707727
7 0.807193 0.111613 0.0946423 0.102058 0.704348
7 0.85019 0.842867 0.176535 0.203105 0.699602
2 0.850336 0.843226 0.177487 0.202151 0.627793
0 0.411142 0.380669 0.0123501 0.0595902 0.623033
13 0.362105 0.947033 0.0833565 0.101776 0.569171
2 0.74886 0.955528 0.148487 0.0869168 0.564716
2 0.955233 0.596494 0.0880672 0.0983075 0.554963
56 0.181207 0.9496 0.0702566 0.0963927 0.531388
13 0.153303 0.637541 0.06923 0.0858029 0.530465
13 0.108618 0.828243 0.0602561 0.0791612 0.529539
13 0.0704821 0.784278 0.0613744 0.0848894 0.434339
13 0.272278 0.802308 0.0619912 0.070694 0.414361
13 0.0196559 0.704997 0.0391081 0.0886478 0.381399
13 0.231458 0.736859 0.0560786 0.0668155 0.377731
13 0.310604 0.875692 0.0639547 0.0846809 0.37051
2 0.970977 0.477705 0.0571983 0.0810194 0.370121
13 0.137007 0.890066 0.0662995 0.0883253 0.367583
13 0.250951 0.590806 0.0648695 0.0783091 0.361515
13 0.032581 0.550998 0.0636744 0.0774107 0.359085
13 0.261381 0.775569 0.0716546 0.0820791 0.351441
0 0.514578 0.210909 0.00679474 0.0472398 0.324044
0 0.433448 0.625071 0.0231709 0.0856869 0.321509
13 0.175726 0.507815 0.0686359 0.0713319 0.291438
13 0.217792 0.715424 0.066829 0.077695 0.288618
2 0.111498 0.723725 0.0621881 0.0858195 0.262322
2 0.990952 0.423119 0.017382 0.0523136 0.260872
