2 0.877428 0.769256 0.132573 0.142672 0.928385
2 0.921294 0.716016 0.133801 0.141151 0.922471
2 0.909911 0.18808 0.0851093 0.0771253 0.780627
7 0.807088 0.111674 0.0944534 0.101618 0.779358
7 0.850297 0.84284 0.175978 0.203903 0.779323
2 0.937612 0.660532 0.124114 0.114997 0.768833
2 0.807374 0.22211 0.0648649 0.0752672 0.747383
2 0.964405 0.531468 0.0705564 0.0638583 0.742651
0 0.430025 0.623751 0.0160358 0.0740534 0.66692
13 0.271674 0.801584 0.0637413 0.0702059 0.617075
13 0.362069 0.946977 0.0833694 0.101737 0.59538
2 0.850382 0.842667 0.177259 0.203732 0.558347
13 0.311119 0.876102 0.0634208 0.0836568 0.5256
2 0.74907 0.955477 0.147854 0.0868974 0.520553
56 0.181167 0.949652 0.0702312 0.0961073 0.518598
13 0.109057 0.827577 0.0594882 0.0774346 0.503908
13 0.261087 0.775113 0.0703736 0.0797273 0.492433
13 0.231495 0.736648 0.0551432 0.065898 0.491492
13 0.0197009 0.704887 0.0391598 0.0888699 0.46368
13 0.032536 0.551157 0.0639426 0.0771862 0.427017
13 0.153072 0.636072 0.0689793 0.0828674 0.423975
13 0.0701406 0.784118 0.0631073 0.0847399 0.4216
13 0.136439 0.889121 0.0654217 0.0865891 0.416778
2 0.955171 0.595775 0.088176 0.0972934 0.412835
13 0.250436 0.590884 0.0640142 0.0793104 0.355173
2 0.970964 0.47771 0.0571249 0.0810594 0.34599
0 0.5143 0.210778 0.00776539 0.0467979 0.333966
13 0.176244 0.509753 0.0698271 0.0766541 0.329358
13 0.200262 0.68569 0.0571725 0.0648054 0.298173
13 0.18935 0.660515 0.0665334 0.0713821 0.297008
2 0.990625 0.423287 0.0180176 0.0527837 0.29301
13 0.217846 0.713896 0.0655087 0.0760651 0.289003
13 0.297698 0.854825 0.0723759 0.0964277 0.274677
