2 0.877428 0.769217 0.132406 0.143207 0.92992
2 0.921394 0.715887 0.13357 0.14124 0.927356
2 0.909826 0.188186 0.0849596 0.0773432 0.791695
2 0.937415 0.661516 0.124421 0.114985 0.779158
2 0.964368 0.531722 0.0706787 0.0644431 0.748578
2 0.807199 0.22241 0.0652914 0.0757034 0.729254
2 0.850463 0.84264 0.177282 0.203859 0.68158
7 0.807198 0.112084 0.0944111 0.103151 0.665549
7 0.850374 0.842804 0.176177 0.204139 0.629176
13 0.272526 0.801314 0.0631353 0.0712655 0.570346
13 0.362574 0.947049 0.084033 0.102072 0.568137
56 0.181226 0.949744 0.0705731 0.096724 0.528676
13 0.153403 0.63683 0.0685518 0.0844643 0.516954
13 0.0197219 0.70445 0.0392147 0.0877792 0.513121
2 0.955356 0.597475 0.0876499 0.0995948 0.50527
0 0.403799 0.361025 0.0112544 0.0541474 0.48772
2 0.750215 0.954836 0.148175 0.0862833 0.48142
13 0.109093 0.829127 0.0603156 0.0814806 0.472774
2 0.971065 0.477575 0.0569798 0.0808161 0.454285
13 0.310964 0.875443 0.0636259 0.0841749 0.449772
0 0.514365 0.211299 0.00735664 0.0473168 0.448688
13 0.135894 0.887951 0.0637745 0.0843389 0.436451
0 0.429962 0.624483 0.0166224 0.0739599 0.430781
13 0.261264 0.775499 0.0711256 0.0814745 0.41939
13 0.231561 0.736326 0.055749 0.0658727 0.405664
13 0.07095 0.784467 0.0614787 0.0857215 0.402957
58 0.456442 0.26178 0.0380396 0.0479889 0.402397
13 0.0325777 0.551502 0.0641647 0.0777211 0.380327
13 0.250825 0.588676 0.0651134 0.0746162 0.362386
2 0.110865 0.723579 0.0615106 0.0853231 0.340478
2 0.990406 0.422609 0.0184521 0.052835 0.317858
13 0.176314 0.509888 0.0694736 0.0769226 0.295209
13 0.147812 0.912012 0.0517125 0.0708082 0.291298
13 0.219636 0.716683 0.0673511 0.0801979 0.290995
13 0.200549 0.68613 0.0573974 0.066498 0.255726
