2 0.877347 0.76913 0.13227 0.142969 0.929209
2 0.921335 0.715848 0.133739 0.142093 0.927987
2 0.909964 0.188478 0.0848917 0.0777616 0.785085
2 0.937624 0.65923 0.124188 0.112782 0.763433
2 0.964364 0.531728 0.0706419 0.0640336 0.748153
2 0.850302 0.842721 0.177523 0.203869 0.722678
2 0.807339 0.221707 0.0650208 0.0769696 0.722664
7 0.807333 0.111754 0.0944241 0.102035 0.717022
0 0.429649 0.623988 0.016202 0.0763572 0.627997
13 0.36226 0.94698 0.0837078 0.10184 0.598389
2 0.750146 0.95513 0.147831 0.0858059 0.55219
13 0.272417 0.801965 0.062254 0.0712528 0.543086
2 0.955064 0.592261 0.0883892 0.0903734 0.538078
7 0.8501 0.842774 0.176503 0.202712 0.522995
13 0.153377 0.636042 0.0690739 0.083522 0.509285
56 0.181471 0.94979 0.0705687 0.0964508 0.467958
13 0.109406 0.828775 0.0605544 0.0805993 0.458029
13 0.261119 0.775713 0.0707677 0.081928 0.443051
13 0.0198446 0.704546 0.0394958 0.0892752 0.440787
13 0.250297 0.588308 0.0638074 0.0739714 0.434161
13 0.231478 0.736735 0.0556496 0.0667579 0.431257
13 0.136644 0.889717 0.0651496 0.0878226 0.429282
13 0.0708978 0.784216 0.0618624 0.0854899 0.423918
0 0.42853 0.561589 0.0321971 0.064033 0.420656
13 0.301776 0.861407 0.0797623 0.106718 0.399979
2 0.971063 0.477532 0.056995 0.0819488 0.398777
13 0.032593 0.551096 0.0638705 0.0772095 0.393582
0 0.513956 0.209513 0.00832691 0.0452725 0.367318
13 0.311825 0.875114 0.0620574 0.0840949 0.341232
13 0.219873 0.716372 0.0679237 0.079593 0.334004
13 0.200696 0.686787 0.058071 0.067411 0.282926
2 0.111096 0.723053 0.0628823 0.085121 0.276183
2 0.990758 0.423481 0.0177574 0.052891 0.265691
13 0.188972 0.661594 0.0683503 0.0754771 0.250553
5 0.0324 0.550325 0.0644044 0.079038 0.250347
