2 0.921336 0.715904 0.133876 0.141611 0.928742
2 0.87737 0.769127 0.132222 0.143159 0.928281
2 0.937511 0.661401 0.124417 0.116974 0.790857
2 0.909921 0.18823 0.0850098 0.0767259 0.780827
2 0.964472 0.531695 0.0704052 0.0638458 0.736835
2 0.807221 0.221787 0.0645403 0.0754792 0.730384
7 0.807056 0.111863 0.0944916 0.102473 0.690393
2 0.850413 0.842205 0.177598 0.204943 0.669172
7 0.850433 0.842728 0.176564 0.204391 0.639375
13 0.361963 0.946947 0.0836303 0.101903 0.598231
0 0.430037 0.626751 0.0168165 0.0740217 0.572538
56 0.18112 0.949537 0.0701564 0.0967117 0.564706
13 0.272222 0.801829 0.0621562 0.0712663 0.543125
13 0.0196165 0.704601 0.039041 0.0891891 0.540768
0 0.417278 0.547409 0.0248034 0.0550676 0.51476
13 0.108823 0.828603 0.0603187 0.0818505 0.488544
13 0.153078 0.637296 0.0694314 0.0855829 0.467934
2 0.955208 0.595362 0.0881849 0.0954641 0.467279
2 0.749853 0.954774 0.148956 0.0867883 0.458464
13 0.0712055 0.784904 0.0613831 0.0859446 0.453867
13 0.311229 0.875568 0.0628387 0.0845625 0.421554
13 0.261446 0.775726 0.071394 0.0823944 0.397909
0 0.513899 0.210564 0.00844555 0.0465675 0.386993
13 0.251001 0.593824 0.0653746 0.0851473 0.379505
13 0.231642 0.736392 0.0554337 0.0660088 0.360597
13 0.136271 0.888828 0.0648032 0.0866987 0.359298
2 0.970862 0.477787 0.0573372 0.0802738 0.357011
2 0.111364 0.723548 0.062293 0.0846017 0.356252
13 0.0323872 0.550559 0.0637841 0.076791 0.318333
13 0.218127 0.71514 0.0665106 0.0783147 0.301689
13 0.176556 0.510917 0.0709213 0.0801012 0.29708
56 0.109782 0.830781 0.0622653 0.0848645 0.292403
13 0.300677 0.860564 0.0774355 0.105048 0.290745
5 0.0322222 0.54978 0.0641516 0.0785199 0.284887
2 0.711147 0.955619 0.0700555 0.0833092 0.283782
2 0.990645 0.423509 0.0179764 0.0542027 0.271464
56 0.137619 0.891046 0.0678386 0.0905592 0.254627
13 0.200542 0.686609 0.0569906 0.0656268 0.251312
