2 0.921324 0.71582 0.133566 0.141996 0.928221
2 0.877333 0.769229 0.13222 0.143281 0.926448
2 0.909992 0.187992 0.0849874 0.0768818 0.774332
2 0.937536 0.661054 0.124371 0.117891 0.764926
2 0.964378 0.531402 0.0706116 0.0637721 0.73169
2 0.807434 0.221035 0.0644711 0.0772467 0.697703
2 0.850333 0.842066 0.177922 0.203446 0.686601
7 0.807149 0.111878 0.0946651 0.102637 0.678617
7 0.850299 0.842406 0.176954 0.203415 0.646116
13 0.362072 0.947086 0.083356 0.101614 0.607488
56 0.181214 0.949594 0.0700633 0.0966627 0.576927
13 0.019902 0.704587 0.0395938 0.0881894 0.563632
13 0.27154 0.80174 0.0638971 0.0712714 0.562899
13 0.15274 0.637542 0.0706644 0.0854544 0.51735
0 0.408017 0.367529 0.0138181 0.0562844 0.494935
13 0.0327426 0.550957 0.0642896 0.0770881 0.491922
13 0.109138 0.826894 0.0593193 0.0764808 0.456413
2 0.955149 0.594923 0.0882689 0.0960432 0.452592
0 0.43086 0.627656 0.0185827 0.0709262 0.440268
13 0.0710892 0.784267 0.0611471 0.0855164 0.413702
13 0.250996 0.592428 0.0645815 0.0825214 0.411468
13 0.300658 0.860206 0.0778325 0.104778 0.3868
2 0.970955 0.477784 0.0572256 0.0810231 0.383031
13 0.261096 0.775377 0.0707191 0.0808492 0.362834
13 0.311042 0.87564 0.0628976 0.0836792 0.348346
2 0.750025 0.95439 0.148253 0.0871579 0.341553
13 0.231755 0.736683 0.0558384 0.0668121 0.34139
13 0.136476 0.888732 0.0650347 0.0857869 0.324882
13 0.175388 0.505296 0.0680376 0.0683467 0.308648
2 0.990549 0.422787 0.0181562 0.0514348 0.30308
2 0.111343 0.72284 0.062886 0.0851327 0.300812
2 0.711097 0.95558 0.0692659 0.0836945 0.299741
2 0.766619 0.961174 0.113569 0.0725657 0.294246
56 0.109933 0.830032 0.061886 0.0827593 0.284204
58 0.456661 0.262123 0.0379184 0.0483587 0.277307
13 0.21789 0.715087 0.0659261 0.0777939 0.269135
13 0.200598 0.686514 0.05725 0.0653408 0.263193
13 0.18902 0.66277 0.068999 0.0764321 0.262112
2 0.92447 0.675901 0.132489 0.121734 0.25488
56 0.138724 0.894219 0.0674532 0.0968379 0.250389
