2 0.877356 0.769167 0.132415 0.143017 0.928301
2 0.921341 0.716025 0.133828 0.141762 0.92253
2 0.937672 0.662011 0.124061 0.118054 0.779401
7 0.850128 0.841924 0.17696 0.204876 0.754287
2 0.909975 0.188072 0.0850306 0.0771592 0.753038
2 0.964434 0.53175 0.0705086 0.0643358 0.710666
2 0.807289 0.221684 0.0648714 0.0771215 0.67722
7 0.80712 0.111943 0.0942169 0.102426 0.660191
13 0.362144 0.947024 0.0830401 0.101528 0.616367
2 0.850185 0.840703 0.178013 0.206619 0.577639
13 0.27168 0.801536 0.0627184 0.0709203 0.551635
0 0.429898 0.626789 0.0170317 0.0728395 0.547065
56 0.181219 0.949449 0.071132 0.096506 0.522155
13 0.153132 0.636912 0.068978 0.0848214 0.502385
13 0.0195263 0.704856 0.038847 0.0897559 0.46736
2 0.955265 0.595024 0.088129 0.0955838 0.461205
13 0.108977 0.827846 0.0597204 0.0777788 0.456577
13 0.231616 0.736476 0.0556916 0.0664903 0.411352
13 0.312447 0.876253 0.0608611 0.082919 0.387631
13 0.0326203 0.551069 0.0643604 0.0779219 0.387388
13 0.2613 0.77572 0.0709855 0.0820682 0.383459
2 0.748721 0.955726 0.148401 0.0865857 0.368224
60 0.136695 0.890156 0.0653002 0.0883725 0.365973
13 0.0708598 0.784342 0.0614404 0.0853456 0.364238
0 0.513978 0.211175 0.0081337 0.0480088 0.361171
0 0.41831 0.548797 0.0232971 0.0564342 0.350739
13 0.13741 0.890843 0.0672751 0.09088 0.344695
2 0.110929 0.723381 0.0618639 0.0846876 0.340449
13 0.251034 0.59373 0.0654311 0.0856878 0.338367
58 0.456567 0.2626 0.038042 0.0500428 0.325993
2 0.970977 0.47768 0.0571846 0.0813261 0.288956
13 0.217777 0.715021 0.0660018 0.0775433 0.280779
5 0.0323486 0.550351 0.0644079 0.0783765 0.280081
13 0.170928 0.502644 0.0595026 0.0619379 0.27806
13 0.200512 0.686597 0.0571138 0.066164 0.267662
2 0.710463 0.955798 0.0679511 0.0827194 0.253716
