2 0.921332 0.716329 0.133765 0.141631 0.926806
2 0.877287 0.769411 0.132413 0.143166 0.923965
2 0.937469 0.661332 0.124398 0.116248 0.767912
2 0.909968 0.188195 0.0850441 0.0777123 0.746497
2 0.964422 0.532108 0.070554 0.0651048 0.738526
2 0.807278 0.222086 0.0651976 0.0761387 0.721321
2 0.850481 0.841681 0.177638 0.206356 0.704703
0 0.429892 0.62407 0.0160025 0.0737123 0.64582
7 0.850497 0.842445 0.176687 0.205214 0.617337
13 0.362035 0.946857 0.0833975 0.101985 0.607005
7 0.807168 0.111753 0.0947938 0.102282 0.579634
13 0.109028 0.827312 0.0594051 0.0770006 0.540262
13 0.272116 0.80256 0.0618151 0.0703569 0.530849
13 0.152795 0.636454 0.0691864 0.0839803 0.51761
2 0.955169 0.596696 0.0882164 0.0982964 0.492404
13 0.0196731 0.705289 0.0391255 0.088218 0.491489
13 0.310899 0.875803 0.0636147 0.0824927 0.485419
13 0.0327185 0.55082 0.0639129 0.076669 0.474628
56 0.18105 0.949593 0.0702644 0.0962683 0.44821
13 0.261496 0.775484 0.0713589 0.080668 0.445848
13 0.231365 0.736435 0.0546853 0.065978 0.438918
13 0.0709033 0.784364 0.0611099 0.0851179 0.39679
2 0.970844 0.477657 0.0573765 0.081536 0.392209
13 0.136186 0.88879 0.0644459 0.0861959 0.387911
13 0.25009 0.587796 0.0624584 0.0732368 0.373178
2 0.750226 0.954224 0.149005 0.0876881 0.354858
2 0.99031 0.423017 0.0186432 0.0524867 0.33327
0 0.514483 0.210989 0.00715466 0.0455917 0.32704
2 0.710778 0.955458 0.0703359 0.0835954 0.314268
13 0.218147 0.71448 0.0665421 0.0768273 0.311835
60 0.135975 0.8893 0.0632168 0.0860287 0.273076
13 0.200497 0.686042 0.0565957 0.0660607 0.272827
13 0.189058 0.661046 0.066879 0.0724904 0.260017
13 0.175803 0.507488 0.0686957 0.0707128 0.256798
