2 0.877318 0.769232 0.132379 0.143111 0.92934
2 0.921348 0.716044 0.133895 0.141538 0.921702
2 0.909843 0.188014 0.0850155 0.076675 0.776385
2 0.937385 0.659183 0.124528 0.111974 0.754721
2 0.964412 0.53121 0.0705221 0.0634232 0.750387
7 0.807212 0.112161 0.0944027 0.102787 0.733445
7 0.850459 0.842416 0.176728 0.203735 0.720591
2 0.807425 0.222059 0.0647332 0.0765864 0.709685
2 0.850448 0.84215 0.177723 0.203643 0.638074
56 0.181295 0.949497 0.0706464 0.0962336 0.599288
13 0.272163 0.802059 0.0620726 0.0716712 0.570023
13 0.36211 0.946979 0.0830138 0.101542 0.567176
0 0.410929 0.372639 0.0107344 0.0508445 0.533745
13 0.109091 0.826351 0.0592558 0.0745931 0.515876
2 0.955274 0.595441 0.0881218 0.0967065 0.498011
13 0.152677 0.636614 0.070222 0.0843452 0.497761
13 0.0194788 0.705325 0.0387514 0.088344 0.43827
13 0.261359 0.776014 0.0711519 0.0820691 0.427745
2 0.748733 0.955531 0.148615 0.087098 0.420443
0 0.431891 0.625792 0.0208405 0.0739717 0.414682
13 0.231738 0.736587 0.0551332 0.0665454 0.413136
13 0.0326532 0.550988 0.0644798 0.0771795 0.409771
0 0.514334 0.210292 0.00726757 0.04799 0.408353
13 0.251034 0.59133 0.0656166 0.0803574 0.376122
13 0.0707136 0.783749 0.060939 0.0841868 0.371551
13 0.136554 0.887484 0.0645755 0.0836446 0.364052
13 0.301496 0.861455 0.0794703 0.107088 0.363325
2 0.970952 0.477654 0.0572363 0.0812944 0.348943
13 0.310788 0.876004 0.063225 0.0844615 0.345035
13 0.217811 0.715169 0.0674049 0.0782451 0.314768
2 0.991051 0.423383 0.0171673 0.0528318 0.290792
56 0.109703 0.828612 0.0615867 0.0792631 0.280564
2 0.711071 0.95574 0.0690718 0.0833363 0.270494
13 0.175836 0.508833 0.0690671 0.0751741 0.270432
0 0.41679 0.567665 0.0125965 0.0521074 0.256352
13 0.20107 0.686526 0.0568082 0.0650121 0.256251
