2 0.877446 0.769114 0.13251 0.143271 0.928553
2 0.921265 0.715747 0.133777 0.141283 0.927508
2 0.909935 0.188069 0.0850683 0.076766 0.792591
2 0.937515 0.660968 0.124448 0.115355 0.76669
2 0.964422 0.531629 0.0705463 0.0639716 0.742132
2 0.807425 0.221353 0.0648003 0.0754288 0.72884
2 0.850364 0.843202 0.177808 0.202601 0.673126
7 0.850352 0.843016 0.176725 0.203483 0.653723
7 0.807126 0.112057 0.0945423 0.102835 0.645529
0 0.429956 0.626883 0.0167181 0.0723635 0.6294
13 0.362249 0.946899 0.0833834 0.101908 0.608368
13 0.27161 0.8015 0.0631746 0.0711311 0.565758
13 0.152814 0.636727 0.0699045 0.0842948 0.559837
2 0.955127 0.592074 0.0883202 0.0898087 0.536975
2 0.750024 0.955064 0.148299 0.0866081 0.535462
56 0.181296 0.949683 0.070664 0.0963613 0.532031
0 0.416915 0.546872 0.0236436 0.0567215 0.471665
13 0.0324391 0.550873 0.0640198 0.0771706 0.461254
13 0.0195898 0.703911 0.0389755 0.0884196 0.456256
13 0.109138 0.828079 0.0611408 0.0796136 0.446472
13 0.231463 0.736455 0.0554537 0.0662757 0.417056
0 0.513735 0.211027 0.00865402 0.0466167 0.403534
13 0.31124 0.875709 0.0628658 0.0848819 0.393218
13 0.261666 0.775684 0.0715365 0.0828227 0.368411
2 0.11127 0.72356 0.0631204 0.0859528 0.360268
13 0.25104 0.59448 0.0646482 0.0871328 0.354781
60 0.136679 0.889536 0.0653078 0.0877564 0.345728
13 0.301485 0.861796 0.0796028 0.107035 0.336273
2 0.970995 0.478052 0.0570885 0.0809921 0.334374
13 0.137326 0.8903 0.0671844 0.0908183 0.332382
13 0.0706177 0.784091 0.0606763 0.0846798 0.324373
13 0.219899 0.716819 0.0675308 0.0804376 0.321582
58 0.456562 0.261803 0.0378449 0.0484514 0.298315
56 0.10995 0.830293 0.0629788 0.0829196 0.291867
13 0.200393 0.686496 0.0573842 0.0653632 0.285618
