2 0.877321 0.769223 0.132186 0.142988 0.929958
2 0.921225 0.715588 0.133778 0.141653 0.923625
2 0.909958 0.188158 0.0850597 0.0772653 0.78702
2 0.937343 0.66137 0.124682 0.118863 0.782865
2 0.850332 0.842283 0.177679 0.205535 0.759011
2 0.964429 0.532031 0.0705315 0.0647919 0.748851
2 0.807378 0.221758 0.064617 0.0773739 0.739484
7 0.807201 0.111814 0.0946758 0.10245 0.724505
0 0.430118 0.623906 0.0161888 0.0752275 0.700582
13 0.361944 0.946979 0.0829188 0.101544 0.619381
13 0.272079 0.801948 0.0636019 0.0711892 0.613541
13 0.311286 0.875372 0.0626822 0.0845259 0.580619
2 0.750077 0.954852 0.148524 0.0863104 0.559978
13 0.108987 0.826954 0.0593647 0.0761717 0.523883
56 0.18112 0.949605 0.070137 0.0962355 0.5101
0 0.514471 0.210644 0.00740843 0.0462813 0.457215
2 0.955153 0.594628 0.0883827 0.0957781 0.456105
13 0.136433 0.888772 0.0644771 0.085614 0.442183
13 0.261467 0.775566 0.0713835 0.081306 0.414788
13 0.23193 0.73635 0.0557089 0.0658174 0.407625
13 0.153014 0.636869 0.0692843 0.0850827 0.397082
13 0.0325709 0.550916 0.0645078 0.0771627 0.387324
13 0.0197905 0.704667 0.0393367 0.0893826 0.351131
0 0.416142 0.550065 0.0181976 0.0342577 0.33993
2 0.97098 0.477367 0.0571302 0.0817552 0.329786
2 0.111381 0.724341 0.0631746 0.0864968 0.318983
0 0.338633 0.353469 0.0186059 0.0630449 0.31656
13 0.251137 0.592799 0.0646255 0.0833828 0.316125
13 0.170893 0.50234 0.0597286 0.0616998 0.315988
58 0.456432 0.261827 0.0383693 0.0478268 0.315596
13 0.217524 0.714804 0.0667073 0.077112 0.308426
5 0.0323924 0.550346 0.0644591 0.0781382 0.300831
13 0.0701241 0.783844 0.0612959 0.0846003 0.296682
13 0.147017 0.909722 0.0532069 0.0722427 0.292005
13 0.200454 0.685896 0.0576133 0.0640493 0.273098
2 0.990619 0.423708 0.0180355 0.0528665 0.253282
