2 0.877395 0.769096 0.132232 0.142981 0.928476
2 0.921297 0.716313 0.133737 0.141431 0.928177
2 0.937528 0.660649 0.124181 0.114153 0.773528
2 0.909929 0.188152 0.0851532 0.0774358 0.772585
2 0.964416 0.532055 0.0705955 0.06476 0.753349
2 0.807415 0.221929 0.0648732 0.0760719 0.720667
7 0.807054 0.111419 0.0945664 0.101369 0.711746
7 0.850115 0.842323 0.176223 0.203768 0.707174
0 0.4297 0.624291 0.0158682 0.0739179 0.665868
2 0.850267 0.841733 0.177416 0.204066 0.636956
13 0.362066 0.946946 0.0832752 0.101303 0.629224
2 0.955264 0.595663 0.0880775 0.0972648 0.581272
56 0.181107 0.949505 0.0701378 0.0965794 0.577745
13 0.272104 0.80157 0.0632669 0.0714901 0.54952
13 0.0198505 0.704789 0.0395029 0.0896471 0.535061
2 0.750037 0.954883 0.14839 0.0865169 0.517229
13 0.153151 0.636087 0.0694216 0.0835327 0.513631
13 0.310976 0.875974 0.0629393 0.0851559 0.479968
13 0.251278 0.592923 0.0656523 0.0827991 0.44931
13 0.260982 0.775326 0.0709976 0.0810579 0.440609
2 0.970933 0.478003 0.05728 0.0806417 0.440548
13 0.10952 0.827928 0.0606531 0.0793274 0.440261
13 0.136169 0.888649 0.0645435 0.0861406 0.431335
13 0.0325895 0.550816 0.0640999 0.0770491 0.401941
13 0.231658 0.736376 0.0556592 0.066143 0.40108
13 0.0707374 0.78387 0.0605747 0.084327 0.400732
0 0.514389 0.210497 0.0073679 0.0459432 0.372708
0 0.428781 0.563907 0.0295944 0.0584062 0.29525
2 0.111126 0.723141 0.0630654 0.0845161 0.293094
13 0.217729 0.714887 0.0671918 0.0778737 0.291017
58 0.45668 0.261677 0.0373861 0.0475173 0.287816
56 0.137347 0.890321 0.0671306 0.0889862 0.274288
56 0.109873 0.83007 0.0619323 0.0828757 0.270126
2 0.990641 0.422637 0.017981 0.0515146 0.260998
