2 0.877323 0.769248 0.132151 0.142547 0.93174
2 0.921368 0.71581 0.133778 0.141718 0.921491
2 0.909911 0.188227 0.0849377 0.0773178 0.806102
2 0.937544 0.660229 0.124249 0.11529 0.785237
2 0.964422 0.53171 0.0705435 0.0640396 0.750137
2 0.807258 0.222452 0.0649384 0.0759022 0.719554
7 0.807202 0.112061 0.0942585 0.102541 0.680121
2 0.850359 0.841595 0.177467 0.205226 0.674483
7 0.850333 0.84237 0.176395 0.204276 0.668587
13 0.362046 0.946874 0.0829993 0.101702 0.659173
0 0.429729 0.624563 0.0163692 0.0748486 0.651566
13 0.272017 0.802046 0.0630921 0.0718341 0.564111
2 0.749854 0.954952 0.148899 0.0866187 0.552758
2 0.955243 0.592339 0.0881865 0.0903397 0.550916
56 0.181267 0.949724 0.0704207 0.0960853 0.540695
13 0.311227 0.875225 0.062702 0.0848463 0.528504
13 0.109296 0.827231 0.059762 0.077086 0.488014
13 0.0197826 0.704501 0.0393569 0.0885912 0.476774
13 0.153422 0.636448 0.06843 0.0834906 0.461231
13 0.231464 0.736629 0.0556364 0.0668806 0.457806
13 0.251483 0.591533 0.0653704 0.0803207 0.438174
13 0.261185 0.775522 0.070884 0.0821004 0.42624
2 0.970918 0.477915 0.0572748 0.0813179 0.415638
13 0.13631 0.888647 0.0648326 0.0861518 0.406607
0 0.514544 0.210625 0.0073822 0.0461199 0.351278
13 0.0326174 0.55102 0.0638167 0.0777477 0.338601
13 0.218 0.714681 0.0660145 0.0771927 0.321056
2 0.990719 0.42324 0.0178217 0.0528524 0.318352
58 0.456626 0.261632 0.0377418 0.0478321 0.308486
13 0.0706347 0.784152 0.0596344 0.0845449 0.302401
13 0.200749 0.686111 0.0575101 0.066032 0.292544
13 0.30058 0.86097 0.0770911 0.105525 0.288032
56 0.109803 0.829574 0.0622291 0.0823483 0.281821
5 0.0322852 0.550247 0.064194 0.0789462 0.274808
13 0.17657 0.510895 0.0705121 0.0784798 0.261044
13 0.189369 0.660837 0.0668675 0.0727623 0.259619
2 0.111282 0.7232 0.0631856 0.084927 0.259175
0 0.415896 0.547876 0.00870628 0.0430537 0.251256
