2 0.877395 0.769232 0.132233 0.143064 0.92862
2 0.921344 0.716217 0.133859 0.141092 0.928161
2 0.90986 0.188218 0.0850803 0.0771514 0.792565
2 0.937568 0.662236 0.124462 0.118739 0.763088
2 0.807356 0.221462 0.06502 0.0765075 0.75721
2 0.964453 0.531651 0.0704807 0.0639937 0.73469
7 0.807147 0.111559 0.0945263 0.101908 0.734629
2 0.850396 0.841485 0.177352 0.206578 0.686984
13 0.362439 0.947144 0.0839796 0.101813 0.64426
7 0.850297 0.842446 0.176191 0.205295 0.635298
0 0.429814 0.625858 0.0160979 0.073428 0.620602
13 0.272117 0.801459 0.0627172 0.0711599 0.585231
0 0.379291 0.352831 0.0129338 0.0564791 0.514479
2 0.748802 0.955486 0.148326 0.0869593 0.507913
56 0.18121 0.949622 0.0701234 0.0966293 0.505246
13 0.153012 0.637057 0.0692202 0.0852236 0.490796
13 0.109173 0.8285 0.0606453 0.0809201 0.480945
13 0.0197657 0.704342 0.039362 0.0882126 0.476774
13 0.310976 0.875623 0.0632225 0.0840368 0.462064
13 0.261019 0.775164 0.070637 0.081171 0.453987
2 0.970989 0.477748 0.0571768 0.0803224 0.452641
2 0.955237 0.593907 0.088163 0.0928697 0.452165
13 0.231889 0.736571 0.0558982 0.0669695 0.447049
13 0.0327004 0.551067 0.0635916 0.0770234 0.446678
13 0.136966 0.890515 0.0668508 0.0894433 0.433365
13 0.251462 0.592504 0.0656214 0.0820955 0.418817
13 0.0702147 0.783916 0.0611748 0.0843265 0.397891
0 0.514453 0.210825 0.00684948 0.0462398 0.36019
13 0.217886 0.714845 0.0662887 0.0770084 0.334715
13 0.176213 0.507872 0.0693414 0.0728394 0.329187
13 0.301382 0.860866 0.078974 0.105959 0.328755
2 0.111475 0.723467 0.0634552 0.0859268 0.323962
2 0.990411 0.422508 0.0184227 0.0515939 0.316077
13 0.200503 0.685956 0.0572836 0.0668194 0.294099
13 0.189356 0.661207 0.066277 0.0745255 0.276775
45 0.371464 0.23133 0.0419673 0.0539721 0.274242
