2 0.921323 0.716316 0.133734 0.141147 0.930082
2 0.877367 0.769404 0.132393 0.143229 0.927102
2 0.909938 0.187903 0.0851074 0.077125 0.803344
2 0.93758 0.662102 0.124227 0.119808 0.782965
2 0.964375 0.531828 0.0706059 0.0648428 0.745618
2 0.807226 0.221232 0.064406 0.0759621 0.743738
2 0.850382 0.842195 0.1777 0.20326 0.716559
0 0.429857 0.622613 0.0163881 0.0724974 0.695074
7 0.807127 0.112078 0.0946003 0.102544 0.688002
13 0.361977 0.946997 0.0831812 0.10165 0.637191
13 0.271703 0.801491 0.0636739 0.0705768 0.599296
7 0.850304 0.842439 0.176759 0.203425 0.582041
13 0.310861 0.87583 0.0637288 0.0856494 0.556022
13 0.152971 0.63682 0.0688761 0.0841222 0.547523
56 0.181098 0.949554 0.0702013 0.0962874 0.505363
13 0.109238 0.827589 0.0593321 0.0779839 0.499013
2 0.749683 0.954603 0.148938 0.0869642 0.494148
13 0.0324995 0.551186 0.0639212 0.0774497 0.484904
13 0.0196211 0.704659 0.0390264 0.0879118 0.483808
2 0.955408 0.597009 0.0877346 0.0975381 0.471225
13 0.13611 0.88774 0.0640254 0.0842495 0.466931
13 0.231599 0.736468 0.0554094 0.0664649 0.452049
13 0.261581 0.775792 0.0716764 0.0806705 0.446295
0 0.51454 0.210326 0.00712833 0.0465121 0.43679
13 0.251275 0.592398 0.065725 0.0823773 0.391547
2 0.970901 0.477677 0.0572418 0.0806865 0.365704
13 0.0708937 0.784059 0.0608019 0.085318 0.339633
13 0.148097 0.911846 0.0511925 0.0704629 0.315913
13 0.21779 0.714583 0.0662213 0.0768768 0.300798
56 0.1098 0.830166 0.0613465 0.083254 0.287784
13 0.200611 0.685947 0.0576321 0.0655633 0.279901
58 0.45659 0.261763 0.0381336 0.0475894 0.277895
2 0.990302 0.423847 0.0186543 0.0537415 0.265551
2 0.710747 0.955059 0.0698761 0.0834496 0.264058
13 0.189096 0.661924 0.0677742 0.0747255 0.255748
56 0.0707606 0.784323 0.059288 0.0866889 0.253268
13 0.175474 0.505821 0.0683988 0.067986 0.253187
