2 0.921477 0.716202 0.133739 0.141281 0.927683
2 0.877339 0.769162 0.132347 0.143834 0.926793
2 0.909864 0.188194 0.0849947 0.077135 0.776017
2 0.937701 0.660513 0.12389 0.115282 0.762645
2 0.964448 0.531537 0.0704954 0.063906 0.725612
7 0.807236 0.112045 0.0943266 0.103045 0.709033
2 0.80722 0.222282 0.0649433 0.076391 0.690377
2 0.850286 0.842088 0.177582 0.206389 0.660554
7 0.850178 0.842699 0.176702 0.205573 0.642474
13 0.362087 0.947039 0.0829526 0.101479 0.6388
13 0.271765 0.801579 0.0631671 0.0707787 0.626124
56 0.181355 0.949566 0.0705149 0.0967546 0.546737
13 0.0197336 0.704801 0.0392587 0.0891127 0.533519
13 0.108733 0.827819 0.0602031 0.0798082 0.527672
2 0.955102 0.596204 0.088541 0.098652 0.519735
13 0.310862 0.875679 0.0635081 0.0841834 0.482993
13 0.15325 0.636335 0.0688752 0.0832314 0.466643
13 0.032373 0.551222 0.0638125 0.0780224 0.458934
13 0.231681 0.736346 0.0555102 0.065979 0.446919
0 0.429746 0.628208 0.016968 0.0708327 0.440879
13 0.26138 0.775635 0.0710976 0.0817223 0.43221
2 0.749059 0.955664 0.148719 0.0869992 0.404084
13 0.13648 0.889329 0.0650035 0.0870426 0.388938
13 0.0710455 0.784266 0.060623 0.0852631 0.368399
13 0.217839 0.714568 0.0666117 0.0766905 0.347413
0 0.514489 0.211407 0.00748844 0.0472919 0.329451
13 0.250581 0.592189 0.0641564 0.0830933 0.327914
2 0.970937 0.477628 0.0571865 0.0812837 0.317539
13 0.176355 0.509884 0.0699576 0.0780596 0.310847
13 0.200389 0.686327 0.0574653 0.0657028 0.292434
13 0.30082 0.861006 0.0779494 0.10554 0.285605
13 0.189156 0.661523 0.0670091 0.0745299 0.276864
