2 0.877382 0.769297 0.13262 0.143455 0.927849
2 0.921292 0.715937 0.133755 0.142549 0.925609
2 0.910004 0.187999 0.0850487 0.0766563 0.796292
2 0.937435 0.66119 0.124452 0.116164 0.770919
2 0.964437 0.531615 0.0705208 0.0642862 0.754905
2 0.807338 0.22184 0.064526 0.0764943 0.723816
7 0.85026 0.842692 0.176388 0.203523 0.698608
7 0.807186 0.112287 0.0944937 0.102799 0.692281
2 0.850356 0.842651 0.17749 0.203035 0.631301
13 0.362166 0.946899 0.0831843 0.101496 0.562966
56 0.181431 0.949654 0.0713865 0.0965977 0.556355
13 0.271766 0.801184 0.0646671 0.071384 0.539213
2 0.970832 0.477898 0.0574379 0.0804489 0.465076
13 0.108971 0.828045 0.0607084 0.0800018 0.462283
2 0.95522 0.59681 0.0879128 0.0978034 0.448912
13 0.136051 0.888303 0.0646137 0.0847911 0.436288
2 0.749969 0.954475 0.148425 0.0869718 0.423276
13 0.311274 0.875685 0.063054 0.0846541 0.422134
13 0.152702 0.638215 0.0695853 0.0865792 0.419731
13 0.0197018 0.704278 0.0391879 0.0879364 0.4105
0 0.429703 0.625605 0.0172452 0.074149 0.40262
0 0.513865 0.210382 0.00819969 0.0452764 0.400492
0 0.405494 0.364727 0.0123162 0.0563263 0.376593
13 0.0703064 0.78454 0.0626545 0.0857157 0.372955
13 0.25144 0.593665 0.0657937 0.0855765 0.369718
13 0.0325292 0.55089 0.064043 0.0772505 0.361923
13 0.261286 0.775445 0.0708074 0.0810038 0.346473
13 0.231701 0.736129 0.0557446 0.0660272 0.343269
2 0.711152 0.955517 0.0696094 0.0831115 0.293395
2 0.921459 0.6913 0.138258 0.133557 0.282107
2 0.990775 0.423181 0.0177071 0.0518538 0.275939
13 0.147468 0.910943 0.0528481 0.0697852 0.273776
13 0.175748 0.507502 0.0689883 0.0721961 0.271192
2 0.111218 0.723567 0.0626547 0.0853526 0.270941
13 0.200639 0.686419 0.0583646 0.0661852 0.263952
13 0.220264 0.7165 0.0670172 0.0799289 0.259864
