2 0.877387 0.769177 0.132396 0.142712 0.927677
2 0.921268 0.716179 0.133867 0.141322 0.923959
2 0.909846 0.188362 0.0851269 0.0777764 0.802909
2 0.937592 0.66087 0.124352 0.116835 0.78007
2 0.807223 0.222014 0.0653824 0.0755938 0.753023
2 0.964479 0.531798 0.0704025 0.064779 0.743529
7 0.807006 0.111382 0.0947239 0.101504 0.729836
7 0.850332 0.842513 0.176439 0.204447 0.692533
13 0.271611 0.801364 0.064037 0.0702457 0.678912
0 0.430055 0.624185 0.0161375 0.0743971 0.660201
2 0.8504 0.841765 0.177517 0.205345 0.646331
13 0.361844 0.946791 0.0829449 0.101433 0.618004
13 0.310778 0.876104 0.0642869 0.0837182 0.594465
13 0.231393 0.736611 0.0553912 0.0663981 0.499315
13 0.109289 0.829045 0.0595988 0.0803321 0.494578
2 0.750153 0.954975 0.148157 0.0865712 0.494398
13 0.261463 0.775223 0.0713004 0.0797841 0.48862
13 0.152694 0.636708 0.0695329 0.0842172 0.471921
2 0.955227 0.594603 0.0880417 0.0936069 0.46721
13 0.137308 0.89116 0.0676522 0.0916134 0.453061
2 0.111351 0.723002 0.0632438 0.0847926 0.449486
56 0.181093 0.949706 0.0700746 0.0961444 0.448405
13 0.0705843 0.783787 0.0622633 0.0852073 0.419309
13 0.0198229 0.705055 0.0394718 0.0889035 0.388356
13 0.250034 0.588898 0.0631597 0.0751521 0.365087
13 0.393123 0.547493 0.021088 0.0310473 0.363005
13 0.0325439 0.551071 0.0638715 0.0768555 0.344132
13 0.21783 0.713972 0.066079 0.0761414 0.335449
13 0.200858 0.685715 0.0572069 0.0648224 0.329899
0 0.348216 0.34873 0.0112157 0.0589661 0.316188
13 0.297726 0.854972 0.0725993 0.0968051 0.304
0 0.514249 0.210621 0.00750742 0.0463508 0.280968
2 0.970987 0.477795 0.0570843 0.0810417 0.276917
13 0.176311 0.508632 0.0704626 0.0756256 0.269719
58 0.456588 0.262447 0.037948 0.0491982 0.261417
2 0.9908 0.424118 0.0176804 0.0535585 0.254561
