2 0.877385 0.76936 0.132218 0.143111 0.929302
2 0.921447 0.716539 0.133805 0.140906 0.927991
2 0.937652 0.66085 0.124028 0.115428 0.803793
2 0.909815 0.188361 0.0850468 0.0776137 0.802489
2 0.807491 0.221066 0.0647959 0.075681 0.747344
2 0.964435 0.531784 0.0705145 0.0644377 0.746737
7 0.850245 0.842439 0.176213 0.205076 0.738026
7 0.807177 0.111941 0.0944218 0.10263 0.703968
13 0.362139 0.947076 0.0833419 0.101647 0.671694
2 0.850375 0.841632 0.177359 0.206239 0.636747
13 0.272107 0.801274 0.0625453 0.0710978 0.585218
0 0.429771 0.626068 0.0163438 0.0736899 0.582862
13 0.019729 0.704558 0.0392809 0.0885468 0.567744
2 0.955245 0.595494 0.0882175 0.0970835 0.550212
13 0.311028 0.875738 0.063242 0.0846324 0.537055
56 0.181223 0.949608 0.070392 0.0964792 0.530797
13 0.108994 0.827332 0.0599385 0.0770591 0.510922
13 0.153362 0.63611 0.0692662 0.0827625 0.504046
13 0.251202 0.59271 0.0649744 0.0823571 0.456892
2 0.970891 0.478021 0.057358 0.0808132 0.439874
0 0.38005 0.353625 0.0140203 0.0572233 0.437945
13 0.0329512 0.551069 0.0632155 0.0770601 0.430119
13 0.231962 0.736643 0.0555695 0.0665171 0.42637
13 0.261004 0.775248 0.0710271 0.080974 0.422325
13 0.0708957 0.784338 0.0610739 0.0848712 0.41718
13 0.13638 0.888224 0.0646693 0.084643 0.39354
2 0.766638 0.961198 0.113264 0.0726447 0.318749
2 0.711205 0.955582 0.0693848 0.0828193 0.31749
13 0.300978 0.861256 0.0781275 0.10633 0.315637
2 0.748335 0.955609 0.14919 0.0870244 0.300547
0 0.514567 0.211234 0.00652409 0.0468115 0.285374
13 0.175683 0.506214 0.0687016 0.0698004 0.282449
13 0.188803 0.661162 0.0672485 0.0740274 0.281855
2 0.990678 0.423219 0.0179083 0.0530014 0.279726
13 0.217888 0.714757 0.0661534 0.0774543 0.277766
56 0.109696 0.830068 0.0622948 0.0826514 0.275223
13 0.200802 0.686276 0.0575812 0.0670278 0.251534
