2 0.921311 0.715693 0.13366 0.141093 0.927778
2 0.877552 0.769131 0.132329 0.143168 0.926261
2 0.909954 0.188335 0.0850712 0.0770254 0.785495
2 0.937514 0.65911 0.124301 0.11356 0.760076
2 0.964377 0.531708 0.0705952 0.0642575 0.733443
2 0.807167 0.222206 0.0653309 0.0761437 0.688574
7 0.807161 0.111681 0.0946881 0.102536 0.686908
2 0.850349 0.842299 0.177744 0.205256 0.685881
7 0.850258 0.842806 0.176686 0.204705 0.641292
13 0.361906 0.947089 0.0834279 0.101753 0.614165
13 0.272169 0.801647 0.0633904 0.0703515 0.529143
56 0.181236 0.949331 0.0703797 0.0961897 0.521062
13 0.310839 0.875559 0.0637121 0.0847446 0.514753
13 0.109212 0.8278 0.0599895 0.0775211 0.485426
2 0.955147 0.594272 0.0882893 0.0946657 0.482446
13 0.152423 0.637225 0.069936 0.0853888 0.475947
2 0.750405 0.954758 0.14836 0.0864783 0.447886
13 0.136134 0.888654 0.0648916 0.0856598 0.438382
0 0.513979 0.210498 0.00805187 0.0465995 0.430519
13 0.0327557 0.55113 0.0642207 0.0772892 0.39948
13 0.231429 0.736791 0.0556495 0.0669851 0.385682
13 0.250893 0.591881 0.0647628 0.0821991 0.373728
13 0.261049 0.775252 0.0705434 0.0805698 0.368575
58 0.456409 0.262143 0.0376835 0.0487357 0.35757
13 0.171058 0.501261 0.0596106 0.0589726 0.348968
13 0.0198073 0.705096 0.0394156 0.0893467 0.344383
2 0.971001 0.477756 0.0571152 0.0813582 0.340941
13 0.0712874 0.78441 0.061499 0.0858626 0.336489
0 0.430304 0.628217 0.0170263 0.0710641 0.282847
13 0.217781 0.714439 0.0665331 0.0772038 0.252287
2 0.710864 0.955728 0.0684888 0.0831753 0.250243
