2 0.921253 0.716205 0.133703 0.141001 0.927943
2 0.877386 0.769117 0.132251 0.142305 0.926186
2 0.909909 0.188183 0.0853098 0.0772418 0.811568
2 0.937494 0.661709 0.124464 0.118299 0.799965
2 0.964451 0.531928 0.0705065 0.0648446 0.759805
2 0.807399 0.222084 0.064518 0.0757377 0.759548
7 0.807274 0.111714 0.0946232 0.101743 0.752945
7 0.850304 0.842189 0.176157 0.202883 0.726478
0 0.430072 0.623792 0.0161962 0.0740307 0.662465
13 0.271914 0.801236 0.0632763 0.0708001 0.639373
13 0.361743 0.946933 0.0833524 0.101572 0.629692
2 0.850419 0.841645 0.177292 0.203171 0.627351
13 0.109215 0.827854 0.059414 0.0781092 0.556242
13 0.310761 0.876076 0.0639784 0.0827776 0.516759
56 0.180976 0.949628 0.070626 0.0966337 0.498489
13 0.0196959 0.705138 0.0392025 0.0888902 0.492514
2 0.955174 0.595047 0.0880856 0.0951199 0.486216
13 0.261327 0.775075 0.0713337 0.0798818 0.483548
13 0.231344 0.73636 0.0555089 0.0661645 0.483302
13 0.152577 0.636632 0.0704752 0.084034 0.477711
13 0.0325237 0.551178 0.0639017 0.077538 0.46018
13 0.0708921 0.784183 0.0615805 0.0852914 0.451397
2 0.74924 0.954934 0.148479 0.0866322 0.431317
13 0.136157 0.887756 0.0645157 0.0838538 0.428051
2 0.970951 0.477979 0.0571753 0.0806367 0.423753
13 0.25064 0.589405 0.0635802 0.0763931 0.391818
0 0.51398 0.210918 0.00812492 0.0456754 0.382073
0 0.34807 0.346872 0.0113981 0.0565376 0.372184
45 0.371623 0.230947 0.0422902 0.0532003 0.369008
2 0.111266 0.723584 0.0628867 0.085463 0.364619
13 0.170864 0.501078 0.0595775 0.0590197 0.3383
13 0.217769 0.714133 0.0659265 0.0760912 0.309307
13 0.200114 0.685474 0.0568524 0.0650199 0.299374
13 0.297709 0.855216 0.072672 0.0964813 0.291419
2 0.710411 0.955633 0.0700126 0.0832899 0.281851
2 0.990389 0.423039 0.0185093 0.0526672 0.278285
13 0.147071 0.910282 0.0523898 0.0714462 0.276589
45 0.34579 0.412554 0.0448318 0.0623776 0.274514
56 0.109792 0.829904 0.061488 0.0824341 0.261312
