2 0.877346 0.76915 0.132438 0.143231 0.927165
2 0.921369 0.716035 0.133718 0.140779 0.925361
2 0.909835 0.188178 0.0850899 0.0770805 0.784271
2 0.937583 0.661127 0.124276 0.115507 0.774498
2 0.964455 0.533053 0.0705494 0.0664003 0.756835
7 0.807098 0.112362 0.0943951 0.103217 0.721877
2 0.807344 0.22151 0.0643671 0.0757721 0.720249
7 0.850382 0.842654 0.176388 0.204967 0.666855
13 0.362168 0.946971 0.0833169 0.10156 0.629285
2 0.850379 0.842003 0.177438 0.205623 0.628883
0 0.429775 0.62698 0.0168533 0.0723982 0.594027
13 0.271966 0.802331 0.0621992 0.0712407 0.59195
2 0.749051 0.955737 0.146878 0.0856057 0.567754
56 0.181213 0.949523 0.0705569 0.0964425 0.554191
13 0.153198 0.636411 0.0690381 0.0840165 0.532476
13 0.109287 0.830123 0.0603254 0.0818329 0.522415
2 0.95527 0.595468 0.0881126 0.0955339 0.512329
13 0.0199007 0.704741 0.0395712 0.0883522 0.462478
13 0.261401 0.775591 0.0712297 0.0813748 0.452601
13 0.0325083 0.550642 0.064255 0.0770723 0.43331
13 0.301466 0.861424 0.0791124 0.106288 0.430398
13 0.23153 0.736466 0.055392 0.0665012 0.427945
13 0.136102 0.887666 0.0647435 0.0841807 0.422133
13 0.251167 0.591992 0.0650761 0.0809231 0.415566
13 0.311334 0.87551 0.0626031 0.0844274 0.403575
13 0.0701148 0.783892 0.0611345 0.0844723 0.376076
0 0.514174 0.210557 0.00767174 0.0475652 0.35295
2 0.971075 0.47745 0.056982 0.0814588 0.345394
13 0.175764 0.508272 0.0687623 0.0740883 0.344003
2 0.990734 0.422767 0.0177916 0.0535574 0.305064
13 0.217868 0.714973 0.0664288 0.0777295 0.301905
2 0.111145 0.723134 0.0623729 0.0841037 0.269661
13 0.20068 0.686305 0.0567331 0.0650469 0.269451
13 0.189107 0.661526 0.0679646 0.0742835 0.266832
56 0.109601 0.830983 0.0621605 0.0848299 0.264233
56 0.137616 0.889947 0.068101 0.0880473 0.257528
58 0.45658 0.261977 0.0381921 0.0484802 0.250987
