2 0.877398 0.769037 0.13213 0.142822 0.930394
2 0.921385 0.715431 0.133603 0.1422 0.921737
2 0.909971 0.188274 0.0851738 0.0770379 0.803011
2 0.937412 0.66188 0.124532 0.116375 0.801759
2 0.964469 0.532025 0.0704626 0.0646212 0.753584
2 0.807177 0.221966 0.0649994 0.0758202 0.709898
2 0.850361 0.841694 0.177203 0.205852 0.681224
7 0.807238 0.111824 0.0945 0.102762 0.666108
0 0.42979 0.624575 0.0163639 0.0753104 0.663848
13 0.271823 0.801496 0.0630973 0.0710141 0.654594
7 0.850263 0.842457 0.176018 0.20498 0.653318
13 0.362083 0.946942 0.0833781 0.101598 0.645137
2 0.95485 0.597034 0.0895466 0.0987566 0.599859
13 0.31078 0.875567 0.0639757 0.0832109 0.551688
56 0.180789 0.949813 0.0699972 0.096513 0.517455
13 0.108961 0.827661 0.059522 0.0782127 0.498719
13 0.261132 0.775456 0.0707886 0.0815976 0.477211
13 0.231627 0.736292 0.0561042 0.0664385 0.471259
2 0.97093 0.477946 0.0572634 0.0809153 0.453253
13 0.0197015 0.70448 0.0391959 0.0889599 0.433596
13 0.136134 0.888088 0.0644465 0.0851885 0.421255
13 0.251573 0.593388 0.0653829 0.084163 0.418126
2 0.748915 0.955375 0.149172 0.0874338 0.408387
13 0.153386 0.636897 0.0692488 0.0846792 0.408367
0 0.431281 0.564474 0.0260738 0.0630147 0.386927
0 0.514657 0.209803 0.00686989 0.0448936 0.373088
13 0.0705077 0.78458 0.0621202 0.0852558 0.371978
2 0.111151 0.723808 0.062318 0.0848182 0.368767
5 0.0326024 0.550395 0.0647707 0.0787321 0.349578
13 0.217997 0.715193 0.0664624 0.0773938 0.344385
2 0.990846 0.423181 0.0175732 0.0526042 0.334726
2 0.711309 0.955587 0.0697269 0.0832801 0.310225
13 0.200608 0.68631 0.057167 0.0664296 0.304833
13 0.297912 0.85567 0.0726882 0.0984962 0.277234
58 0.456651 0.261826 0.0380117 0.0484453 0.268894
13 0.0327904 0.551093 0.0641677 0.0771956 0.262491
13 0.146712 0.909988 0.0528956 0.0712084 0.253471
