2 0.877461 0.769226 0.132673 0.143118 0.928228
2 0.921379 0.715861 0.133746 0.141982 0.922402
2 0.909913 0.188121 0.0851784 0.0769945 0.785397
2 0.937594 0.661975 0.124198 0.118643 0.759303
7 0.807059 0.111667 0.0945475 0.102481 0.73733
2 0.964431 0.532277 0.0705629 0.0651394 0.73446
7 0.85052 0.842939 0.176195 0.204779 0.732212
2 0.807301 0.221814 0.0645876 0.0765594 0.665064
2 0.850575 0.842541 0.177274 0.20508 0.603713
0 0.429807 0.625914 0.0167793 0.0756321 0.580265
13 0.36206 0.947053 0.0833026 0.101694 0.579044
0 0.362684 0.350531 0.0105355 0.0536318 0.562476
13 0.27192 0.801895 0.0636409 0.0707667 0.544292
2 0.750023 0.954674 0.148403 0.0871758 0.530267
13 0.153189 0.637134 0.0689204 0.0854877 0.529525
56 0.181451 0.949783 0.070743 0.0962066 0.498317
13 0.0197953 0.704538 0.0393804 0.089042 0.484138
13 0.136277 0.888894 0.0648243 0.08697 0.454902
13 0.10941 0.829961 0.0609686 0.0834778 0.453816
13 0.310984 0.875264 0.063282 0.0844913 0.447053
2 0.955326 0.594643 0.0878696 0.0940208 0.443831
2 0.971095 0.477753 0.0569279 0.0809355 0.412524
13 0.231381 0.736458 0.0552968 0.0662026 0.387806
13 0.0704628 0.784308 0.0611257 0.0849162 0.386767
2 0.111658 0.723296 0.0627412 0.0842305 0.38656
13 0.0325606 0.550997 0.0642958 0.0777688 0.367419
13 0.26153 0.775361 0.0711346 0.0809362 0.360189
13 0.250616 0.591043 0.0643967 0.0785965 0.346388
13 0.301632 0.86211 0.0794523 0.106072 0.318364
58 0.456591 0.261301 0.0378111 0.0468475 0.316097
0 0.514227 0.210128 0.00756884 0.0475041 0.313699
2 0.990821 0.422598 0.0176296 0.0517682 0.288705
13 0.170815 0.502188 0.0590628 0.060425 0.2611
13 0.218042 0.715038 0.0665205 0.0779992 0.256973
