2 0.921356 0.715873 0.133732 0.141458 0.9263
2 0.877305 0.769191 0.132322 0.143675 0.925698
2 0.937468 0.660945 0.124407 0.116484 0.768005
2 0.90994 0.187862 0.0850224 0.0771617 0.763839
2 0.964461 0.531673 0.0704567 0.0640469 0.73654
7 0.807174 0.111542 0.094347 0.10183 0.716875
2 0.80716 0.221931 0.0651077 0.0754452 0.70349
7 0.850328 0.842742 0.176354 0.204229 0.689588
13 0.362245 0.947074 0.083327 0.101799 0.642513
2 0.850376 0.842537 0.177447 0.204095 0.629675
13 0.271665 0.801643 0.0634077 0.070754 0.596186
56 0.181451 0.949636 0.0708086 0.0966311 0.539139
13 0.1091 0.826855 0.0597449 0.0755963 0.498668
2 0.748729 0.95554 0.148221 0.08709 0.484705
2 0.955161 0.596225 0.0882214 0.0979279 0.471956
13 0.311038 0.875503 0.0635574 0.0853892 0.469301
13 0.153318 0.636927 0.0692328 0.0849826 0.459797
13 0.0193547 0.704584 0.0385339 0.0886614 0.445716
13 0.231787 0.736502 0.0553956 0.0662655 0.433692
0 0.429776 0.627515 0.0171698 0.069136 0.423366
13 0.261309 0.775594 0.0714041 0.0817878 0.418901
13 0.136541 0.889848 0.06504 0.087462 0.392142
13 0.032398 0.551121 0.0637621 0.0773251 0.390117
13 0.251359 0.593355 0.0658766 0.0853868 0.376286
13 0.0709357 0.784015 0.0608715 0.0844989 0.365255
2 0.111261 0.723578 0.0630588 0.085358 0.361131
58 0.456448 0.261616 0.038038 0.0483212 0.327627
13 0.220003 0.716461 0.067544 0.0799127 0.327274
13 0.175301 0.507474 0.0679447 0.0716107 0.290446
2 0.970896 0.477719 0.0573299 0.0814554 0.286553
56 0.109998 0.829917 0.0623885 0.0818695 0.283228
0 0.514463 0.210444 0.00689344 0.0470445 0.275346
13 0.200838 0.685988 0.058081 0.0651693 0.262451
13 0.300976 0.862315 0.07808 0.107135 0.257689
