2 0.877497 0.769109 0.132265 0.142882 0.93028
2 0.921283 0.715781 0.13383 0.142185 0.921079
2 0.909949 0.188155 0.085066 0.0769219 0.782975
2 0.937508 0.661761 0.124363 0.117254 0.756102
2 0.964424 0.532289 0.0705669 0.065672 0.728466
2 0.807332 0.222488 0.0651764 0.0770237 0.721043
2 0.85025 0.841968 0.177749 0.204237 0.714005
7 0.807252 0.111987 0.0947596 0.102754 0.712533
2 0.74925 0.956067 0.146076 0.0848402 0.629817
13 0.361993 0.946993 0.0828535 0.101527 0.603886
13 0.271932 0.801096 0.0638636 0.0705334 0.582963
7 0.850154 0.842454 0.176583 0.203934 0.582619
0 0.403164 0.362569 0.0112239 0.0554835 0.546252
56 0.181299 0.949726 0.0705627 0.0967044 0.543566
0 0.514153 0.211294 0.00772037 0.0472143 0.513472
2 0.971001 0.477674 0.0570868 0.0808507 0.491611
13 0.311005 0.875398 0.0633145 0.0839355 0.479134
13 0.153105 0.63629 0.0691366 0.0841159 0.455401
2 0.11126 0.723388 0.0622471 0.0843486 0.440849
0 0.429784 0.623682 0.0169546 0.0737311 0.426626
13 0.109243 0.829281 0.0604826 0.0817807 0.419068
13 0.0326243 0.551236 0.0641449 0.0772346 0.410126
13 0.261223 0.775254 0.0705067 0.0809129 0.403435
2 0.955255 0.597067 0.0877083 0.0989093 0.392107
13 0.231562 0.73641 0.055576 0.0662401 0.38226
13 0.019554 0.704702 0.0389328 0.0885532 0.37714
13 0.136076 0.888337 0.0644685 0.0851318 0.364242
13 0.0710841 0.784462 0.0612372 0.0858125 0.345539
2 0.990583 0.423339 0.0180864 0.0538734 0.34513
13 0.2507 0.590556 0.0642571 0.0787784 0.311547
13 0.218022 0.714888 0.0659599 0.0767502 0.283912
13 0.200925 0.686141 0.0567662 0.0650599 0.266844
56 0.109683 0.830885 0.0621499 0.084373 0.264495
