2 0.921257 0.716036 0.133959 0.141499 0.927208
2 0.877292 0.769422 0.132309 0.143616 0.926229
2 0.910056 0.188065 0.0853722 0.0766029 0.820487
2 0.807235 0.221622 0.0647526 0.0765739 0.771307
2 0.937344 0.660951 0.124687 0.115656 0.765083
2 0.964382 0.531778 0.0706049 0.0645389 0.751318
7 0.807256 0.111534 0.0943841 0.102386 0.681609
7 0.850368 0.842823 0.176391 0.204246 0.677428
2 0.850402 0.842631 0.177455 0.204144 0.668855
13 0.271639 0.801552 0.0644103 0.0708937 0.62857
0 0.430283 0.624572 0.015968 0.074556 0.624595
13 0.362152 0.946979 0.0829071 0.101817 0.616663
56 0.181078 0.949418 0.0704983 0.0965566 0.57721
13 0.310749 0.87555 0.0640029 0.0847344 0.554462
2 0.955149 0.595237 0.0883358 0.0951786 0.542651
2 0.971076 0.477806 0.0569958 0.0807078 0.486194
0 0.51441 0.21075 0.00743389 0.0454221 0.480138
13 0.135973 0.886758 0.0637814 0.0810184 0.467891
13 0.109041 0.827309 0.0595062 0.07622 0.43726
2 0.75015 0.954572 0.148535 0.0868523 0.428263
13 0.231768 0.73625 0.0553126 0.0659648 0.424993
13 0.0202209 0.704876 0.0401812 0.0889933 0.414732
13 0.261332 0.774909 0.0714008 0.0815101 0.407899
13 0.250234 0.587959 0.0628748 0.0735545 0.39956
13 0.148479 0.912395 0.051599 0.0710127 0.394811
13 0.153107 0.636541 0.0696899 0.0853614 0.382342
13 0.0326561 0.551015 0.064023 0.077284 0.378608
2 0.990743 0.423391 0.0177757 0.0534895 0.321869
13 0.0699976 0.783751 0.0627581 0.0845296 0.287917
13 0.217899 0.714687 0.0661564 0.0776398 0.280395
56 0.109853 0.830386 0.0618931 0.0825616 0.27695
2 0.710796 0.955515 0.068792 0.0836417 0.274902
2 0.11081 0.723497 0.062504 0.085052 0.274132
13 0.200549 0.686108 0.0571099 0.0654078 0.26388
13 0.297793 0.855236 0.072688 0.0967946 0.259193
2 0.766844 0.961591 0.113204 0.0718011 0.251324
