2 0.877452 0.769318 0.132258 0.143474 0.927437
2 0.921364 0.715853 0.133648 0.142038 0.926992
2 0.90993 0.188166 0.0849176 0.077362 0.803378
2 0.937564 0.661339 0.124188 0.116111 0.767115
2 0.96441 0.531957 0.0705765 0.0648833 0.754908
2 0.807161 0.221114 0.0647167 0.0742214 0.709075
7 0.807245 0.111695 0.0943875 0.102785 0.68536
2 0.850214 0.841657 0.177794 0.206401 0.677343
7 0.850094 0.842406 0.176645 0.205273 0.659994
13 0.362009 0.946852 0.0831774 0.10159 0.549111
13 0.0196574 0.704715 0.0391041 0.087989 0.544871
13 0.032709 0.550806 0.0640907 0.0764548 0.530839
56 0.181074 0.949441 0.0700545 0.0963298 0.527508
2 0.955203 0.59585 0.0881208 0.0966514 0.509515
13 0.272419 0.80157 0.0631131 0.0717587 0.504351
13 0.109802 0.828854 0.0614219 0.0812961 0.467776
13 0.153058 0.63693 0.0690626 0.0849132 0.466402
2 0.75017 0.954334 0.148393 0.0877592 0.439869
13 0.136077 0.889069 0.064452 0.0866579 0.428099
13 0.071211 0.784581 0.0610841 0.0856205 0.413887
13 0.252034 0.594274 0.067893 0.087364 0.372341
13 0.231579 0.736427 0.0553335 0.0658807 0.366824
0 0.397496 0.361248 0.0158735 0.0491548 0.365728
13 0.261468 0.775427 0.0714141 0.0818797 0.354566
13 0.310671 0.875722 0.0639733 0.083892 0.352079
0 0.514376 0.210537 0.00750389 0.0458813 0.347073
2 0.97104 0.478011 0.0570286 0.0807635 0.330222
56 0.110342 0.831192 0.063172 0.0854038 0.29343
58 0.45667 0.261981 0.0378656 0.048094 0.272752
13 0.219316 0.716317 0.0679622 0.0797407 0.256898
13 0.147452 0.910509 0.0523048 0.0701908 0.251423
