2 0.877503 0.76906 0.132311 0.142929 0.928971
2 0.921374 0.715729 0.133629 0.141579 0.925116
2 0.937577 0.660425 0.124068 0.114274 0.789973
2 0.910019 0.188274 0.0850674 0.0774762 0.771223
2 0.964375 0.53235 0.0706644 0.0652324 0.739432
2 0.807246 0.221408 0.0644461 0.0763684 0.730131
7 0.807046 0.111419 0.0945223 0.101718 0.716409
2 0.850349 0.841662 0.177364 0.205049 0.692239
13 0.361725 0.946777 0.0831123 0.101622 0.631283
7 0.850216 0.842319 0.176192 0.204266 0.607994
13 0.271905 0.801971 0.0627106 0.0705741 0.5573
13 0.109159 0.827581 0.0597008 0.0767326 0.539513
13 0.136049 0.888384 0.0647823 0.0851907 0.487474
13 0.152946 0.637288 0.0696044 0.0861333 0.483804
56 0.181319 0.949476 0.0705505 0.0964539 0.482967
13 0.310985 0.875463 0.0634848 0.0843975 0.481849
2 0.955275 0.596098 0.0878258 0.0968938 0.481649
13 0.0327655 0.551036 0.0639218 0.0767818 0.438036
2 0.750375 0.954162 0.14845 0.0874132 0.437741
13 0.0707666 0.784463 0.0623045 0.0845103 0.432698
13 0.019758 0.705123 0.0393231 0.0886824 0.425685
13 0.26129 0.775597 0.0712634 0.0808482 0.402152
13 0.231551 0.736628 0.0556812 0.0666222 0.394626
2 0.970926 0.477464 0.0572296 0.0812615 0.377199
0 0.514216 0.210667 0.00726185 0.0459602 0.367296
13 0.25164 0.591271 0.0655451 0.080564 0.343824
13 0.147912 0.911501 0.0516391 0.0694329 0.321449
0 0.43 0.628488 0.0170971 0.0687025 0.31399
2 0.990473 0.42335 0.0183163 0.0531026 0.29575
13 0.217604 0.714619 0.0671832 0.0775709 0.29018
13 0.170963 0.501222 0.0598518 0.0591251 0.268562
2 0.711112 0.954969 0.0693349 0.0836412 0.262244
58 0.456827 0.262163 0.0372145 0.0483979 0.257405
13 0.300182 0.860763 0.0761806 0.105362 0.252852
