2 0.877408 0.769188 0.132628 0.14323 0.930672
2 0.921393 0.716073 0.133797 0.14137 0.929373
2 0.909896 0.188268 0.0848259 0.0770915 0.812851
2 0.96439 0.532156 0.070665 0.0647819 0.743761
2 0.937485 0.660087 0.124357 0.113575 0.742326
2 0.807351 0.222278 0.0650257 0.0768488 0.729831
2 0.85031 0.842442 0.177525 0.20478 0.711964
7 0.807162 0.111805 0.0944265 0.102496 0.70645
2 0.749554 0.955637 0.147866 0.0863559 0.653557
13 0.362171 0.946956 0.0831544 0.101798 0.622799
0 0.404254 0.362196 0.00990547 0.0553585 0.618656
13 0.272174 0.801664 0.0627458 0.0713206 0.603224
7 0.850221 0.842847 0.176364 0.204534 0.590576
56 0.181105 0.949613 0.0701116 0.0967082 0.566204
13 0.152809 0.636971 0.0693206 0.0841787 0.538402
13 0.109216 0.827569 0.0598862 0.0776021 0.504315
13 0.0196556 0.704372 0.0390798 0.0891754 0.491665
2 0.970932 0.477623 0.0572735 0.0806854 0.474638
13 0.311323 0.875342 0.0629087 0.0843648 0.473916
13 0.135911 0.887208 0.0639135 0.0827043 0.440392
0 0.430089 0.62529 0.0168959 0.0745789 0.440031
13 0.0325689 0.550999 0.064362 0.0772413 0.430999
13 0.261343 0.775931 0.0710355 0.0809418 0.418327
13 0.0709366 0.784473 0.0609098 0.0849233 0.417716
13 0.231793 0.736613 0.055306 0.0668347 0.415976
2 0.955314 0.596166 0.0877396 0.0959545 0.40797
13 0.251459 0.592845 0.0664604 0.0833006 0.406007
2 0.111003 0.724023 0.0618338 0.0856371 0.38893
2 0.990545 0.422658 0.0181757 0.0526217 0.31724
13 0.217885 0.714922 0.0659834 0.0774151 0.303587
0 0.514441 0.211403 0.00754757 0.0483587 0.295042
13 0.200799 0.686178 0.0577742 0.0661579 0.291923
13 0.14779 0.911788 0.0521297 0.0704783 0.287175
13 0.188574 0.662525 0.0674902 0.075609 0.28034
13 0.301253 0.86256 0.0784011 0.106266 0.271865
