2 0.87731 0.769109 0.132154 0.142957 0.925916
2 0.921226 0.715626 0.133995 0.142132 0.924442
2 0.910039 0.188019 0.0850601 0.0767988 0.801698
2 0.937356 0.661207 0.124601 0.115899 0.760777
2 0.964385 0.532157 0.0706566 0.0649719 0.736616
7 0.807109 0.111679 0.0944333 0.102014 0.731795
2 0.807268 0.221665 0.064901 0.0765891 0.704321
2 0.850445 0.842143 0.177305 0.204576 0.679668
0 0.429941 0.623269 0.0154998 0.0723785 0.663371
7 0.850427 0.842561 0.176247 0.204389 0.622146
13 0.271497 0.801544 0.064173 0.0705315 0.584414
2 0.750167 0.95468 0.148268 0.0875159 0.584311
13 0.362129 0.947073 0.083206 0.101632 0.568092
13 0.310413 0.875976 0.0649041 0.0828856 0.528072
56 0.181075 0.949667 0.0702135 0.0963474 0.504458
2 0.955275 0.596224 0.0879799 0.0970481 0.501556
0 0.514326 0.210566 0.00752983 0.045497 0.473791
13 0.231644 0.736439 0.0561768 0.0665856 0.449805
13 0.153136 0.637588 0.0691443 0.0859268 0.442548
13 0.261282 0.77483 0.0711008 0.0811842 0.442247
13 0.136213 0.88745 0.0643907 0.0827572 0.424603
13 0.109121 0.827223 0.0598846 0.0768331 0.41472
2 0.971059 0.477876 0.0570419 0.0807756 0.399951
13 0.0326845 0.550899 0.0638444 0.0771786 0.397277
0 0.334137 0.346385 0.0152264 0.0654627 0.379294
13 0.0709409 0.784454 0.0616104 0.0861233 0.374674
13 0.0197592 0.705289 0.039332 0.0893292 0.348803
13 0.217925 0.71486 0.066544 0.0774524 0.325577
13 0.250761 0.592053 0.0638967 0.081703 0.322297
13 0.148243 0.911631 0.0516939 0.070715 0.298102
13 0.200683 0.686242 0.0568625 0.0642745 0.278276
2 0.99061 0.42283 0.0180462 0.052436 0.255316
13 0.175783 0.506042 0.0686167 0.0685538 0.254085
