2 0.921416 0.716235 0.133564 0.141186 0.930519
2 0.877468 0.769243 0.132267 0.143207 0.927505
2 0.909945 0.188418 0.0850193 0.0774585 0.810845
2 0.937563 0.660415 0.124176 0.114399 0.772571
2 0.807431 0.222087 0.0648634 0.0758346 0.75631
2 0.964409 0.531666 0.0705465 0.0645627 0.74606
7 0.807241 0.111811 0.0943726 0.102837 0.743777
2 0.850275 0.842475 0.177681 0.203892 0.670314
7 0.850155 0.842743 0.17661 0.204058 0.663835
13 0.362147 0.946969 0.0834636 0.101465 0.604224
2 0.74857 0.955525 0.148333 0.0868692 0.550132
13 0.272635 0.801961 0.0622327 0.0707143 0.531412
56 0.181265 0.949643 0.0706676 0.0966389 0.484794
13 0.109504 0.829226 0.0607617 0.0822164 0.476904
0 0.402089 0.360295 0.0102722 0.0542505 0.465642
2 0.111382 0.724071 0.0627244 0.0857954 0.46542
13 0.019993 0.704813 0.0397972 0.0875573 0.460855
13 0.311067 0.875232 0.0634081 0.0844248 0.447353
2 0.970934 0.477726 0.0572289 0.0800597 0.440017
13 0.153001 0.636091 0.069179 0.0832523 0.433352
0 0.430224 0.625974 0.0164695 0.075206 0.433101
2 0.955333 0.595645 0.0877371 0.0958311 0.422947
13 0.231533 0.736669 0.0560049 0.0666114 0.411973
13 0.136418 0.888746 0.0647392 0.0855794 0.404578
13 0.261656 0.775497 0.0718154 0.0825314 0.349177
13 0.0707468 0.784162 0.0609652 0.0844438 0.347488
13 0.0324619 0.551149 0.0637478 0.0770797 0.339597
13 0.250618 0.589936 0.0640736 0.0769513 0.32537
0 0.514635 0.210405 0.00623999 0.0462925 0.297128
58 0.45676 0.261706 0.0376565 0.0482267 0.293862
2 0.990625 0.423072 0.0180342 0.0526009 0.275174
13 0.147301 0.910426 0.0523869 0.0712841 0.270664
13 0.201035 0.686085 0.0570067 0.0658126 0.264434
13 0.220449 0.71759 0.0673028 0.0815994 0.264233
