2 0.877444 0.769132 0.132373 0.14308 0.929459
2 0.921396 0.715522 0.133625 0.141864 0.920709
2 0.909952 0.187802 0.0847467 0.0762748 0.798728
2 0.937676 0.661357 0.124 0.117546 0.765365
2 0.964388 0.53181 0.0706095 0.0646208 0.748359
2 0.807183 0.221484 0.0645771 0.0764113 0.702369
2 0.850241 0.842091 0.177718 0.204443 0.697633
7 0.807095 0.111681 0.0942948 0.102342 0.663843
7 0.850125 0.842432 0.176748 0.204144 0.625315
13 0.362075 0.946965 0.0831885 0.10184 0.58706
13 0.272229 0.802246 0.0633316 0.0715061 0.535498
13 0.109551 0.82871 0.0609065 0.0808607 0.499209
56 0.181229 0.949477 0.0705656 0.0961895 0.47464
13 0.153296 0.636902 0.0689561 0.0857281 0.460611
0 0.43021 0.627316 0.0169504 0.0729808 0.460365
2 0.750326 0.954514 0.148432 0.087148 0.451109
2 0.955251 0.596212 0.0878246 0.0972754 0.439568
13 0.0327296 0.551068 0.0640877 0.0765934 0.437896
13 0.136272 0.888251 0.0651718 0.0852315 0.430473
13 0.251308 0.59255 0.0654455 0.0824399 0.425655
13 0.0197506 0.705064 0.0393413 0.0893325 0.415986
13 0.311263 0.8754 0.0628903 0.0840549 0.391797
13 0.231273 0.73766 0.0560987 0.0686683 0.378482
13 0.261322 0.775849 0.0713091 0.0820399 0.367439
13 0.301614 0.861282 0.0791607 0.106363 0.366326
13 0.0707769 0.784501 0.0617084 0.085178 0.349342
2 0.971012 0.478184 0.0571007 0.0800719 0.345218
13 0.219638 0.716796 0.0678304 0.0808482 0.294724
13 0.17079 0.502172 0.0591736 0.060617 0.285611
13 0.146752 0.909897 0.0533468 0.0717129 0.27801
56 0.109821 0.830571 0.0621958 0.0838713 0.265075
