2 0.877402 0.76922 0.132376 0.143562 0.929429
2 0.921405 0.715831 0.133649 0.141543 0.924609
2 0.910043 0.188149 0.0850628 0.0769808 0.805172
2 0.93753 0.661126 0.124173 0.115985 0.785143
7 0.807333 0.111676 0.0944417 0.102689 0.75926
2 0.964414 0.53195 0.0705833 0.0646564 0.754627
0 0.43014 0.624127 0.0156403 0.073378 0.72867
2 0.807363 0.221356 0.0646084 0.0764168 0.722386
2 0.850324 0.842545 0.177554 0.203806 0.717108
13 0.2717 0.801237 0.0632971 0.0710551 0.703492
13 0.362171 0.947049 0.083441 0.101581 0.620948
56 0.181401 0.949805 0.0705661 0.0964599 0.578867
7 0.850289 0.842675 0.176434 0.204082 0.577686
13 0.310658 0.876044 0.0639634 0.0832333 0.577065
2 0.750251 0.954748 0.147648 0.0870887 0.558309
2 0.955258 0.596742 0.0880341 0.097408 0.531556
13 0.0197892 0.704799 0.0393632 0.0883545 0.528459
13 0.153164 0.636317 0.068828 0.0832174 0.510916
13 0.261205 0.775125 0.0710587 0.0809243 0.486392
13 0.136114 0.887378 0.0644693 0.0829569 0.482745
13 0.109032 0.827189 0.059429 0.0770145 0.480547
13 0.232001 0.736208 0.0552408 0.0665449 0.478812
0 0.414834 0.545768 0.0159533 0.0347512 0.417833
2 0.970844 0.477739 0.057423 0.0810936 0.406191
13 0.0326926 0.551297 0.0639387 0.0769055 0.399613
0 0.331573 0.350648 0.0131923 0.0571398 0.394985
0 0.514383 0.210724 0.00706463 0.0459986 0.369237
13 0.176486 0.510208 0.0697956 0.0781579 0.33792
13 0.147616 0.911534 0.0520184 0.0699571 0.332499
13 0.217844 0.71489 0.0667046 0.0775167 0.323819
13 0.250973 0.59233 0.0647441 0.0824012 0.323785
13 0.297731 0.854958 0.0724315 0.0966914 0.310296
13 0.0702312 0.784095 0.0608496 0.0845327 0.309288
13 0.111003 0.723282 0.0628332 0.0851335 0.280055
56 0.109547 0.829992 0.061637 0.0828322 0.267152
13 0.200896 0.68642 0.0566759 0.0661394 0.25651
