2 0.877369 0.769137 0.132046 0.143075 0.92932
2 0.92134 0.716174 0.133799 0.141436 0.927906
2 0.909935 0.188032 0.085173 0.0770632 0.794057
2 0.937547 0.662073 0.124296 0.11878 0.776683
2 0.964401 0.531813 0.0705898 0.0647255 0.738997
2 0.807184 0.222146 0.0651506 0.0762351 0.702514
7 0.850407 0.842316 0.176349 0.204187 0.666344
7 0.807285 0.112102 0.0947174 0.103146 0.663174
2 0.85046 0.841621 0.177397 0.204885 0.650164
13 0.362069 0.946972 0.0833843 0.101966 0.593874
13 0.271533 0.800858 0.063914 0.0705207 0.574772
0 0.513912 0.210652 0.00794086 0.0468588 0.565496
0 0.403212 0.362359 0.010614 0.0561518 0.559308
56 0.181 0.949792 0.0703378 0.0965985 0.527914
2 0.749802 0.954595 0.148017 0.0869693 0.475104
2 0.95528 0.595645 0.0879322 0.0954176 0.462043
2 0.11105 0.724349 0.0623465 0.0847443 0.46146
13 0.310845 0.875537 0.0635073 0.0843357 0.457938
0 0.429989 0.624571 0.0164301 0.0755786 0.449435
13 0.136224 0.887885 0.0647874 0.0845213 0.440162
2 0.970952 0.477406 0.0571991 0.0811183 0.422158
13 0.109468 0.828626 0.0606789 0.0806196 0.395647
2 0.990697 0.423061 0.0178568 0.052978 0.392244
13 0.019802 0.704764 0.0394253 0.0886848 0.376332
13 0.153142 0.636612 0.0698097 0.0842699 0.36625
13 0.231671 0.736493 0.0553734 0.0662928 0.351662
13 0.261215 0.775061 0.0709533 0.0813714 0.347971
13 0.0709286 0.784355 0.0608533 0.0854962 0.334391
13 0.25164 0.59535 0.0665961 0.0885298 0.325437
5 0.0326216 0.549891 0.0649365 0.0789381 0.310978
13 0.147902 0.911484 0.0513644 0.0698931 0.287763
