2 0.877403 0.769429 0.132535 0.143313 0.930671
2 0.921437 0.715643 0.133563 0.142667 0.921492
2 0.93762 0.661265 0.124029 0.118442 0.797701
2 0.909985 0.188226 0.0851181 0.0771562 0.772408
2 0.964441 0.531673 0.070462 0.0639531 0.736667
2 0.850288 0.841559 0.177693 0.206548 0.721769
2 0.807231 0.221653 0.0646116 0.0754515 0.710968
7 0.80724 0.111663 0.0944189 0.102805 0.693399
13 0.362049 0.946952 0.0834793 0.101825 0.570409
2 0.748821 0.95527 0.148127 0.0875768 0.549825
56 0.181333 0.94956 0.0703503 0.0965621 0.530104
7 0.850094 0.842285 0.1766 0.204104 0.51838
13 0.272028 0.80157 0.0641785 0.0718675 0.51787
13 0.0197152 0.704963 0.0392003 0.0887694 0.463996
13 0.109356 0.82806 0.0609005 0.0792067 0.461097
13 0.152979 0.637027 0.0697976 0.0847171 0.449189
2 0.955174 0.594814 0.0881212 0.0962947 0.42125
13 0.310805 0.875572 0.0634213 0.0840641 0.418474
13 0.0328609 0.551231 0.0639108 0.0767349 0.401533
13 0.136529 0.889091 0.0653568 0.0868649 0.398139
13 0.0708037 0.7844 0.0621044 0.0854024 0.382292
13 0.231406 0.736491 0.0554301 0.0658215 0.375458
13 0.2614 0.775448 0.0713643 0.0817551 0.371752
0 0.429954 0.625837 0.0169272 0.0719958 0.364927
13 0.251356 0.591679 0.0656814 0.0813254 0.350418
0 0.514574 0.210607 0.00649996 0.0455657 0.328175
13 0.219535 0.716942 0.0673035 0.0801056 0.280459
56 0.110053 0.830521 0.0622154 0.0829283 0.262606
58 0.456615 0.261411 0.0379627 0.0469694 0.258639
