2 0.877366 0.769343 0.132256 0.143127 0.926693
2 0.921384 0.716072 0.133815 0.14117 0.92635
2 0.937536 0.661184 0.12438 0.11627 0.787924
2 0.909842 0.188104 0.0849773 0.0764696 0.771333
2 0.964397 0.531561 0.0705782 0.0639893 0.720281
2 0.807155 0.22148 0.0646828 0.0757651 0.713995
7 0.807143 0.111779 0.0944983 0.103119 0.711843
7 0.850443 0.842898 0.176263 0.203629 0.708565
13 0.362075 0.94696 0.0830126 0.10195 0.615338
2 0.850467 0.842881 0.177332 0.203018 0.615334
13 0.272374 0.801097 0.062803 0.0721266 0.58351
0 0.42978 0.626108 0.0162369 0.0721476 0.581381
56 0.181176 0.949568 0.0707197 0.0963877 0.53959
13 0.311013 0.875694 0.0634537 0.0855316 0.494975
2 0.75008 0.954921 0.148081 0.0864925 0.478369
13 0.108674 0.826108 0.0592445 0.0741713 0.468454
2 0.955172 0.594526 0.0881592 0.094949 0.440716
13 0.0198362 0.705018 0.0394694 0.0888234 0.436422
13 0.153447 0.637268 0.0687428 0.0845573 0.418295
13 0.261432 0.775783 0.0711778 0.0820419 0.404837
2 0.97084 0.477733 0.0574682 0.0814095 0.391074
0 0.51469 0.211793 0.00719891 0.0485143 0.389057
0 0.417004 0.546773 0.0267463 0.055471 0.373676
2 0.111076 0.72352 0.0621698 0.0851383 0.373121
13 0.23186 0.736412 0.0549327 0.0658664 0.370722
13 0.0712192 0.784787 0.0609897 0.0854974 0.361866
13 0.136121 0.888268 0.0639919 0.0850844 0.352742
13 0.0324335 0.55069 0.06396 0.0772742 0.348817
13 0.251047 0.592735 0.0651838 0.0836511 0.345026
13 0.218337 0.71498 0.0661131 0.0775898 0.3083
5 0.0322049 0.550164 0.0641353 0.0783629 0.299435
13 0.200698 0.687063 0.0573485 0.0672401 0.282714
13 0.30088 0.861705 0.0779023 0.106679 0.276584
56 0.109813 0.828823 0.0620736 0.0791609 0.274857
