2 0.877498 0.769563 0.132627 0.143316 0.92906
2 0.921388 0.716112 0.133786 0.141586 0.922964
2 0.91 0.187805 0.0851982 0.0767914 0.779068
2 0.937509 0.661369 0.124463 0.117562 0.763265
2 0.964406 0.531475 0.0705721 0.0641727 0.745554
7 0.807162 0.111909 0.0946857 0.102797 0.737834
7 0.850308 0.84291 0.176813 0.203316 0.728691
2 0.807396 0.221863 0.0643114 0.076156 0.696488
2 0.850361 0.843201 0.177837 0.202321 0.637088
13 0.36215 0.947068 0.083697 0.101725 0.627935
0 0.407444 0.365772 0.0139128 0.0562972 0.619879
56 0.181438 0.949663 0.0703207 0.0966061 0.565348
13 0.271858 0.802254 0.0626003 0.070461 0.493833
13 0.251082 0.594501 0.0655948 0.087057 0.484022
13 0.109018 0.826947 0.0596953 0.0759613 0.469547
2 0.955305 0.596191 0.0879726 0.0959915 0.455205
13 0.0708553 0.784524 0.06137 0.0858537 0.449453
13 0.153136 0.637683 0.0692531 0.0860236 0.405566
13 0.0196914 0.70516 0.0392007 0.088768 0.39787
2 0.709554 0.955705 0.0712325 0.0838487 0.394287
2 0.766907 0.961358 0.114201 0.0726306 0.380468
13 0.31128 0.875462 0.062884 0.0847802 0.375626
13 0.261354 0.775793 0.0711876 0.0813804 0.375184
13 0.231366 0.738017 0.0561939 0.0694682 0.365881
13 0.0324903 0.550868 0.0638793 0.0771015 0.363672
2 0.970954 0.477718 0.057243 0.081281 0.362308
13 0.136308 0.888112 0.064193 0.0847327 0.34383
13 0.175726 0.508461 0.0691484 0.0742981 0.330698
13 0.220053 0.716759 0.0674093 0.0801541 0.321837
0 0.430645 0.627885 0.018364 0.0700754 0.317162
56 0.109865 0.829824 0.0621907 0.0817424 0.298528
2 0.111238 0.723262 0.0626988 0.0855026 0.294548
13 0.200691 0.686126 0.0587564 0.0673425 0.278976
13 0.300933 0.86138 0.078456 0.106407 0.277434
5 0.0322055 0.550122 0.0640508 0.078048 0.271886
0 0.514168 0.21036 0.00748844 0.0468093 0.269022
