2 0.921231 0.71592 0.133793 0.141374 0.927136
2 0.877399 0.769169 0.132234 0.143439 0.926191
2 0.909884 0.188109 0.0850542 0.0769072 0.783281
2 0.93762 0.662274 0.124238 0.118436 0.759629
2 0.96445 0.532606 0.0705397 0.0656886 0.726649
2 0.807286 0.221754 0.0650324 0.0760746 0.718587
7 0.807149 0.112399 0.0946432 0.103417 0.711842
7 0.850525 0.842489 0.176209 0.205149 0.698575
2 0.850532 0.84173 0.177339 0.206196 0.628999
13 0.361981 0.946817 0.0830877 0.101322 0.605501
2 0.74906 0.955481 0.148031 0.0870724 0.580787
13 0.0197844 0.704659 0.0393588 0.0885501 0.580547
0 0.429637 0.626982 0.016913 0.0696799 0.569171
13 0.271915 0.801994 0.0634407 0.0708688 0.5541
56 0.180938 0.949966 0.0700048 0.0964097 0.52016
0 0.415634 0.550599 0.0320085 0.0525891 0.482817
13 0.10895 0.829015 0.0604875 0.0823044 0.472514
13 0.153185 0.636931 0.0691896 0.0843295 0.466261
13 0.311701 0.875326 0.0621811 0.0845939 0.442718
2 0.955272 0.595784 0.0878807 0.0956655 0.434226
13 0.0323993 0.550922 0.0638109 0.0769118 0.408451
13 0.0714266 0.784546 0.0606329 0.085453 0.4075
13 0.261544 0.775243 0.0714869 0.0816511 0.380169
13 0.251187 0.594108 0.0656863 0.0845826 0.373507
13 0.231527 0.73649 0.0550993 0.0663023 0.366893
2 0.971016 0.477518 0.0570786 0.0805115 0.365042
13 0.136454 0.889219 0.0650909 0.0871636 0.362162
0 0.514437 0.210724 0.00718479 0.0486658 0.319013
2 0.111152 0.722965 0.0617978 0.0840524 0.306571
2 0.990542 0.422928 0.0181622 0.0528181 0.306232
13 0.219928 0.716108 0.0672486 0.0789295 0.280799
13 0.189349 0.662028 0.0672729 0.0744522 0.265629
13 0.171274 0.501897 0.0604586 0.0597759 0.25848
58 0.456754 0.262189 0.0376904 0.0490709 0.255631
