2 0.8775 0.769203 0.132627 0.142867 0.92894
2 0.921284 0.715818 0.133823 0.141348 0.926967
2 0.937432 0.662335 0.124542 0.117583 0.78935
2 0.909897 0.188334 0.0850513 0.0772639 0.775979
2 0.964421 0.531789 0.0705463 0.064769 0.76264
2 0.850352 0.841164 0.177566 0.206954 0.7278
7 0.807294 0.111674 0.094643 0.10224 0.722427
2 0.807371 0.222386 0.0649789 0.0766958 0.712476
13 0.362243 0.947049 0.083222 0.101779 0.581252
13 0.272477 0.801236 0.0628853 0.070784 0.555646
56 0.181202 0.949758 0.070853 0.0966083 0.548241
2 0.955306 0.595793 0.0879204 0.0967207 0.532057
13 0.153142 0.637057 0.0691321 0.0849317 0.522777
13 0.108846 0.82698 0.0595209 0.0767259 0.514113
0 0.404346 0.362473 0.0106863 0.0555252 0.513303
7 0.850151 0.84209 0.17652 0.204092 0.482759
2 0.750533 0.954597 0.148018 0.0865445 0.46431
13 0.310723 0.875678 0.0642391 0.0819965 0.46094
13 0.231888 0.736816 0.0555803 0.067275 0.403039
13 0.136112 0.887739 0.0643498 0.0836456 0.399972
2 0.11132 0.724063 0.0633511 0.0856049 0.398675
0 0.429694 0.625352 0.0169725 0.0707057 0.39172
13 0.261164 0.775552 0.0708249 0.0816009 0.379636
13 0.0324752 0.551136 0.0641139 0.0770967 0.366114
2 0.970999 0.477535 0.0571167 0.0812617 0.359326
13 0.0195579 0.704421 0.038919 0.0883358 0.353978
13 0.25168 0.594685 0.0671257 0.086498 0.344088
0 0.514356 0.210966 0.00689907 0.0458677 0.33747
58 0.456564 0.261856 0.0377825 0.0481582 0.314576
13 0.217798 0.71516 0.0659814 0.0776723 0.280833
2 0.990921 0.422582 0.0174397 0.0512622 0.277283
13 0.0699573 0.783888 0.0611122 0.0846486 0.269093
13 0.176535 0.509865 0.0706175 0.0780736 0.261847
