2 0.877419 0.769432 0.132208 0.143198 0.928149
2 0.921411 0.715777 0.133556 0.141748 0.927433
2 0.937416 0.661041 0.124458 0.115716 0.796323
2 0.909968 0.188065 0.084964 0.0767823 0.784191
2 0.964409 0.531447 0.0705372 0.0635412 0.75031
2 0.807248 0.221521 0.0644175 0.0772569 0.732535
7 0.850085 0.842183 0.176613 0.204367 0.68769
13 0.361623 0.946695 0.0830365 0.101467 0.660541
2 0.850205 0.841355 0.177689 0.205375 0.655264
7 0.807037 0.112007 0.0946739 0.102693 0.653686
13 0.272172 0.802084 0.0625875 0.0710139 0.58267
2 0.955107 0.596237 0.0882336 0.0980408 0.566449
56 0.181412 0.949616 0.0704562 0.0968507 0.528201
13 0.109351 0.828031 0.0599066 0.0780192 0.525868
0 0.429903 0.627479 0.0167963 0.0701453 0.517219
13 0.0194456 0.70476 0.0386946 0.0891829 0.516199
13 0.15261 0.637339 0.0702292 0.0853177 0.515635
2 0.749959 0.954894 0.148696 0.0864478 0.512068
2 0.970958 0.477846 0.0572382 0.0804207 0.47681
13 0.231558 0.73655 0.0551125 0.0662869 0.443831
13 0.311273 0.875134 0.062554 0.0834807 0.440011
13 0.136152 0.887937 0.0644708 0.0843441 0.436099
13 0.261087 0.775729 0.0707938 0.0813412 0.426261
13 0.032636 0.551171 0.0640808 0.0771737 0.393936
13 0.251048 0.590447 0.0654822 0.0790756 0.393308
13 0.176003 0.509678 0.0693228 0.0761329 0.372926
13 0.0708262 0.784351 0.0610459 0.0857652 0.36546
0 0.514107 0.210319 0.00791168 0.0454099 0.360873
13 0.21759 0.714185 0.067291 0.0768161 0.325114
13 0.301478 0.861602 0.0784626 0.105578 0.324908
2 0.990666 0.422986 0.0179333 0.0524175 0.312279
13 0.147764 0.911702 0.0513981 0.0691489 0.299638
45 0.345846 0.411893 0.044396 0.0628261 0.292211
13 0.171038 0.502516 0.0595066 0.0615521 0.285829
56 0.109834 0.830303 0.0621446 0.0830136 0.254943
60 0.135885 0.888954 0.0634385 0.0851061 0.254904
