2 0.877419 0.769246 0.132438 0.143023 0.929698
2 0.921303 0.715977 0.133862 0.14156 0.924174
2 0.90997 0.18809 0.0852093 0.0772653 0.78948
2 0.937465 0.662234 0.12447 0.11751 0.772868
2 0.964463 0.531736 0.0705271 0.0641676 0.744981
2 0.807369 0.221331 0.0648249 0.0777065 0.742734
7 0.850244 0.842476 0.176264 0.204562 0.677689
7 0.807092 0.111719 0.0944298 0.101812 0.676435
2 0.850352 0.841875 0.177397 0.205204 0.65305
2 0.750272 0.95492 0.147792 0.0866751 0.624773
13 0.362202 0.946883 0.0832917 0.101927 0.619698
2 0.955208 0.596466 0.0880991 0.0982555 0.552147
56 0.18125 0.949493 0.0702824 0.0965694 0.54859
13 0.272006 0.802365 0.0632769 0.0707391 0.53682
13 0.0198185 0.70489 0.0394148 0.0887638 0.478426
13 0.109194 0.828075 0.0594581 0.0778141 0.475614
13 0.071264 0.784827 0.0612474 0.085878 0.474646
13 0.0324959 0.550933 0.0638331 0.0772673 0.472125
13 0.152985 0.637671 0.07059 0.0856328 0.465375
2 0.970945 0.477879 0.0572834 0.080748 0.43526
13 0.311221 0.87553 0.0629581 0.0841929 0.408569
0 0.514076 0.210206 0.00813961 0.0458925 0.406852
13 0.136217 0.888306 0.0645602 0.0849731 0.402467
13 0.261095 0.775443 0.0711052 0.0821152 0.383532
13 0.301408 0.86153 0.0792805 0.106911 0.379372
13 0.231768 0.736546 0.0557701 0.0665195 0.372348
0 0.429827 0.625856 0.017515 0.0756365 0.357727
0 0.40603 0.363191 0.0127093 0.0545215 0.350309
13 0.250695 0.593547 0.0642555 0.0849608 0.34103
2 0.99084 0.422483 0.01758 0.0511353 0.316343
13 0.200239 0.686414 0.0575285 0.0652064 0.311183
2 0.111249 0.722943 0.0624478 0.0847585 0.28629
13 0.189239 0.662592 0.0674608 0.076327 0.268874
13 0.147623 0.911257 0.051932 0.0698812 0.265967
13 0.217777 0.71485 0.0655291 0.0770486 0.262931
13 0.170907 0.501789 0.0598671 0.0594213 0.260724
56 0.10989 0.830889 0.0619044 0.0837287 0.257576
