2 0.921275 0.715997 0.133682 0.141675 0.928113
2 0.877332 0.769292 0.132299 0.142948 0.925858
2 0.909987 0.18803 0.0851696 0.0771952 0.798019
2 0.937466 0.661557 0.124552 0.117183 0.788474
2 0.807246 0.221661 0.0646531 0.0760988 0.778525
2 0.964468 0.532182 0.0704582 0.0653666 0.754933
7 0.850392 0.842387 0.176545 0.204092 0.730461
7 0.807182 0.111443 0.0948292 0.101677 0.714711
13 0.271644 0.80173 0.0630421 0.07102 0.650759
13 0.362146 0.946953 0.0832902 0.101798 0.631668
0 0.429919 0.623052 0.0165529 0.072907 0.629751
13 0.310935 0.875856 0.0634914 0.0850315 0.610056
2 0.850411 0.841794 0.177612 0.204568 0.604673
0 0.347655 0.345433 0.0113919 0.0578281 0.587736
2 0.748904 0.955148 0.147727 0.087357 0.569527
2 0.95525 0.595827 0.0880199 0.0947008 0.52467
13 0.109179 0.827999 0.0595862 0.0778659 0.512793
13 0.231504 0.736502 0.0560919 0.0662611 0.496608
13 0.0196755 0.704532 0.0391423 0.0881409 0.495434
13 0.261052 0.7753 0.0708568 0.0810021 0.490081
13 0.152648 0.637312 0.0696568 0.0855248 0.4792
13 0.13628 0.888213 0.0646774 0.0849611 0.446384
2 0.970986 0.478034 0.0571003 0.0801251 0.440188
56 0.181149 0.949715 0.0704488 0.0963931 0.423531
0 0.51441 0.211118 0.00744181 0.0462782 0.423238
13 0.0324561 0.550788 0.0634105 0.0769184 0.362357
13 0.25146 0.594279 0.0663004 0.0852424 0.355765
2 0.990507 0.423473 0.0182491 0.0532325 0.335277
13 0.297781 0.855322 0.0728234 0.0967814 0.331534
13 0.217885 0.714169 0.0663311 0.0766212 0.316744
2 0.110865 0.723868 0.0622066 0.0860797 0.316222
13 0.0709395 0.784075 0.0613718 0.0848445 0.301917
13 0.201056 0.686307 0.0573624 0.0652677 0.286669
13 0.143382 0.903921 0.0593823 0.081783 0.273093
60 0.135932 0.889104 0.0633253 0.0857174 0.252389
