2 0.87736 0.769179 0.132398 0.143322 0.928776
2 0.921442 0.716019 0.133836 0.141455 0.922456
2 0.937562 0.659271 0.124187 0.113032 0.773565
2 0.909867 0.188244 0.0852741 0.0772256 0.739258
2 0.964491 0.53197 0.0704346 0.0645762 0.725437
2 0.807231 0.222114 0.0649664 0.076743 0.715481
2 0.850222 0.840999 0.177758 0.207196 0.675825
7 0.85014 0.842182 0.17671 0.205394 0.657143
7 0.807109 0.111541 0.0943808 0.101763 0.624523
13 0.0326259 0.550984 0.0635087 0.0771921 0.588637
13 0.362028 0.946987 0.0828509 0.101697 0.57842
13 0.153491 0.635962 0.0684831 0.0825924 0.533443
13 0.0195703 0.704357 0.0389523 0.0880288 0.530694
56 0.181194 0.949439 0.0705928 0.0964361 0.521307
13 0.108621 0.827239 0.0598842 0.077808 0.518191
2 0.955226 0.596793 0.0881819 0.0983426 0.502832
13 0.272057 0.801735 0.063047 0.0712335 0.500302
13 0.251601 0.594687 0.0666786 0.0872998 0.470423
0 0.514064 0.210654 0.00815601 0.0468119 0.452908
2 0.750066 0.954976 0.148421 0.0866794 0.445259
13 0.310788 0.875716 0.0638292 0.0849814 0.439439
0 0.430183 0.628769 0.0167574 0.0707421 0.422257
13 0.0706247 0.783183 0.0594967 0.0830983 0.396966
13 0.136738 0.890132 0.0653958 0.0883504 0.381945
13 0.261291 0.775494 0.0706344 0.081792 0.358526
13 0.231656 0.736298 0.0554357 0.0660868 0.348817
2 0.970856 0.477752 0.05746 0.0810817 0.343277
13 0.219491 0.71564 0.0670197 0.0777188 0.313103
13 0.189205 0.660805 0.0664903 0.0723001 0.302923
13 0.200444 0.685462 0.0579 0.0663025 0.296686
13 0.110929 0.722755 0.0621752 0.0839762 0.290235
56 0.10959 0.829534 0.0616312 0.0810433 0.28052
13 0.175432 0.50596 0.0680397 0.0675249 0.279349
45 0.370978 0.231406 0.0408928 0.0536702 0.25775
