2 0.877265 0.769001 0.132149 0.143283 0.927438
2 0.921319 0.715932 0.133736 0.142128 0.927401
2 0.91001 0.188203 0.0851028 0.0773602 0.798712
2 0.937497 0.661372 0.124476 0.11687 0.775667
2 0.8504 0.842158 0.177313 0.205491 0.756867
2 0.807182 0.221855 0.0649647 0.0764863 0.753864
2 0.964397 0.531726 0.0706078 0.0643938 0.752093
0 0.430361 0.624389 0.0164728 0.0754757 0.678611
7 0.807234 0.111762 0.0943319 0.102237 0.671624
13 0.362147 0.946878 0.0831043 0.10198 0.628438
2 0.750264 0.954798 0.147584 0.0867521 0.5984
13 0.271967 0.802509 0.0625074 0.0706716 0.562535
2 0.955293 0.594444 0.0879732 0.0947493 0.531784
13 0.311062 0.875764 0.0629267 0.0847782 0.52723
56 0.181032 0.94954 0.0705779 0.0966667 0.521061
13 0.019775 0.705028 0.0393442 0.0885072 0.494157
13 0.10894 0.827241 0.0600448 0.0763653 0.486934
13 0.136203 0.888322 0.0641285 0.0845701 0.46257
13 0.261171 0.775405 0.0712278 0.0817208 0.44887
13 0.0324884 0.550896 0.0639871 0.0775006 0.423627
13 0.152938 0.636613 0.0691392 0.084651 0.416661
2 0.971004 0.477896 0.0571089 0.0809113 0.408741
13 0.231698 0.736307 0.0557913 0.0659548 0.398059
2 0.111415 0.723291 0.0633746 0.0858551 0.395276
0 0.514389 0.210944 0.00719776 0.0461023 0.394573
13 0.0708893 0.784901 0.0621621 0.0863688 0.355941
2 0.990807 0.423245 0.0176355 0.0525104 0.346218
0 0.419278 0.548961 0.0228327 0.0458435 0.32902
13 0.217956 0.714883 0.0671084 0.0775415 0.32093
13 0.147759 0.91122 0.0513599 0.0700529 0.307507
2 0.925305 0.673337 0.131425 0.119483 0.302712
13 0.250782 0.590937 0.0646015 0.0804372 0.2844
5 0.0322593 0.550296 0.0641695 0.0786828 0.275604
13 0.200746 0.686562 0.0578991 0.0648546 0.267336
