2 0.877275 0.769106 0.132364 0.143104 0.929953
2 0.921388 0.715894 0.133817 0.142165 0.924365
2 0.937543 0.661124 0.124276 0.115388 0.801273
2 0.90986 0.188574 0.0851099 0.0776245 0.776504
2 0.964414 0.531554 0.0705618 0.0637 0.75759
2 0.850371 0.842193 0.177332 0.203425 0.697315
2 0.807394 0.222749 0.0646099 0.0753472 0.671752
7 0.807152 0.111555 0.0942608 0.101313 0.652897
7 0.850332 0.842412 0.176298 0.203531 0.597422
2 0.749221 0.95571 0.146528 0.0857079 0.585889
13 0.362086 0.946967 0.0830818 0.101833 0.57717
0 0.434011 0.625599 0.0240486 0.0835934 0.562704
2 0.955114 0.595341 0.0883429 0.0966398 0.551588
13 0.109173 0.82757 0.0600435 0.0771013 0.538993
0 0.411091 0.381283 0.0126402 0.0583388 0.52918
13 0.272241 0.802184 0.0620731 0.0704197 0.490271
56 0.181313 0.949578 0.0702989 0.0962836 0.486779
13 0.311106 0.875468 0.0630777 0.0851142 0.47889
13 0.019875 0.705198 0.0395419 0.0886892 0.445136
13 0.152879 0.637286 0.0697768 0.0854255 0.438374
2 0.970974 0.477526 0.0571386 0.081517 0.433877
13 0.136189 0.887665 0.0643543 0.0840108 0.423378
0 0.51434 0.211499 0.00735455 0.0477715 0.422876
13 0.0708666 0.783851 0.060699 0.0848867 0.415097
13 0.0328397 0.551038 0.0638773 0.0763998 0.401734
13 0.26145 0.775609 0.0716855 0.0816579 0.39769
13 0.231658 0.736841 0.0558033 0.0669762 0.395461
13 0.251032 0.592966 0.0650503 0.0826133 0.367022
13 0.21794 0.715026 0.0659796 0.0768745 0.307604
13 0.147514 0.910747 0.0519829 0.0704939 0.286923
2 0.990794 0.42369 0.0176746 0.0531765 0.280183
60 0.135964 0.888998 0.0631626 0.0854106 0.259488
56 0.109885 0.829998 0.0625098 0.0823195 0.250279
