2 0.87745 0.769508 0.132275 0.142994 0.927867
2 0.921329 0.7164 0.133719 0.140431 0.927743
2 0.909947 0.188279 0.0850895 0.0774784 0.794119
2 0.937451 0.660823 0.12455 0.116268 0.766323
2 0.964406 0.531976 0.0705761 0.0648237 0.736146
7 0.850345 0.842328 0.176498 0.203995 0.734106
2 0.807289 0.221352 0.0642921 0.07679 0.72754
0 0.429874 0.62285 0.0163797 0.0730157 0.670721
13 0.362016 0.946931 0.0833703 0.101879 0.642191
7 0.80713 0.111892 0.094727 0.102302 0.631582
2 0.850435 0.84163 0.17752 0.204586 0.627775
13 0.27182 0.80224 0.0636108 0.0703668 0.618212
13 0.311389 0.875807 0.0626274 0.084928 0.54005
56 0.181143 0.94953 0.0705113 0.0967124 0.492244
2 0.748992 0.955529 0.148594 0.0870378 0.481773
13 0.23156 0.736741 0.0560122 0.0667952 0.467144
13 0.261436 0.775621 0.0718649 0.080622 0.463562
13 0.0327885 0.551094 0.0642179 0.0770806 0.449717
13 0.0195898 0.704684 0.038988 0.0888877 0.444773
0 0.514354 0.210266 0.007724 0.0460903 0.444043
13 0.13614 0.888336 0.0646121 0.0849396 0.443076
13 0.152849 0.636658 0.0701708 0.0851549 0.438812
2 0.970961 0.477581 0.0571934 0.0811059 0.425378
2 0.955306 0.595925 0.0875912 0.0950552 0.391848
13 0.109564 0.829603 0.0608121 0.0822372 0.390568
13 0.251096 0.591118 0.065427 0.080183 0.333129
13 0.217798 0.715003 0.0663847 0.0776018 0.302606
2 0.110983 0.722997 0.0626856 0.0852434 0.301946
2 0.990469 0.423487 0.0183311 0.0530089 0.294941
13 0.17601 0.50848 0.0694405 0.0742842 0.292333
13 0.147584 0.911186 0.0519913 0.071145 0.289754
56 0.10997 0.831235 0.0622833 0.085122 0.286455
13 0.0713421 0.783879 0.0604028 0.0847005 0.279946
0 0.41994 0.547639 0.0240263 0.0490336 0.276021
13 0.201017 0.686395 0.0571954 0.0654524 0.274718
13 0.297925 0.855656 0.0725298 0.0979446 0.268422
