2 0.877337 0.769355 0.131966 0.143044 0.928276
2 0.921336 0.716055 0.133798 0.141995 0.923634
2 0.909827 0.188092 0.0850365 0.0769353 0.781647
2 0.937538 0.661387 0.124382 0.118898 0.758165
2 0.964419 0.531726 0.0705433 0.0643885 0.738998
2 0.850338 0.841259 0.177709 0.207571 0.694087
2 0.807465 0.22143 0.0644003 0.0768256 0.692096
7 0.850237 0.842397 0.17676 0.205719 0.661857
7 0.807104 0.111642 0.09469 0.101817 0.636471
13 0.362123 0.946976 0.0838475 0.101685 0.616206
0 0.408517 0.368046 0.0151253 0.0575889 0.599394
13 0.15326 0.637757 0.0690048 0.0857814 0.547045
13 0.272371 0.802092 0.0613585 0.0715576 0.546708
56 0.181118 0.949798 0.0698269 0.0962507 0.521692
2 0.955133 0.594773 0.088369 0.0956284 0.499484
0 0.430849 0.627171 0.0184708 0.0725706 0.481264
13 0.0196089 0.704309 0.0390317 0.0878189 0.479304
13 0.109133 0.827193 0.0592648 0.0762566 0.462706
13 0.261235 0.775497 0.070463 0.0814131 0.431343
13 0.251477 0.594375 0.0660096 0.0866721 0.412944
13 0.231309 0.736616 0.0553346 0.0667314 0.405224
13 0.301472 0.860961 0.0795728 0.106446 0.401786
0 0.513933 0.210231 0.00844316 0.0456958 0.389517
13 0.0328624 0.550858 0.0643977 0.0764223 0.385034
13 0.13673 0.889796 0.0653806 0.0877555 0.376623
2 0.749303 0.954275 0.149769 0.086873 0.337886
13 0.310565 0.878184 0.0631992 0.0783461 0.334305
13 0.219903 0.716347 0.0679828 0.0790927 0.331416
2 0.97098 0.477662 0.0571335 0.0811258 0.326712
2 0.710348 0.955642 0.0704088 0.0834418 0.323377
13 0.175687 0.506366 0.0687114 0.0698408 0.310885
13 0.0710719 0.784201 0.0598235 0.0850918 0.304834
56 0.110109 0.830029 0.0622188 0.082215 0.29849
2 0.76676 0.961069 0.113466 0.0726101 0.297095
13 0.190073 0.662884 0.0682282 0.0765683 0.280197
13 0.200985 0.686157 0.057533 0.0632577 0.265096
56 0.138092 0.892102 0.0682104 0.0922184 0.2638
2 0.990554 0.42384 0.0181196 0.0523273 0.263431
56 0.0711489 0.784525 0.0590254 0.0866964 0.255632
