2 0.877339 0.769107 0.132135 0.142965 0.930062
2 0.921349 0.715692 0.133603 0.141519 0.924191
2 0.937584 0.661752 0.124257 0.11857 0.799564
2 0.909946 0.188315 0.0853012 0.0778826 0.78942
2 0.807416 0.22187 0.0647943 0.0760483 0.755146
2 0.964385 0.531757 0.0705778 0.0641866 0.74944
2 0.85046 0.842626 0.177465 0.203953 0.714691
7 0.807088 0.111794 0.0947998 0.102024 0.704768
0 0.430249 0.62403 0.0164154 0.0755785 0.633994
13 0.362076 0.947035 0.0832271 0.101547 0.617736
7 0.850491 0.842839 0.17649 0.20413 0.586745
2 0.750256 0.954964 0.147155 0.0864189 0.580701
13 0.310742 0.875414 0.0637724 0.0846066 0.551925
56 0.181115 0.949741 0.0701495 0.0966037 0.542295
13 0.27209 0.802397 0.062886 0.0701838 0.538775
13 0.108949 0.827394 0.059108 0.076444 0.461866
0 0.514268 0.2104 0.00779533 0.0462059 0.458583
2 0.955186 0.594069 0.0881939 0.0942656 0.418842
13 0.231644 0.736286 0.0554808 0.0659125 0.417975
13 0.152885 0.636789 0.0694786 0.0843083 0.415769
13 0.136323 0.888442 0.0646863 0.0849898 0.414783
0 0.339473 0.354915 0.0197012 0.0644329 0.391377
13 0.261157 0.775294 0.0705469 0.0812771 0.386676
13 0.0325036 0.550621 0.0636755 0.0760069 0.384829
13 0.250738 0.590947 0.0643996 0.0793304 0.374032
13 0.0199104 0.705182 0.0396139 0.0891764 0.370109
13 0.1712 0.502119 0.0596009 0.0602457 0.36473
2 0.970898 0.47756 0.0572823 0.0817399 0.356902
58 0.456475 0.261467 0.038162 0.0474056 0.327049
13 0.0698898 0.784175 0.0620861 0.0854738 0.310592
13 0.147043 0.909622 0.0532583 0.0733249 0.283064
2 0.110971 0.723263 0.0617635 0.0844299 0.27598
2 0.990663 0.423849 0.0179455 0.0532625 0.271016
13 0.199941 0.685076 0.0576091 0.0656319 0.26842
5 0.0321102 0.549845 0.0638923 0.0769243 0.267685
