2 0.921231 0.715965 0.133834 0.14238 0.928309
2 0.877302 0.769085 0.132258 0.142968 0.92369
2 0.909938 0.188294 0.0852453 0.0777117 0.765905
2 0.807315 0.221973 0.0647913 0.0771294 0.754465
2 0.937499 0.661544 0.124649 0.117145 0.741229
2 0.964472 0.532084 0.0704777 0.0649105 0.739811
7 0.850232 0.842532 0.176499 0.204451 0.72198
7 0.807136 0.11195 0.0945858 0.102305 0.667777
13 0.361908 0.947016 0.0828928 0.101876 0.662867
2 0.85033 0.841947 0.177621 0.20501 0.632403
0 0.429935 0.6252 0.0161111 0.0742486 0.630605
13 0.272177 0.802036 0.0619395 0.0707141 0.566045
2 0.955249 0.592563 0.0883213 0.0912872 0.524069
13 0.311125 0.875663 0.0628899 0.0844138 0.515536
13 0.109306 0.828645 0.0594811 0.0793009 0.50352
2 0.750304 0.954797 0.148643 0.0866618 0.497782
13 0.152987 0.636645 0.0696267 0.0844436 0.479832
56 0.180885 0.950012 0.0694856 0.0965386 0.467687
13 0.0712733 0.78466 0.0609147 0.0856598 0.462453
0 0.514073 0.210299 0.00828934 0.0466721 0.462179
13 0.032668 0.550857 0.0640904 0.077207 0.461468
13 0.261432 0.775375 0.071318 0.0808163 0.459495
13 0.136329 0.887924 0.0645201 0.0842592 0.439142
13 0.231494 0.73678 0.0550526 0.066314 0.438893
13 0.0198988 0.704988 0.0395995 0.0889116 0.426247
2 0.970955 0.47781 0.0571632 0.0813467 0.409213
13 0.250926 0.592073 0.0651678 0.0811817 0.408339
2 0.111352 0.723495 0.0639264 0.0860569 0.405069
58 0.456713 0.261827 0.0376245 0.0481644 0.3635
2 0.990826 0.4235 0.0176067 0.0541241 0.339414
13 0.300946 0.860749 0.0782216 0.105189 0.331665
13 0.218061 0.714445 0.0654332 0.0763767 0.297217
13 0.145558 0.908912 0.0554048 0.0742081 0.273043
13 0.170874 0.5023 0.0594063 0.0615319 0.272995
13 0.200774 0.686803 0.0574959 0.0660778 0.269243
