2 0.877487 0.769876 0.132561 0.143284 0.930359
2 0.921397 0.715901 0.133762 0.142338 0.924971
2 0.937535 0.66141 0.124258 0.11588 0.802785
2 0.909738 0.188002 0.0851971 0.0764824 0.779811
2 0.964428 0.53109 0.0704966 0.0630337 0.746312
2 0.850405 0.843379 0.177239 0.203341 0.718324
2 0.80735 0.221822 0.0647873 0.0765048 0.702032
7 0.807102 0.111885 0.0946289 0.102639 0.661155
0 0.409279 0.371239 0.012533 0.0565707 0.635614
7 0.850294 0.84321 0.17605 0.204201 0.585102
2 0.95467 0.59822 0.0898418 0.100624 0.582934
56 0.18143 0.949635 0.0702533 0.0963074 0.552337
13 0.272305 0.802015 0.0619153 0.0710154 0.504327
13 0.362269 0.947022 0.0833397 0.101761 0.504063
13 0.0330795 0.551663 0.0636657 0.0766841 0.495748
13 0.153127 0.63626 0.0690217 0.083741 0.4935
13 0.0710814 0.784869 0.0610036 0.0864159 0.455327
13 0.0196285 0.704401 0.039023 0.0874339 0.447881
13 0.108997 0.828431 0.0598879 0.0807917 0.440288
2 0.750045 0.954545 0.147851 0.0866146 0.432859
13 0.310878 0.876088 0.0635083 0.0845354 0.396819
13 0.250337 0.592213 0.0636971 0.0820852 0.37452
0 0.51464 0.210743 0.00686483 0.0465438 0.369676
0 0.432031 0.628778 0.0199471 0.0706735 0.367319
60 0.136699 0.888843 0.0652287 0.0857761 0.366658
2 0.970919 0.477962 0.057254 0.0811605 0.35015
13 0.261247 0.775273 0.0708759 0.081476 0.34872
13 0.137325 0.890132 0.06698 0.0889635 0.346088
13 0.231646 0.736359 0.0555176 0.0664754 0.343925
13 0.301149 0.861179 0.0786124 0.106381 0.300981
2 0.990857 0.423315 0.0175537 0.0536719 0.294614
0 0.423819 0.570964 0.0247002 0.0614322 0.293038
13 0.170912 0.502002 0.0589771 0.0605263 0.28325
56 0.109955 0.830677 0.0616796 0.0836507 0.28241
13 0.21773 0.714375 0.0661273 0.0768699 0.26566
13 0.176548 0.509413 0.0702897 0.0765389 0.260029
2 0.711458 0.95565 0.0694682 0.0833394 0.257018
