2 0.921434 0.716499 0.133617 0.141308 0.930842
2 0.877402 0.769404 0.132221 0.143261 0.928539
2 0.937593 0.661341 0.12415 0.117895 0.803294
2 0.909871 0.187869 0.0850967 0.0759922 0.793708
2 0.964371 0.531442 0.0706791 0.0639169 0.755821
2 0.807233 0.221896 0.0646852 0.0759196 0.718829
7 0.807142 0.111693 0.0946423 0.101748 0.712867
2 0.850333 0.841957 0.17777 0.205359 0.691356
0 0.409555 0.372128 0.0121063 0.0539283 0.646764
7 0.850271 0.842554 0.176803 0.204839 0.631285
13 0.36223 0.946962 0.0830709 0.101624 0.595126
13 0.271837 0.802464 0.062259 0.0712814 0.573497
56 0.181157 0.949409 0.0705299 0.0964244 0.563511
2 0.750103 0.954744 0.148226 0.0867964 0.515586
13 0.108997 0.827044 0.0604084 0.0774455 0.513147
2 0.955266 0.597425 0.087973 0.0988088 0.499372
13 0.0708732 0.784655 0.0612911 0.0854143 0.461357
2 0.971051 0.478074 0.0570141 0.080491 0.438935
13 0.019562 0.704903 0.0389481 0.0885279 0.431119
0 0.432412 0.628196 0.0204194 0.0696813 0.423157
13 0.152748 0.636362 0.0697813 0.0840351 0.418738
13 0.135862 0.887343 0.0639899 0.0830268 0.414086
13 0.261224 0.775729 0.0711503 0.0815774 0.408971
13 0.31076 0.875831 0.0636375 0.0846249 0.385608
0 0.514773 0.211506 0.0072834 0.0462557 0.380181
13 0.231265 0.736434 0.0550721 0.0663066 0.378079
13 0.032822 0.550789 0.0642432 0.0767168 0.372841
13 0.250639 0.591328 0.0641083 0.0805022 0.371293
13 0.30131 0.861245 0.0791189 0.10636 0.323617
13 0.171067 0.502407 0.0593012 0.0608025 0.309784
2 0.990946 0.423411 0.0173615 0.0530965 0.305882
13 0.148136 0.911809 0.0519272 0.0701558 0.301001
56 0.109744 0.829646 0.0619573 0.0817057 0.266821
13 0.189204 0.661066 0.0674039 0.0740407 0.256522
13 0.217835 0.714356 0.0663114 0.0772325 0.253373
60 0.13565 0.888099 0.0629536 0.0832747 0.253051
2 0.111148 0.723374 0.0625878 0.0851442 0.250612
