2 0.877452 0.76922 0.132645 0.143225 0.926749
2 0.921327 0.71586 0.133682 0.141919 0.923904
2 0.909886 0.187859 0.0851242 0.0773108 0.775511
7 0.850355 0.84239 0.176435 0.205088 0.767262
2 0.937477 0.661496 0.124595 0.116129 0.749216
2 0.807282 0.221405 0.065147 0.0774461 0.726179
2 0.964422 0.533135 0.0706003 0.0668038 0.725193
13 0.361913 0.946947 0.0830148 0.101765 0.67112
7 0.807305 0.111718 0.0944296 0.102588 0.665739
0 0.42983 0.62389 0.0167923 0.0740862 0.619692
13 0.272609 0.801899 0.0622747 0.0708221 0.574587
2 0.850436 0.841534 0.177526 0.206159 0.564658
13 0.109024 0.828013 0.0599616 0.0782142 0.540405
56 0.181051 0.949572 0.0698943 0.0963039 0.510411
13 0.311276 0.875306 0.0628595 0.0844154 0.502602
0 0.514227 0.210158 0.00757484 0.0454458 0.498639
2 0.748943 0.955281 0.148269 0.0876322 0.492862
13 0.231655 0.736416 0.0553289 0.0661126 0.467081
13 0.153178 0.636987 0.0692923 0.084629 0.46547
0 0.35638 0.351456 0.0195804 0.0585241 0.445672
13 0.261246 0.775551 0.071105 0.0814028 0.438305
2 0.955257 0.594644 0.0881504 0.0943319 0.429591
13 0.136226 0.888141 0.0647945 0.0850622 0.427043
13 0.0715917 0.785344 0.0609367 0.0866882 0.395798
13 0.0198018 0.704797 0.0394271 0.089102 0.384445
13 0.251176 0.593443 0.0655375 0.0841745 0.373613
2 0.111324 0.723095 0.0628239 0.0852485 0.366119
13 0.300863 0.861244 0.0781772 0.105559 0.35814
13 0.032701 0.550983 0.0640669 0.0775087 0.354149
2 0.971028 0.477584 0.0570015 0.0811011 0.332582
2 0.990693 0.422846 0.0178795 0.0523044 0.313249
13 0.217777 0.714774 0.0656495 0.0773639 0.277755
58 0.456753 0.261786 0.0377319 0.0481809 0.275236
13 0.176103 0.508836 0.0695863 0.0759877 0.271843
13 0.146396 0.910164 0.0531038 0.0718421 0.267683
5 0.0325308 0.550073 0.0646412 0.079326 0.262078
13 0.200742 0.686736 0.0575062 0.0653819 0.255907
