2 0.877329 0.769121 0.132187 0.142827 0.927123
2 0.92137 0.716338 0.133744 0.140737 0.9263
2 0.937454 0.661015 0.124374 0.114756 0.798557
2 0.964464 0.531778 0.0704672 0.0640744 0.757887
2 0.909968 0.188344 0.0851049 0.0771231 0.754793
2 0.807403 0.221341 0.0642698 0.0756978 0.728913
7 0.807149 0.112103 0.0944441 0.102038 0.688238
2 0.850325 0.842685 0.177255 0.203207 0.678262
7 0.850183 0.842755 0.176046 0.203573 0.645523
13 0.362197 0.94688 0.0833507 0.10159 0.618029
0 0.429753 0.624855 0.0162291 0.075422 0.606708
13 0.271825 0.801914 0.0631253 0.0708778 0.549994
56 0.18114 0.949649 0.0700475 0.0962293 0.548601
2 0.955183 0.595799 0.0882486 0.0967953 0.544089
13 0.0198041 0.704551 0.0393837 0.089093 0.53676
13 0.153154 0.636956 0.0692941 0.0846654 0.508062
13 0.109002 0.826861 0.0596959 0.0765062 0.488353
13 0.310841 0.876111 0.063347 0.0843675 0.458901
13 0.032646 0.55113 0.0642717 0.0777041 0.421185
13 0.261108 0.775183 0.0709149 0.0820068 0.407552
13 0.23153 0.736637 0.0555651 0.0663632 0.406934
13 0.136161 0.888824 0.0644613 0.0862088 0.406094
2 0.75022 0.954646 0.147857 0.0865146 0.406011
13 0.250972 0.593034 0.0648911 0.0834056 0.388397
13 0.0701992 0.783796 0.0621776 0.084835 0.370919
2 0.971013 0.477823 0.05711 0.0815895 0.357955
13 0.301281 0.86141 0.0791666 0.106964 0.343615
0 0.381921 0.354844 0.0161064 0.0579222 0.318132
13 0.217695 0.714622 0.0665167 0.0772088 0.283848
2 0.711589 0.955351 0.0692841 0.0827267 0.282146
0 0.51472 0.21067 0.0065033 0.0460458 0.275967
58 0.456655 0.261682 0.0374628 0.0478578 0.2716
