2 0.877382 0.769142 0.132337 0.143278 0.928298
2 0.921355 0.715852 0.133838 0.141938 0.92295
2 0.909842 0.188189 0.0850269 0.0768815 0.766989
2 0.937415 0.659899 0.124514 0.113558 0.765324
7 0.807248 0.112188 0.0945915 0.10357 0.73868
2 0.964444 0.531653 0.0704521 0.0639133 0.737263
7 0.850352 0.842472 0.176964 0.204928 0.734136
2 0.807327 0.221579 0.0648417 0.0760692 0.664229
2 0.850372 0.841772 0.177864 0.205713 0.600044
13 0.272045 0.802386 0.0618857 0.0703576 0.565243
0 0.410908 0.3734 0.0106546 0.0524811 0.559694
56 0.181134 0.949746 0.0706471 0.096207 0.543679
13 0.10881 0.826804 0.0593485 0.0754996 0.540705
13 0.362153 0.947062 0.0834642 0.101452 0.540609
13 0.0196403 0.705265 0.0390701 0.0882504 0.51087
2 0.955191 0.595481 0.0882156 0.0970518 0.463751
13 0.0705948 0.784008 0.0615213 0.0849264 0.458186
2 0.74871 0.955438 0.148759 0.087266 0.445733
13 0.153263 0.636222 0.0692618 0.0844194 0.444946
13 0.0327431 0.550988 0.0641491 0.0772444 0.414964
0 0.431806 0.624901 0.0206426 0.0744438 0.405164
13 0.261353 0.775502 0.0712412 0.0817691 0.397358
13 0.136194 0.88797 0.0641464 0.0842322 0.396602
0 0.514533 0.210524 0.00717478 0.0456172 0.391053
13 0.25043 0.590456 0.0641935 0.0788422 0.379301
13 0.231585 0.736628 0.0553165 0.0666599 0.376699
13 0.312068 0.876302 0.0616771 0.0818127 0.368131
2 0.971027 0.477658 0.0570456 0.0808844 0.323529
13 0.300626 0.860623 0.0778576 0.10559 0.297435
13 0.176099 0.50976 0.0698462 0.0774019 0.292884
2 0.990893 0.42339 0.0174795 0.0537168 0.291422
13 0.218028 0.715048 0.0666269 0.0776593 0.276723
2 0.111749 0.722682 0.0644119 0.0857266 0.255798
56 0.109595 0.829368 0.0617519 0.0805766 0.252524
