2 0.877361 0.76929 0.132309 0.1431 0.926226
2 0.921375 0.716006 0.133769 0.141737 0.925579
7 0.807316 0.1122 0.09428 0.102689 0.76025
2 0.909981 0.188262 0.0852505 0.0773147 0.752007
2 0.937559 0.661874 0.124253 0.11812 0.751536
2 0.964375 0.53161 0.0705894 0.0640837 0.74388
2 0.807141 0.221582 0.0652515 0.0770347 0.721301
2 0.850262 0.84254 0.177396 0.205474 0.711176
0 0.429874 0.624161 0.0158407 0.0746941 0.664385
13 0.362135 0.946988 0.0832651 0.10152 0.632511
7 0.850092 0.842988 0.176213 0.205155 0.592386
13 0.272111 0.801774 0.0627837 0.0717455 0.590282
13 0.311108 0.875619 0.0634598 0.0850418 0.504514
56 0.181271 0.949743 0.0705866 0.0965273 0.496895
2 0.955238 0.594755 0.0881247 0.0954632 0.484965
13 0.10907 0.827346 0.0595313 0.0771081 0.481372
13 0.153463 0.636711 0.0682566 0.0842651 0.46531
13 0.071136 0.784451 0.0611017 0.0858778 0.458403
13 0.0199141 0.704536 0.0396323 0.0885308 0.457711
13 0.13625 0.88823 0.0642494 0.0853475 0.456257
13 0.26114 0.775431 0.0707597 0.0813254 0.455327
0 0.428446 0.560682 0.0321192 0.059776 0.442409
2 0.750154 0.954395 0.147898 0.0866652 0.438893
2 0.111065 0.723599 0.0625354 0.0861469 0.434301
0 0.514496 0.210537 0.00710068 0.0459875 0.43248
13 0.231569 0.736769 0.0557819 0.0669312 0.417409
5 0.0320207 0.550188 0.063718 0.078619 0.358196
13 0.251338 0.593133 0.0659334 0.0839963 0.347388
13 0.219901 0.717211 0.0685565 0.0815182 0.339984
2 0.971005 0.477131 0.057081 0.0818583 0.336338
13 0.300699 0.861193 0.077367 0.105911 0.296188
13 0.146912 0.910191 0.0533035 0.0707265 0.295202
2 0.711472 0.955474 0.0694483 0.0833906 0.27462
2 0.990938 0.423025 0.0174168 0.05212 0.265512
