2 0.877329 0.768964 0.132132 0.142986 0.928664
2 0.921369 0.715691 0.133808 0.141922 0.924212
2 0.909972 0.188299 0.0851059 0.0773606 0.798831
2 0.937539 0.661363 0.124242 0.115984 0.778671
0 0.410403 0.384907 0.0121139 0.058739 0.760556
2 0.964469 0.531838 0.0704332 0.0639652 0.743756
2 0.807469 0.221799 0.0641146 0.0755863 0.731264
7 0.850259 0.842095 0.175871 0.205784 0.704243
7 0.80705 0.111457 0.0945309 0.10204 0.654625
2 0.850388 0.840724 0.17714 0.208151 0.648925
13 0.272208 0.801959 0.0630551 0.0714993 0.619855
13 0.362173 0.947059 0.0833588 0.101932 0.608172
13 0.152811 0.637271 0.0696802 0.0850806 0.579797
2 0.955155 0.596136 0.0882439 0.0976591 0.574726
13 0.019791 0.704808 0.0393543 0.0893656 0.553427
56 0.18117 0.949673 0.0699874 0.0966431 0.513014
13 0.311044 0.875808 0.0634285 0.0851245 0.509192
13 0.261247 0.775228 0.0710213 0.0819221 0.499167
13 0.109023 0.828009 0.0603753 0.0797533 0.49531
2 0.749614 0.954837 0.149017 0.086392 0.47869
13 0.231431 0.7367 0.0561644 0.0665836 0.469879
13 0.0705051 0.784425 0.0617069 0.0849481 0.425007
13 0.136474 0.888719 0.0650613 0.0860826 0.417361
13 0.250672 0.594013 0.0642805 0.0844776 0.411648
0 0.514467 0.211113 0.00685196 0.0461656 0.403859
0 0.434267 0.6267 0.0241995 0.0819739 0.396747
0 0.430285 0.62534 0.0168047 0.0767639 0.395269
13 0.219923 0.717133 0.0672202 0.0803094 0.35247
13 0.0325907 0.550858 0.0636935 0.077195 0.351778
2 0.970938 0.477812 0.0571899 0.0805633 0.346026
13 0.1764 0.511398 0.0703112 0.0804433 0.31348
13 0.300827 0.861228 0.0776174 0.105702 0.289872
13 0.20071 0.685885 0.0567618 0.0639452 0.285545
56 0.109784 0.830184 0.0621503 0.0830343 0.275249
2 0.111118 0.723611 0.0622758 0.0868873 0.263806
13 0.191631 0.669406 0.0713331 0.0853926 0.251514
13 0.14539 0.906273 0.0560206 0.0776822 0.250883
