2 0.877352 0.769245 0.132268 0.1425 0.930006
2 0.921406 0.716315 0.133643 0.141412 0.926822
2 0.937576 0.661823 0.124291 0.117861 0.797343
2 0.909911 0.18802 0.0850452 0.0768878 0.763043
2 0.96446 0.532039 0.0704231 0.0645654 0.744343
7 0.85016 0.842723 0.176346 0.20346 0.727058
2 0.807322 0.222099 0.0649876 0.0758265 0.712561
7 0.807255 0.112234 0.094423 0.102921 0.708177
13 0.362335 0.947072 0.0836133 0.10177 0.648868
2 0.850283 0.842732 0.177475 0.20311 0.626531
13 0.27205 0.801882 0.0626971 0.0717889 0.575119
0 0.430115 0.624789 0.0165769 0.0771625 0.571923
2 0.75005 0.9549 0.147988 0.0869601 0.55459
2 0.954511 0.597501 0.090233 0.100082 0.542855
13 0.109244 0.827616 0.0595726 0.0771064 0.491253
56 0.180867 0.949994 0.0698529 0.0963091 0.490178
13 0.0200504 0.704346 0.0398676 0.087685 0.470145
13 0.311518 0.875783 0.0620611 0.0839128 0.453677
13 0.136164 0.887702 0.0641299 0.0848362 0.436376
13 0.0708042 0.784509 0.0616958 0.0852593 0.429984
13 0.301205 0.860889 0.0786446 0.105711 0.415892
13 0.231641 0.737065 0.0565022 0.0677356 0.413777
13 0.261181 0.775821 0.070951 0.0819687 0.413067
13 0.153088 0.637278 0.0693213 0.0860952 0.4073
13 0.250855 0.592467 0.0652231 0.0840981 0.400486
2 0.970875 0.477434 0.0573513 0.0811625 0.371771
13 0.21997 0.716793 0.0677148 0.0803469 0.324258
0 0.514618 0.210767 0.00729284 0.0465644 0.313542
5 0.0324064 0.550383 0.0644462 0.0795502 0.294466
13 0.147939 0.911384 0.0515532 0.070165 0.292838
2 0.990774 0.423304 0.0177235 0.0530672 0.282465
0 0.429446 0.561162 0.0322138 0.0627562 0.277158
2 0.111162 0.723411 0.0621849 0.0845384 0.272874
13 0.0324554 0.551108 0.0645307 0.0798014 0.268801
13 0.170623 0.501908 0.0589045 0.0589937 0.25324
