2 0.877495 0.769197 0.132652 0.143141 0.929948
2 0.921416 0.716144 0.133788 0.141674 0.922667
2 0.909955 0.188273 0.0850327 0.0771263 0.770551
2 0.937687 0.658974 0.12392 0.112448 0.770543
2 0.964383 0.531708 0.0705675 0.0640467 0.730206
2 0.807385 0.222295 0.065181 0.0771403 0.695059
2 0.850536 0.841847 0.177277 0.205707 0.688087
7 0.850354 0.842374 0.176275 0.204848 0.613542
13 0.362048 0.947139 0.0831635 0.101686 0.594978
0 0.410074 0.384978 0.0135904 0.0565937 0.57622
7 0.807105 0.111281 0.094396 0.101374 0.576103
13 0.272744 0.802059 0.0631189 0.0719815 0.57384
56 0.180771 0.949761 0.0703312 0.0966752 0.520275
2 0.955233 0.597076 0.0880781 0.0989683 0.504481
2 0.75011 0.954577 0.148764 0.0869062 0.466122
13 0.109192 0.828546 0.0597031 0.0793367 0.441647
2 0.11138 0.723665 0.0633489 0.0873756 0.431909
13 0.153259 0.637011 0.068759 0.0847916 0.428473
5 0.0324359 0.549967 0.0645053 0.0781484 0.404936
13 0.231331 0.736852 0.0565188 0.0667853 0.398377
13 0.0195853 0.705124 0.0389575 0.0896403 0.397827
13 0.0707446 0.784966 0.0620306 0.0858673 0.390428
13 0.136733 0.889134 0.0654466 0.0868991 0.376261
13 0.261371 0.775782 0.0712454 0.0827515 0.357664
13 0.311199 0.876086 0.0629739 0.0846363 0.352955
13 0.25091 0.593592 0.0645706 0.085271 0.341191
13 0.301407 0.861509 0.0793099 0.106665 0.324648
0 0.435794 0.626381 0.0273795 0.084138 0.321647
0 0.514662 0.21118 0.00669193 0.0465385 0.317536
2 0.970923 0.477889 0.0572086 0.0801044 0.31463
13 0.219727 0.717173 0.0680399 0.0809099 0.302214
0 0.430413 0.623689 0.0165498 0.0759706 0.286947
0 0.418455 0.574029 0.0153716 0.0508109 0.252051
