2 0.921364 0.716328 0.13382 0.141238 0.929219
2 0.877346 0.769206 0.132275 0.143119 0.928369
2 0.909837 0.187832 0.0851284 0.0765308 0.799785
2 0.937567 0.661355 0.124199 0.116092 0.784468
2 0.964394 0.531483 0.070586 0.0639894 0.749988
2 0.850491 0.842367 0.177475 0.203919 0.746294
2 0.807306 0.221858 0.0645458 0.0762962 0.692269
0 0.408875 0.37086 0.0126682 0.0547935 0.688846
7 0.807116 0.111385 0.0945269 0.10217 0.687971
2 0.748942 0.955426 0.14772 0.0871546 0.584732
13 0.272009 0.802377 0.0625278 0.0712273 0.554569
2 0.955144 0.596631 0.0882668 0.0989158 0.553639
56 0.181315 0.949758 0.0704252 0.0964426 0.524562
13 0.362225 0.947072 0.0832059 0.101747 0.523136
13 0.153164 0.636522 0.0690266 0.0838867 0.500836
13 0.0198738 0.704195 0.0395221 0.0877284 0.497141
13 0.109464 0.828246 0.0605878 0.078844 0.471709
13 0.0705501 0.784911 0.0621223 0.0861845 0.463579
13 0.0328398 0.55122 0.0642146 0.0771077 0.45294
2 0.970998 0.477988 0.0571312 0.0804802 0.420742
13 0.261289 0.775343 0.0709663 0.0821211 0.412884
60 0.136189 0.887724 0.0641656 0.0839481 0.400483
13 0.311131 0.876 0.0634104 0.0842022 0.397315
13 0.231592 0.736436 0.0553734 0.0660095 0.395655
0 0.431427 0.628241 0.0197647 0.0699101 0.388132
0 0.514441 0.210337 0.00694771 0.0463863 0.373513
13 0.13624 0.887341 0.0637183 0.0834781 0.373247
13 0.250957 0.592579 0.064758 0.0821021 0.361847
13 0.171051 0.501437 0.0598497 0.0594552 0.341863
0 0.424165 0.570129 0.024968 0.0650963 0.307757
13 0.21769 0.714544 0.0663607 0.0772807 0.298589
13 0.111066 0.722558 0.0626723 0.084374 0.2877
56 0.109909 0.830357 0.0619075 0.0823057 0.284011
13 0.299784 0.859128 0.0758399 0.102205 0.278689
13 0.188636 0.660817 0.0668048 0.0729784 0.259782
2 0.99066 0.423517 0.0179562 0.0535369 0.252007
