2 0.877372 0.768847 0.132379 0.142393 0.930307
2 0.921395 0.715885 0.133663 0.141485 0.919137
2 0.909889 0.188199 0.0850288 0.0771743 0.776206
2 0.937616 0.661243 0.124081 0.116181 0.756972
2 0.964391 0.5315 0.0705978 0.0635347 0.744619
0 0.410799 0.383653 0.0120359 0.0587651 0.727491
2 0.850423 0.84198 0.177259 0.205554 0.717993
7 0.80716 0.112019 0.0945209 0.102698 0.699729
2 0.80724 0.222045 0.0644757 0.0760333 0.695868
13 0.36207 0.947069 0.0832706 0.10187 0.555501
2 0.750153 0.954729 0.147871 0.0870178 0.537118
13 0.272185 0.802326 0.0619528 0.071384 0.532074
56 0.180737 0.949904 0.0698041 0.0966698 0.513017
0 0.514242 0.211423 0.00768261 0.047702 0.502863
13 0.10918 0.827501 0.0595024 0.0775567 0.495613
7 0.850236 0.842557 0.176363 0.203444 0.494692
2 0.955211 0.596507 0.0880718 0.0983802 0.48629
13 0.153041 0.637826 0.0698869 0.0863501 0.420856
13 0.0196689 0.704924 0.0391794 0.0886687 0.418302
0 0.434008 0.626897 0.0245692 0.0819304 0.411024
2 0.111072 0.723745 0.062472 0.0854492 0.406913
13 0.261087 0.775322 0.0711503 0.0818305 0.400042
13 0.231142 0.736781 0.056925 0.0668515 0.398076
13 0.136237 0.887486 0.064276 0.0834459 0.395591
13 0.311124 0.876017 0.0628325 0.0850091 0.38631
13 0.0710499 0.784905 0.0617071 0.0860321 0.383731
13 0.0325097 0.551332 0.0638491 0.0772324 0.36287
2 0.970963 0.477743 0.0571419 0.0807622 0.361209
0 0.429857 0.624959 0.0168991 0.0763631 0.358562
13 0.250709 0.592789 0.0645109 0.0828742 0.302059
13 0.217639 0.715077 0.0664315 0.0773549 0.297551
5 0.0323268 0.550455 0.0643028 0.0784407 0.295574
56 0.109749 0.829429 0.0616239 0.0818132 0.270338
13 0.147643 0.91046 0.0518912 0.0704322 0.264055
