2 0.877388 0.769558 0.13237 0.143483 0.93015
2 0.921415 0.716365 0.133665 0.141322 0.925273
2 0.909979 0.188345 0.0852865 0.0772008 0.810668
2 0.937642 0.661112 0.124187 0.116495 0.79546
2 0.850384 0.843231 0.17762 0.203775 0.763665
2 0.80729 0.221814 0.0646912 0.0767458 0.762024
2 0.964449 0.532234 0.0705185 0.065222 0.751363
7 0.807213 0.11184 0.0944672 0.102363 0.678642
0 0.430266 0.623874 0.0164318 0.0752233 0.644207
13 0.361901 0.946919 0.0825731 0.101337 0.580682
2 0.749531 0.956075 0.146166 0.0849477 0.567849
13 0.271869 0.802746 0.062313 0.0701823 0.563285
56 0.181223 0.949405 0.0702508 0.0965447 0.521006
13 0.311007 0.875849 0.0633277 0.082637 0.502674
2 0.955342 0.594882 0.0878334 0.0942869 0.497243
13 0.2314 0.736554 0.0560909 0.0663208 0.491181
13 0.261237 0.775424 0.0709608 0.0810796 0.490051
13 0.136587 0.88972 0.0651458 0.0872979 0.472166
13 0.109264 0.829011 0.0609451 0.0812819 0.431221
13 0.0199578 0.705032 0.0397109 0.0879666 0.426274
13 0.152791 0.637474 0.0699056 0.0859363 0.422625
0 0.514336 0.210023 0.00717182 0.046078 0.407009
2 0.970987 0.477762 0.0571354 0.0809823 0.398956
13 0.0708249 0.784429 0.0612871 0.0851512 0.359198
13 0.217662 0.714526 0.0668 0.0772247 0.357865
13 0.0324672 0.550847 0.0641515 0.0775837 0.353685
2 0.990689 0.423243 0.0178745 0.0525029 0.352617
13 0.20031 0.685927 0.057871 0.0644627 0.318692
5 0.0322682 0.550129 0.0641925 0.0783951 0.30381
13 0.250627 0.590286 0.063877 0.0786026 0.27449
0 0.419255 0.548366 0.0231282 0.0474909 0.265693
13 0.143902 0.902806 0.0585829 0.0838691 0.265425
13 0.170929 0.502212 0.0589855 0.0612294 0.264367
13 0.297981 0.855048 0.0729025 0.0972022 0.26043
