2 0.877459 0.76926 0.132624 0.14337 0.926669
2 0.92138 0.71618 0.13369 0.141057 0.924132
2 0.909939 0.188019 0.085087 0.0768229 0.793565
2 0.964414 0.532027 0.0705454 0.0649755 0.737024
7 0.807135 0.112292 0.0946793 0.103164 0.735737
2 0.9385 0.660121 0.122999 0.111739 0.713152
2 0.850428 0.842367 0.177314 0.202502 0.692137
2 0.807282 0.222002 0.0649416 0.0762082 0.688278
7 0.850343 0.842422 0.176065 0.20301 0.604838
13 0.271532 0.801556 0.0640605 0.07168 0.582213
13 0.362065 0.947055 0.0831697 0.101704 0.564271
13 0.109164 0.827361 0.0598781 0.0769196 0.54538
13 0.152963 0.636105 0.0698989 0.0831846 0.536931
13 0.0325428 0.550949 0.0639899 0.0772819 0.498229
2 0.955157 0.595784 0.0882832 0.0962982 0.49673
56 0.181315 0.949589 0.0708721 0.096265 0.49347
0 0.430116 0.626883 0.0164091 0.0725579 0.471553
13 0.311266 0.87551 0.062855 0.0849077 0.468572
2 0.750445 0.95462 0.147245 0.0868926 0.467494
13 0.0198885 0.705165 0.0395432 0.0887319 0.46647
13 0.136276 0.887832 0.0646239 0.0841839 0.431303
13 0.261327 0.775196 0.0707415 0.0811873 0.424483
13 0.231323 0.736572 0.054956 0.0665553 0.41204
0 0.514187 0.210802 0.00760059 0.0471739 0.384397
13 0.070648 0.783576 0.0603051 0.0848497 0.380131
2 0.970974 0.477936 0.0571259 0.0804216 0.35063
13 0.251559 0.592422 0.0666314 0.0822101 0.339169
2 0.990414 0.423105 0.0184227 0.0533424 0.281564
58 0.456474 0.261498 0.0382931 0.0475561 0.279627
13 0.218086 0.71427 0.066682 0.0763713 0.2725
13 0.14542 0.90661 0.0556973 0.0775372 0.259063
13 0.17593 0.507382 0.0692123 0.0716266 0.256971
