2 0.877375 0.769228 0.132136 0.143263 0.928238
2 0.921524 0.716396 0.133823 0.141163 0.928149
2 0.937555 0.662219 0.124299 0.118231 0.787719
2 0.909991 0.188288 0.0850346 0.077455 0.787047
2 0.964419 0.531668 0.0705549 0.0641858 0.738628
2 0.807435 0.221725 0.0641611 0.0761167 0.737514
2 0.850339 0.842906 0.177492 0.204327 0.71168
0 0.430204 0.623436 0.0157776 0.0735701 0.702038
7 0.807195 0.111115 0.0943443 0.101612 0.644144
13 0.361839 0.946908 0.0829576 0.101191 0.615046
7 0.850264 0.842979 0.176424 0.204486 0.612889
13 0.271604 0.801696 0.0629954 0.0706533 0.603203
13 0.311115 0.875431 0.0629219 0.0847304 0.564616
2 0.750307 0.954922 0.1475 0.0863937 0.537687
56 0.180953 0.949385 0.0702748 0.0966162 0.531716
2 0.955232 0.595944 0.0880611 0.0977938 0.51686
13 0.108568 0.826402 0.0595742 0.0751197 0.484236
13 0.0325668 0.550514 0.0642808 0.0768859 0.464549
13 0.136206 0.887537 0.0638674 0.0829851 0.462983
13 0.261373 0.775152 0.0709725 0.0812152 0.449064
13 0.231429 0.736289 0.0560691 0.0662393 0.438676
13 0.0197241 0.704792 0.0392032 0.0885522 0.432515
13 0.15292 0.636012 0.0689644 0.0830539 0.410877
0 0.514664 0.210547 0.00694094 0.047036 0.361083
2 0.970945 0.477966 0.0572456 0.080334 0.336547
2 0.990702 0.423399 0.0178543 0.0533225 0.330766
13 0.170867 0.501915 0.0590236 0.0603446 0.328167
13 0.148009 0.912227 0.0510473 0.0705297 0.32796
13 0.0708069 0.784131 0.0614858 0.0850647 0.324929
2 0.111179 0.722571 0.0629555 0.0852437 0.304005
13 0.217625 0.714429 0.0665602 0.0765477 0.300103
13 0.250341 0.588887 0.0633944 0.0752806 0.283794
13 0.200604 0.686354 0.057838 0.0644062 0.26148
13 0.297779 0.855155 0.0723545 0.0971809 0.260157
13 0.111563 0.85404 0.0571856 0.0623737 0.251171
