2 0.921271 0.716315 0.133792 0.14098 0.92831
2 0.877436 0.769158 0.132373 0.143026 0.925233
2 0.909942 0.188511 0.0852184 0.077315 0.771341
2 0.937516 0.659805 0.124192 0.113491 0.768944
2 0.964431 0.531774 0.0705082 0.063935 0.736107
2 0.807371 0.221979 0.0643648 0.0752901 0.721201
7 0.807274 0.112098 0.0947125 0.102877 0.715852
2 0.850429 0.841545 0.177283 0.206546 0.670359
7 0.850319 0.842579 0.176143 0.20523 0.649697
0 0.429716 0.624987 0.0167089 0.075491 0.646513
13 0.362071 0.946889 0.0834653 0.101658 0.629522
13 0.271574 0.801444 0.0634814 0.0707665 0.585174
56 0.181287 0.949685 0.0704008 0.0962355 0.556552
2 0.750116 0.954623 0.148767 0.0868123 0.537853
13 0.152892 0.637293 0.0696969 0.0857162 0.533144
2 0.955256 0.596976 0.0880158 0.098862 0.526661
13 0.109191 0.827948 0.0599989 0.0784899 0.488656
13 0.0198262 0.70448 0.0394651 0.0885407 0.476263
13 0.311365 0.875477 0.0627259 0.0851193 0.475822
0 0.415836 0.547734 0.0287194 0.0541551 0.472999
13 0.137755 0.891717 0.0678358 0.0930586 0.403596
13 0.261325 0.775614 0.0711842 0.0819038 0.378622
13 0.231684 0.736793 0.0555342 0.0668698 0.372079
13 0.0710232 0.783867 0.060347 0.085516 0.355841
13 0.249985 0.591784 0.0631026 0.0805767 0.353984
56 0.138981 0.894414 0.0684871 0.0993056 0.318811
0 0.514467 0.21037 0.00727348 0.0479982 0.316924
13 0.300403 0.860492 0.077061 0.104438 0.310839
2 0.970982 0.477538 0.0571365 0.0816932 0.308364
13 0.0324918 0.550919 0.0639043 0.0770148 0.301074
2 0.111583 0.723249 0.0626981 0.0846152 0.296532
13 0.219659 0.716917 0.06821 0.0808763 0.29374
58 0.456579 0.262017 0.0379223 0.0485524 0.289486
5 0.0321535 0.550068 0.0639739 0.0780682 0.263696
13 0.190976 0.663529 0.0719765 0.0770059 0.251717
