2 0.921349 0.716114 0.133776 0.142142 0.927954
2 0.877349 0.769419 0.132504 0.14392 0.926126
2 0.937411 0.661853 0.124499 0.116899 0.764407
2 0.909964 0.188335 0.0851097 0.0772333 0.763523
2 0.964417 0.53173 0.0705483 0.0645481 0.754362
7 0.850291 0.842913 0.176166 0.203844 0.733767
2 0.807395 0.22143 0.0642906 0.0754454 0.715167
7 0.807236 0.111689 0.0947863 0.10166 0.712893
2 0.850373 0.843035 0.177316 0.203118 0.615525
13 0.362169 0.946908 0.0831655 0.101657 0.596962
13 0.272196 0.802078 0.0629245 0.0715434 0.573607
13 0.152916 0.637137 0.0692322 0.0850459 0.557998
56 0.181383 0.949572 0.070481 0.0967163 0.547623
13 0.108996 0.829387 0.0601398 0.0821927 0.526195
2 0.955247 0.597571 0.0880115 0.0994157 0.521006
0 0.429779 0.624876 0.0175441 0.0739904 0.477951
2 0.749045 0.955251 0.147991 0.0874882 0.473098
13 0.0703574 0.784598 0.0619118 0.0853233 0.459543
13 0.135887 0.888519 0.0645913 0.0854384 0.458155
13 0.310992 0.87568 0.0631144 0.0847727 0.453076
13 0.0196258 0.704133 0.0390292 0.0876677 0.445101
13 0.261206 0.775459 0.0705117 0.0813534 0.413113
13 0.250989 0.593711 0.0646546 0.0853176 0.409946
13 0.0322793 0.550693 0.0636443 0.0763003 0.381614
2 0.970874 0.477825 0.0573122 0.0808066 0.377685
13 0.231786 0.737548 0.0549181 0.0684782 0.369857
13 0.217931 0.714223 0.0658974 0.0763296 0.319432
0 0.514511 0.210322 0.00694866 0.0452076 0.318928
13 0.200651 0.68583 0.0573781 0.0658848 0.31881
13 0.17646 0.510783 0.0705086 0.0788583 0.313585
13 0.147772 0.911583 0.0517075 0.0702206 0.299524
0 0.405783 0.364438 0.0123105 0.0561839 0.292768
2 0.111428 0.72388 0.0632602 0.084884 0.285397
13 0.188823 0.662138 0.067647 0.0750266 0.278354
2 0.990837 0.423957 0.0175831 0.0530681 0.276173
