2 0.877306 0.769263 0.132579 0.143 0.931165
2 0.921361 0.71593 0.133704 0.141036 0.916152
2 0.909864 0.188124 0.0848703 0.0768796 0.806604
2 0.937567 0.661319 0.124161 0.117202 0.778368
2 0.964431 0.531705 0.0704828 0.0642578 0.750289
2 0.807374 0.222089 0.0643299 0.0764975 0.70882
7 0.80724 0.112182 0.0946842 0.102773 0.696657
2 0.850449 0.841871 0.177405 0.20581 0.686085
2 0.749734 0.956139 0.146294 0.0848088 0.673102
7 0.850486 0.842432 0.176405 0.204915 0.640982
13 0.272155 0.801959 0.0628111 0.0707676 0.609949
13 0.361923 0.946808 0.0825339 0.10133 0.582281
0 0.411649 0.377011 0.0129741 0.0565612 0.575994
0 0.432774 0.624561 0.0227464 0.0765808 0.548234
56 0.181265 0.949722 0.0703 0.0960147 0.540274
2 0.955146 0.597221 0.0883371 0.0994317 0.514207
13 0.0195414 0.705082 0.0388891 0.0879731 0.490916
13 0.109683 0.829725 0.0611415 0.0816939 0.469331
13 0.153046 0.637412 0.0694874 0.0858332 0.460368
13 0.0713151 0.784678 0.0614512 0.0861248 0.445097
13 0.310787 0.87642 0.0635166 0.0849238 0.433836
13 0.261544 0.775852 0.0715134 0.0817032 0.426651
13 0.0328013 0.550939 0.0647973 0.0774333 0.424862
13 0.231753 0.736415 0.0552889 0.0660821 0.416368
13 0.136133 0.888392 0.0643504 0.0851105 0.409466
13 0.301086 0.860035 0.0788404 0.104371 0.388023
0 0.514327 0.210576 0.00735226 0.0473323 0.369051
2 0.970922 0.477387 0.0572649 0.0816086 0.340265
2 0.111506 0.72356 0.0633361 0.0856357 0.318675
13 0.219825 0.716241 0.068043 0.0800529 0.310443
2 0.990877 0.423517 0.0175154 0.0534044 0.296406
13 0.251222 0.594213 0.0659236 0.0857751 0.288874
13 0.200361 0.685524 0.0582331 0.0663259 0.281421
5 0.0325519 0.55028 0.0647864 0.07848 0.264114
13 0.146975 0.909998 0.0530491 0.0717648 0.254672
