2 0.921284 0.715804 0.133861 0.141713 0.92814
2 0.877246 0.769454 0.132198 0.143467 0.926882
2 0.910029 0.188109 0.0853336 0.0768737 0.800095
2 0.807321 0.221838 0.0645764 0.0767971 0.777069
2 0.937488 0.659941 0.124241 0.114555 0.759704
2 0.964445 0.53238 0.0705109 0.0653559 0.744299
2 0.850444 0.84171 0.17741 0.20491 0.694423
7 0.80727 0.111698 0.0945595 0.101878 0.686598
0 0.429998 0.624283 0.0159191 0.0740655 0.654941
7 0.850432 0.842255 0.176206 0.204156 0.643613
13 0.361899 0.947179 0.0828903 0.101179 0.597549
56 0.181246 0.949625 0.0706259 0.0967458 0.582017
13 0.271946 0.802311 0.0625572 0.0713155 0.547298
2 0.955168 0.591681 0.0883087 0.0892392 0.503925
13 0.109089 0.82737 0.0596139 0.0765045 0.482014
13 0.310789 0.875746 0.0638967 0.0823157 0.477261
2 0.749916 0.954716 0.147961 0.0870881 0.450329
13 0.135933 0.886199 0.0638708 0.0806517 0.441922
13 0.153021 0.636241 0.0693088 0.0834251 0.438555
2 0.97105 0.477501 0.0570614 0.0813252 0.435809
13 0.0329613 0.551051 0.064227 0.076685 0.432521
13 0.0199334 0.70467 0.0396194 0.0892653 0.427848
13 0.249699 0.589592 0.0621314 0.0770127 0.424501
0 0.514411 0.211179 0.00710793 0.0467032 0.413682
13 0.2612 0.77519 0.0708492 0.0813977 0.403781
13 0.0706258 0.784114 0.0616602 0.0848709 0.393383
13 0.231701 0.736605 0.0553459 0.0664747 0.385513
0 0.333475 0.349187 0.0131158 0.0616509 0.360573
13 0.148199 0.912285 0.0517354 0.0710164 0.337591
2 0.990741 0.423119 0.0177811 0.0528948 0.302321
56 0.110028 0.830562 0.0624205 0.0830902 0.30222
13 0.217683 0.714209 0.066468 0.0764715 0.295943
13 0.111127 0.722936 0.0624065 0.0861467 0.286482
13 0.175623 0.505298 0.0687375 0.0672551 0.278808
13 0.200543 0.685521 0.0570522 0.0651018 0.274755
56 0.137026 0.888046 0.0664069 0.0838138 0.256805
2 0.710871 0.955411 0.0684561 0.0836643 0.250766
