2 0.921338 0.716173 0.133721 0.141123 0.930526
2 0.877324 0.769172 0.132265 0.143236 0.927848
2 0.909917 0.188031 0.0850822 0.0771129 0.815188
2 0.964426 0.531682 0.0705116 0.0643221 0.75877
2 0.937587 0.658978 0.124205 0.111466 0.750098
2 0.807317 0.222527 0.0650101 0.0767954 0.74304
2 0.850263 0.842725 0.177648 0.203151 0.698515
7 0.807184 0.112328 0.0944069 0.103834 0.694994
13 0.362135 0.946976 0.0834948 0.101777 0.619207
7 0.850167 0.842665 0.176624 0.203733 0.603431
13 0.27173 0.801453 0.0635027 0.0711653 0.57367
56 0.181161 0.94946 0.0703406 0.0967921 0.505406
2 0.750105 0.954562 0.147618 0.0868445 0.469396
2 0.955281 0.595921 0.0880026 0.0964261 0.459694
13 0.109287 0.829147 0.060718 0.0824266 0.458629
13 0.136206 0.888393 0.0647953 0.085164 0.454479
0 0.43021 0.625542 0.016822 0.0760198 0.442195
13 0.153135 0.636802 0.0690738 0.084197 0.438695
13 0.23162 0.736708 0.0557197 0.0664586 0.406429
13 0.311085 0.874988 0.0633493 0.0847856 0.401793
13 0.0198502 0.704739 0.0394507 0.0893955 0.372436
58 0.456491 0.261497 0.0379705 0.0477536 0.371831
13 0.261481 0.77546 0.0713424 0.0818737 0.361311
2 0.971024 0.477429 0.0570053 0.0809623 0.352834
13 0.0704942 0.784245 0.0609647 0.0847232 0.35125
13 0.251266 0.593161 0.0661016 0.0842008 0.341358
13 0.0324919 0.550598 0.0647964 0.0791896 0.330332
0 0.514583 0.210447 0.00666008 0.045612 0.325745
2 0.111273 0.724026 0.062723 0.0853031 0.316306
13 0.147165 0.910773 0.052625 0.0708406 0.28181
13 0.301534 0.861922 0.0790561 0.106395 0.275669
13 0.217815 0.714991 0.0666531 0.0777027 0.26262
