0 0.73320703125 0.6274861111111112 0.06469531249999996 0.1705833333333334
0 0.73876953125 0.43031250000000004 0.040335937500000085 0.13918055555555553
2 0.88036328125 0.24189583333333337 0.029007812500000084 0.1262638888888889
2 0.49401171875000005 0.9346458333333333 0.04744531250000002 0.13070833333333334
0 0.07473437499999999 0.6156597222222222 0.055609375 0.17601388888888883
0 0.17521875 0.4025208333333333 0.036625 0.13681944444444444
0 0.3717890625 0.6412430555555555 0.05145312500000001 0.1619861111111111
0 0.33078124999999997 0.5199583333333333 0.041187499999999974 0.12830555555555556
0 0.35937109375 0.40100694444444446 0.05946093750000001 0.11395833333333336
2 0.39390625 0.4795138888888889 0.04215624999999994 0.14188888888888884
0 0.34195703125000004 0.5315694444444444 0.03717968749999998 0.14669444444444446
0 0.41293359375000005 0.6473819444444444 0.04672656250000005 0.1555972222222222
0 0.36818359375 0.41405555555555557 0.038179687500000004 0.13219444444444442
