0 0.59853125 0.6447499999999999 0.06867187500000008 0.16549999999999995
0 0.31633203125 0.5331805555555555 0.0560078125 0.16599999999999998
0 0.33372265624999997 0.6719166666666667 0.06785156249999998 0.17963888888888893
0 0.32747265625 0.37828472222222226 0.04197656249999997 0.15115277777777775
0 0.39422265625 0.5943472222222222 0.06553906249999994 0.18977777777777777
0 0.461375 0.4822013888888889 0.04974999999999996 0.16334722222222225
0 0.52611328125 0.8723888888888889 0.07897656250000003 0.22130555555555545
0 0.41649609375 0.41436111111111107 0.045429687500000024 0.15863888888888888
2 0.6038125 0.34545833333333337 0.041671874999999935 0.15366666666666667
1 0.6205742187500001 0.5227847222222222 0.0636796875 0.14265277777777774
