0 0.3661171875 0.3556805555555556 0.06457812499999997 0.14419444444444443
0 0.47158984375 0.4085902777777778 0.05316406249999996 0.13579166666666664
0 0.47366796874999995 0.5455694444444444 0.05350781250000001 0.13586111111111118
0 0.66706640625 0.42872916666666666 0.0590859375 0.15418055555555554
0 0.42814453124999996 0.44209027777777776 0.05953906249999998 0.14859722222222224
0 0.1054609375 0.4243402777777777 0.05753125 0.16520833333333332
0 0.3470703125 0.47352777777777777 0.053828124999999984 0.15452777777777776
0 0.72359375 0.5715138888888889 0.07556249999999994 0.16969444444444445
2 0.8996523437499999 0.32031944444444443 0.046195312499999905 0.1621388888888889
0 0.9451406250000002 0.4066319444444444 0.05875000000000004 0.16395833333333334
