0 0.98951953125 0.25161805555555555 0.020960937499999943 0.134125
0 0.60026171875 0.22054166666666666 0.03507031249999999 0.13252777777777777
0 0.89807421875 0.9482986111111111 0.06858593749999997 0.10340277777777784
0 0.41442187500000005 0.18639583333333332 0.03937499999999998 0.13106944444444443
0 0.48688671875 0.6307847222222223 0.06402343750000003 0.16268055555555555
2 0.3183671875 0.22767361111111112 0.03849999999999998 0.13093055555555555
0 0.395703125 0.4150902777777778 0.057734375000000025 0.11462499999999996
0 0.1167734375 0.49886111111111114 0.04768750000000001 0.18752777777777777
0 0.65235546875 0.23872222222222222 0.05383593750000006 0.1066388888888889
0 0.08231250000000001 0.5834305555555557 0.05698437500000001 0.16208333333333333
