0 0.54836328125 0.2780486111111111 0.06627343750000003 0.10804166666666666
0 0.72158203125 0.3115138888888889 0.05267968750000005 0.10975000000000001
0 0.43423437499999995 0.2790972222222222 0.05551562500000005 0.10805555555555553
0 0.6628203125000001 0.7181666666666667 0.07075000000000005 0.1823055555555556
0 0.23118749999999996 0.33461805555555557 0.039234374999999974 0.16704166666666667
0 0.47876171875000006 0.666138888888889 0.07127343749999993 0.18080555555555564
2 0.21230859375 0.19154166666666667 0.038179687500000004 0.1348333333333333
0 0.67636328125 0.5396875 0.07667968750000007 0.13943055555555553
0 0.54872265625 0.7729791666666668 0.07486718749999995 0.18840277777777775
0 0.97387109375 0.7978472222222223 0.051414062499999955 0.21216666666666673
