0 0.591296875 0.6051388888888889 0.06206250000000004 0.17963888888888893
0 0.29626171874999996 0.46218055555555554 0.0483359375 0.17511111111111108
0 0.3527578125 0.6223472222222223 0.05934374999999999 0.18799999999999994
0 0.47469140625 0.3323611111111111 0.05342968749999999 0.11763888888888888
0 0.55266015625 0.46873611111111113 0.054757812500000023 0.15763888888888888
0 0.7065117187500001 0.4643888888888889 0.05394531250000005 0.17330555555555552
0 0.9739296875000001 0.689625 0.05214062500000001 0.19944444444444448
0 0.474796875 0.3718541666666667 0.06412499999999995 0.12881944444444443
2 0.876125 0.38563194444444443 0.03781250000000007 0.166625
1 0.8710507812500001 0.5328055555555555 0.04846093749999998 0.17058333333333334
