0 0.57847265625 0.6398888888888888 0.061382812500000036 0.17522222222222217
0 0.3060625 0.5176875 0.047921875000000023 0.18001388888888892
0 0.33498046875 0.6493263888888888 0.053414062500000005 0.18843055555555557
0 0.35779296875 0.3611458333333333 0.04175781249999999 0.14601388888888883
0 0.36175 0.5733611111111111 0.057624999999999996 0.17444444444444449
0 0.4355703125 0.45541666666666664 0.042546875000000026 0.15805555555555556
0 0.49248828125 0.8728680555555555 0.06782031249999995 0.20881944444444447
0 0.44421874999999994 0.39326388888888886 0.04676562500000001 0.14861111111111108
2 0.603765625 0.3247708333333333 0.040328125000000006 0.1532638888888889
1 0.63471484375 0.49526388888888895 0.06324218749999995 0.13025000000000003
