0 0.7157773437499999 0.4295833333333334 0.06978906250000003 0.16238888888888886
0 0.69825390625 0.47815277777777776 0.06135156249999998 0.17558333333333337
0 0.626140625 0.39647222222222217 0.06409374999999998 0.1667777777777778
0 0.60248828125 0.47162500000000007 0.049789062499999925 0.19419444444444445
2 0.41324609374999993 0.24299305555555556 0.04135156249999996 0.1679861111111111
0 0.7664609375 0.4587569444444445 0.05731250000000001 0.17081944444444447
1 0.5066054687499999 0.44909722222222226 0.08033593750000004 0.14480555555555555
0 0.17678124999999997 0.5176111111111111 0.06882812499999999 0.2243333333333333
0 0.4298046875 0.8698680555555557 0.09032812500000005 0.25820833333333326
0 0.1284140625 0.7059027777777778 0.060078124999999996 0.2423611111111111
