0 0.51788671875 0.2897152777777778 0.06627343749999995 0.10804166666666669
0 0.69071875 0.3259166666666667 0.052671875000000055 0.10975000000000001
0 0.39218359375 0.29384027777777777 0.060148437500000006 0.1100972222222222
0 0.6387070312500001 0.7507430555555555 0.06882031250000002 0.18573611111111105
0 0.18797265624999998 0.3510833333333333 0.0399921875 0.17116666666666663
0 0.47971874999999997 0.6565208333333332 0.07009375000000002 0.17529166666666665
2 0.19301953125 0.19495833333333334 0.038179687500000004 0.12936111111111112
0 0.632 0.5695347222222222 0.079 0.14426388888888889
0 0.547375 0.7575555555555556 0.07524999999999996 0.19322222222222224
0 0.9651015624999999 0.8140277777777777 0.06645312499999996 0.21999999999999997
