0 0.71849609375 0.41213194444444445 0.047867187499999984 0.1751805555555556
0 0.6990546875 0.4662222222222222 0.06389062499999998 0.17152777777777778
0 0.64609765625 0.40281249999999996 0.05700781250000002 0.16390277777777773
0 0.6046328125 0.4150555555555555 0.045624999999999985 0.16055555555555553
2 0.44297265625 0.25216666666666665 0.04135156250000005 0.16194444444444445
0 0.77196484375 0.45915972222222223 0.049710937499999996 0.17234722222222218
1 0.5366171875 0.4535555555555555 0.07973437499999995 0.12769444444444444
0 0.23005859375 0.42386111111111113 0.05657031250000002 0.19255555555555554
0 0.683125 0.7587430555555555 0.07614062500000003 0.22087499999999996
0 0.13276171875 0.9602916666666668 0.0700859375 0.0794166666666666
