0 0.72160546875 0.41001388888888884 0.056320312500000025 0.1593611111111111
0 0.68776171875 0.45557638888888885 0.06091406250000002 0.18331944444444445
0 0.629046875 0.3793611111111111 0.06051562499999994 0.15038888888888885
0 0.5968828125 0.4546875 0.050484375000000005 0.2000694444444444
2 0.41834765625000003 0.23126388888888888 0.04135156250000005 0.16194444444444445
0 0.7793320312500001 0.44275 0.049023437500000086 0.16197222222222216
1 0.52120703125 0.4283541666666666 0.06910156250000003 0.15201388888888887
0 0.25269140625 0.5167361111111111 0.052132812500000014 0.19658333333333336
0 0.45784765625000007 0.8520069444444445 0.08472656249999995 0.21595833333333334
0 0.27802734375 0.6708611111111111 0.06549218750000003 0.1960000000000001
