0 0.5353007812499999 0.6508333333333334 0.0801796875 0.18419444444444438
0 0.22117187500000002 0.27020833333333333 0.057374999999999995 0.11658333333333333
0 0.936328125 0.6443125 0.06529687499999995 0.18773611111111113
2 0.61433203125 0.17630555555555555 0.0376953125 0.15622222222222223
0 0.48560546875000005 0.3005277777777778 0.061460937499999965 0.1385
1 0.6407499999999999 0.3248611111111111 0.06131250000000001 0.1781666666666667
0 0.66457421875 0.7141527777777779 0.08969531249999996 0.21852777777777782
0 0.28051953125 0.4425 0.06067968749999997 0.16527777777777777
0 0.6805234375 0.28586805555555556 0.055312500000000056 0.06270833333333334
0 0.28200390625000005 0.8123958333333333 0.0919453125 0.17559722222222215
