0 0.32271875 0.8021875 0.06404687500000002 0.22320833333333323
0 0.0822265625 0.44147222222222227 0.073875 0.14169444444444443
2 0.80846875 0.16948611111111112 0.039406249999999955 0.13249999999999998
0 0.5094609375 0.39372222222222225 0.05309375000000003 0.14550000000000002
1 0.8231992187500001 0.31412500000000004 0.06477343750000006 0.1487777777777778
0 0.47934765625000003 0.6018888888888889 0.060179687500000065 0.16399999999999998
0 0.49183984375000006 0.5038888888888889 0.05594531250000001 0.15852777777777777
0 0.8426328125000001 0.2457152777777778 0.05604687500000001 0.07454166666666664
0 0.6562578125 0.8130902777777778 0.05178124999999998 0.11759722222222216
0 0.62234375 0.8129583333333333 0.05437500000000002 0.14586111111111108
