0 0.6436093749999999 0.37710416666666663 0.0336875 0.18273611111111115
0 0.6112460937499999 0.6870555555555555 0.0723671875 0.19838888888888892
0 0.7192695312499999 0.7031527777777777 0.06016406249999999 0.21258333333333326
0 0.68140234375 0.6446388888888889 0.06041406250000003 0.17072222222222225
0 0.59042578125 0.43699305555555557 0.04860156250000003 0.18359722222222224
2 0.67253515625 0.35657638888888893 0.03958593749999997 0.1750972222222222
1 0.50941015625 0.40095138888888887 0.03827343750000001 0.16601388888888888
0 0.82112890625 0.6287083333333333 0.09122656250000008 0.1756111111111111
0 0.54084765625 0.6823194444444444 0.07380468750000002 0.18600000000000003
0 0.24891796875 0.8857152777777777 0.06507031249999998 0.22315277777777773
0 0.040140625 0.9448819444444445 0.08028125 0.11023611111111112
