0 0.7282460937499999 0.4137013888888889 0.04682031249999996 0.17518055555555556
0 0.69074609375 0.46589583333333334 0.05916406250000002 0.16601388888888885
0 0.65933203125 0.4059513888888888 0.05533593750000003 0.17906944444444445
0 0.629796875 0.41003472222222226 0.049156250000000054 0.16290277777777776
2 0.45383203125 0.2562916666666667 0.04135156249999996 0.16194444444444445
0 0.7822304687499999 0.4643263888888889 0.053695312499999925 0.17234722222222226
1 0.5468632812499999 0.4577361111111112 0.08153906250000001 0.12769444444444444
0 0.26940625 0.4189583333333333 0.05704687500000003 0.1883611111111111
0 0.70265625 0.7341180555555554 0.07307812499999997 0.20756944444444442
0 0.11125390625 0.9559027777777778 0.0730390625 0.08819444444444445
