0 0.97184375 0.4308333333333333 0.056312499999999946 0.1202777777777778
0 0.7708515625000001 0.5335208333333333 0.06615624999999996 0.1485138888888889
0 0.565578125 0.4121736111111111 0.060640625000000004 0.12526388888888892
0 0.55980859375 0.4840486111111111 0.05686718750000006 0.1432361111111111
2 0.58696484375 0.20803472222222222 0.039664062500000076 0.142625
0 0.9643242187500001 0.5651180555555555 0.07135156249999994 0.17670833333333336
1 0.70521484375 0.351 0.06144531249999998 0.14561111111111108
0 0.40733593749999997 0.6567847222222222 0.06357812500000004 0.1580416666666666
0 0.709921875 0.8191388888888889 0.04612500000000006 0.1216666666666667
0 0.4257734375 0.7805972222222222 0.06264062500000005 0.21416666666666664
0 0.715546875 0.8230972222222223 0.06074999999999999 0.11944444444444445
