0 0.39233984375 0.31783333333333336 0.046585937499999994 0.13341666666666668
0 0.404734375 0.39575 0.05560937499999996 0.1270277777777778
0 0.8943867187500001 0.785701388888889 0.07947656250000001 0.22262500000000002
0 0.8739062499999999 0.39231249999999995 0.05262499999999992 0.11440277777777774
0 0.80259765625 0.3937291666666667 0.06194531250000006 0.14001388888888885
0 0.1542265625 0.47706944444444443 0.06339062499999999 0.14283333333333337
0 0.79760546875 0.6275763888888889 0.07963281250000005 0.153375
0 0.96198828125 0.4879166666666666 0.06783593749999994 0.1325833333333333
2 0.17380078125 0.6930069444444444 0.06936718750000001 0.19718055555555558
1 0.02229296875 0.4868402777777777 0.0445859375 0.14840277777777772
