0 0.75737109375 0.6521458333333333 0.057679687500000035 0.18087499999999995
0 0.750109375 0.4145347222222222 0.03925000000000001 0.14579166666666665
2 0.8898359374999998 0.23440972222222223 0.026765624999999994 0.13090277777777778
2 0.46796484375 0.9322916666666666 0.06635156250000004 0.13541666666666666
0 0.040242187500000005 0.6053055555555555 0.053734375 0.18972222222222226
0 0.14755859375 0.39145833333333335 0.036554687500000016 0.13449999999999995
0 0.3855625 0.6524305555555555 0.044453125000000024 0.1554166666666667
0 0.28495312500000003 0.5280416666666666 0.04431250000000002 0.1294444444444445
0 0.397953125 0.3770416666666667 0.041000000000000016 0.11452777777777776
2 0.399328125 0.4551458333333333 0.04045312499999998 0.14829166666666665
0 0.28131249999999997 0.5446666666666667 0.04815624999999999 0.16441666666666666
0 0.4068710937500001 0.6918333333333333 0.0483359375 0.1745277777777778
0 0.321921875 0.3960972222222222 0.04635937500000002 0.1338611111111111
