0 0.9886015624999999 0.850375 0.02279687500000005 0.21575000000000005
0 0.91981640625 0.4055625 0.06330468750000015 0.12445833333333335
2 0.35638281250000003 0.9292638888888888 0.05695312499999998 0.14147222222222225
0 0.212296875 0.4683611111111112 0.047812499999999994 0.14147222222222217
0 0.42684765625 0.30441666666666667 0.04211718750000006 0.10702777777777774
0 0.6030625000000001 0.7730347222222222 0.045624999999999985 0.19759722222222229
0 0.36760546875 0.4610763888888889 0.03839843750000003 0.14920833333333333
0 0.8082109375 0.34909027777777774 0.05103125000000004 0.10415277777777775
2 0.743890625 0.4166736111111111 0.04495312500000006 0.13370833333333332
0 0.32043359374999997 0.4692222222222222 0.05921093750000002 0.14722222222222223
0 0.46489843749999993 0.8548680555555557 0.05740624999999992 0.21093055555555557
0 0.50187890625 0.2961111111111111 0.04738281249999998 0.09919444444444443
