0 0.9725781250000001 0.4310763888888889 0.05484375000000004 0.12029166666666669
0 0.7690117187500001 0.5351180555555555 0.06588281250000003 0.14862500000000006
0 0.5613671874999999 0.41206944444444443 0.060640625000000004 0.1252777777777778
0 0.556546875 0.4853263888888889 0.05681250000000002 0.14376388888888889
2 0.5877421875 0.20852083333333332 0.03965625000000008 0.14262499999999997
0 0.9627890625 0.5676736111111111 0.07115625000000012 0.17670833333333327
1 0.70605078125 0.3510972222222222 0.06144531250000007 0.14561111111111108
0 0.40642187500000004 0.6601111111111111 0.06432812499999999 0.15872222222222218
0 0.712 0.8178333333333332 0.045796875 0.12138888888888885
0 0.42320703125000003 0.7828263888888889 0.06252343750000003 0.21459722222222222
0 0.71648828125 0.8225902777777777 0.06060156249999995 0.11843055555555553
