0 0.76526171875 0.6577152777777777 0.05825781250000004 0.18254166666666669
0 0.75343359375 0.41080555555555553 0.03980468750000003 0.14577777777777776
2 0.8955390624999999 0.23271527777777778 0.026765624999999994 0.13090277777777778
2 0.46230078125 0.9317777777777778 0.07046093750000004 0.13644444444444445
0 0.03492578125 0.5970833333333333 0.0526484375 0.19669444444444445
0 0.14480078125 0.3882777777777778 0.03757031249999998 0.1328611111111111
0 0.3910546875 0.6569027777777777 0.04442187500000001 0.1536944444444444
0 0.277390625 0.5268958333333333 0.04431250000000002 0.12943055555555555
0 0.41018359374999996 0.37218055555555557 0.04100781249999996 0.11452777777777776
2 0.40343359375 0.45027777777777783 0.03869531249999998 0.14941666666666664
0 0.26771874999999995 0.5446736111111111 0.048 0.16612500000000002
0 0.40775390624999996 0.7012708333333334 0.04977343749999998 0.17681944444444453
0 0.31194531249999996 0.39008333333333334 0.04764062499999997 0.13386111111111115
