0 0.9830351562499999 0.4600208333333334 0.03392968750000005 0.14593055555555554
0 0.70212890625 0.6266805555555556 0.06677343750000002 0.16302777777777777
0 0.38453515625 0.4149722222222222 0.05874218749999995 0.14425
0 0.39382421875 0.5136180555555556 0.05497656249999996 0.1622083333333333
2 0.595125 0.23146527777777778 0.03965624999999999 0.142625
0 0.86434375 0.6700208333333333 0.06717187500000002 0.17676388888888886
1 0.73879296875 0.34731944444444446 0.06144531249999998 0.1456111111111111
0 0.3053515625 0.7878680555555555 0.07925 0.1725416666666667
0 0.76074609375 0.7773194444444446 0.05613281249999993 0.11608333333333339
0 0.299640625 0.8771041666666667 0.06642187500000003 0.2153194444444444
0 0.72937109375 0.808076388888889 0.05700781250000002 0.1071805555555555
