0 0.50233984375 0.3019027777777778 0.06527343749999996 0.11338888888888887
0 0.6724921875 0.33915277777777775 0.053359375000000056 0.11125000000000003
0 0.3666875 0.3067708333333333 0.05931250000000001 0.11456944444444446
0 0.62908984375 0.7742152777777779 0.07233593749999993 0.1892916666666667
0 0.15546484375 0.36430555555555555 0.0421640625 0.17205555555555554
0 0.46550390625000004 0.6473055555555556 0.07142968749999996 0.16994444444444445
2 0.1763046875 0.20075000000000004 0.03951562500000001 0.1296388888888889
0 0.61511328125 0.5891597222222222 0.07699218749999996 0.1472361111111111
0 0.5404375 0.7475972222222222 0.07275000000000001 0.19174999999999992
0 0.957078125 0.8229375 0.06879687499999995 0.2235694444444445
