0 0.63765625 0.3799722222222222 0.040078125000000055 0.18083333333333335
0 0.49672656249999997 0.6234861111111111 0.07684375000000002 0.17838888888888887
0 0.7673046875 0.7285486111111112 0.05899999999999998 0.17295833333333338
0 0.6089609375 0.5907638888888889 0.05879687499999999 0.13747222222222216
0 0.5979374999999999 0.42834722222222216 0.04910937500000001 0.16977777777777775
2 0.6294531250000001 0.324375 0.03715625000000004 0.15622222222222223
1 0.5186796874999999 0.3971736111111111 0.05681250000000002 0.17356944444444444
0 0.8844765625000001 0.6601180555555555 0.06781249999999997 0.1488194444444445
0 0.43641406250000003 0.6597291666666667 0.062703125 0.18604166666666672
0 0.17533203125000002 0.9404722222222222 0.0557890625 0.1190555555555556
