0 0.6419453125000001 0.6200347222222222 0.0665 0.18826388888888898
0 0.35980078125000003 0.4738819444444444 0.0526328125 0.16690277777777773
0 0.389734375 0.6229652777777778 0.05889062499999995 0.18665277777777783
0 0.44191796875 0.3469166666666667 0.05514843750000002 0.1213888888888889
0 0.5830898437500001 0.5034097222222222 0.060898437500000034 0.16159722222222225
0 0.70115625 0.4827222222222222 0.05085937500000002 0.17574999999999996
0 0.8962656250000001 0.7291736111111111 0.07103125000000006 0.20465277777777774
0 0.50128125 0.38227777777777777 0.060484375000000055 0.14525
2 0.8622578125 0.38112499999999994 0.03781250000000007 0.16661111111111107
1 0.8567734375 0.5416805555555555 0.05192187500000003 0.15911111111111112
