0 0.63640234375 0.4125069444444444 0.039351562500000006 0.18629166666666666
0 0.5971953125 0.85525 0.05846875000000003 0.23319444444444443
0 0.68707421875 0.7167777777777776 0.049148437499999975 0.23005555555555554
0 0.80926953125 0.7523194444444445 0.05780468749999992 0.22449999999999998
0 0.57452734375 0.5119791666666667 0.04864843749999999 0.21018055555555562
2 0.76198046875 0.45246527777777773 0.06908593749999996 0.19279166666666667
1 0.48196875000000006 0.4400763888888889 0.05396875000000003 0.18434722222222225
0 0.6571015625 0.6639652777777777 0.06224999999999996 0.21379166666666669
0 0.610640625 0.8260277777777778 0.06342187500000004 0.2244444444444443
0 0.34913671874999996 0.7491805555555556 0.0590859375 0.22480555555555556
