0 0.5938085937500001 0.6436111111111111 0.06696093749999994 0.16777777777777772
0 0.3069609375 0.5333819444444444 0.05154687499999997 0.17434722222222226
0 0.32591015624999997 0.6739097222222222 0.06427343750000003 0.18440277777777783
0 0.3228984375 0.3796805555555556 0.04176562500000003 0.14600000000000002
0 0.37693359375 0.5975277777777778 0.06441406250000004 0.1921666666666666
0 0.44553125 0.48120833333333335 0.04706250000000001 0.16452777777777775
0 0.5099414062500001 0.8801180555555554 0.08277343750000003 0.22170833333333334
0 0.41046875 0.41297916666666673 0.04453125 0.1590416666666667
2 0.59243359375 0.3416875 0.040335937499999995 0.1532638888888889
1 0.614546875 0.518625 0.06278124999999993 0.13830555555555554
