0 0.36348828125 0.7771597222222222 0.07330468749999994 0.20484722222222215
0 0.10623437500000002 0.4111666666666667 0.06809375 0.1411666666666667
2 0.80675390625 0.16727777777777778 0.03939843749999996 0.13249999999999998
0 0.5204140625 0.3755763888888889 0.04835937500000007 0.1474583333333333
1 0.8194765624999999 0.31069444444444444 0.06545312499999997 0.15038888888888885
0 0.5232304687499999 0.6102291666666667 0.062210937499999994 0.16279166666666672
0 0.474421875 0.49540277777777775 0.05903124999999996 0.15466666666666667
0 0.8446992187500001 0.24766666666666665 0.05697656250000005 0.07455555555555557
0 0.6234296875 0.8258819444444444 0.05245312499999999 0.12362499999999998
0 0.5913359375 0.8325416666666667 0.057968750000000034 0.14586111111111125
