0 0.6364726562499999 0.7682569444444444 0.056367187499999985 0.20279166666666665
0 0.212796875 0.3775486111111111 0.053156249999999974 0.1600694444444444
0 0.32323828125 0.4468888888888889 0.06877343749999998 0.1389444444444444
2 0.6335234375 0.23947222222222225 0.042984374999999984 0.14855555555555558
0 0.6896601562500001 0.7748333333333334 0.0784140625 0.1931388888888888
1 0.78758203125 0.32934722222222224 0.06144531250000007 0.1456111111111111
0 0.1149140625 0.9472986111111112 0.07320312500000001 0.10540277777777776
0 0.8137578125000001 0.7300902777777777 0.06175000000000006 0.15176388888888886
0 0.16275390625 0.9507152777777778 0.054929687500000005 0.09856944444444449
0 0.76962890625 0.7798124999999999 0.047585937500000064 0.12795833333333334
