0 0.65489453125 0.7071111111111111 0.05172656250000003 0.15788888888888897
0 0.67762109375 0.8087361111111111 0.05546093750000001 0.09802777777777784
0 0.60312109375 0.37 0.03927343749999999 0.15961111111111112
0 0.55297265625 0.5564236111111112 0.05774218749999997 0.16168055555555552
0 0.6650039062499999 0.7628472222222222 0.05611718750000003 0.16847222222222216
0 0.5825625000000001 0.38156944444444446 0.04543749999999998 0.1648611111111111
2 0.46722656249999994 0.2215902777777778 0.030281249999999992 0.15045833333333336
1 0.6352187499999999 0.3626875 0.05668750000000004 0.14770833333333333
0 0.29604296875 0.6049861111111111 0.06613281249999999 0.1848888888888889
0 0.42555078124999995 0.8021875 0.06085156249999999 0.18845833333333326
