0 0.7407812500000001 0.4044791666666667 0.041718749999999985 0.16451388888888888
0 0.71122265625 0.46944444444444444 0.05619531250000005 0.16908333333333334
0 0.6284375 0.3912152777777778 0.05465625000000003 0.16879166666666667
0 0.6879296874999999 0.4400763888888889 0.043234375000000026 0.1684027777777778
2 0.48985546874999997 0.2589444444444444 0.03880468750000006 0.15450000000000003
0 0.8172265625000001 0.45591666666666664 0.056375000000000064 0.18127777777777776
1 0.57682421875 0.45663888888888887 0.0704140625 0.13300000000000006
0 0.42248828125000004 0.45062500000000005 0.05924218750000003 0.19486111111111112
0 0.5899375 0.7368472222222222 0.07690625000000004 0.1904722222222223
0 0.10853125000000001 0.7099375 0.0736875 0.21973611111111108
