0 0.703140625 0.6986805555555555 0.05173437500000002 0.16236111111111107
0 0.63951953125 0.8427708333333332 0.05916406250000002 0.11662500000000003
0 0.5708320312499999 0.37882638888888887 0.04035156249999998 0.16073611111111114
0 0.49421875000000004 0.5368888888888889 0.05999999999999996 0.1606666666666666
0 0.72333984375 0.7670833333333332 0.0576171875 0.14605555555555552
0 0.546953125 0.38983333333333337 0.04567187500000003 0.1691111111111111
2 0.4599804687500001 0.23121527777777778 0.030757812500000002 0.15426388888888887
1 0.6134765625 0.3688611111111111 0.061406249999999926 0.14688888888888887
0 0.30123437500000005 0.5991666666666666 0.06579687499999998 0.1789444444444444
0 0.36926953125 0.7651388888888888 0.057710937500000004 0.19516666666666665
