0 0.7871953125 0.6729305555555556 0.06012499999999994 0.18463888888888888
0 0.7574375 0.40274305555555556 0.043390624999999974 0.1451527777777778
2 0.9118828125 0.2302777777777778 0.026765624999999994 0.13088888888888886
2 0.43819921875 0.9299652777777778 0.07497656250000002 0.14006944444444447
0 0.02366015625 0.583388888888889 0.0473203125 0.19755555555555557
0 0.13708203125 0.3793819444444444 0.040414062500000014 0.12826388888888887
0 0.40309765625000005 0.6749305555555556 0.04402343749999997 0.15774999999999997
0 0.25760546875 0.5233611111111112 0.04625781249999998 0.12819444444444447
0 0.44697265625 0.3627708333333333 0.041007812500000004 0.11451388888888892
2 0.4153359375 0.4377222222222222 0.03515625 0.1516944444444444
0 0.2303125 0.5442013888888889 0.049796875000000004 0.1642361111111111
0 0.4060859375 0.7267222222222223 0.050734375 0.18325000000000008
0 0.28715625 0.3735347222222222 0.04934374999999998 0.13040277777777776
