0 0.23737109375000004 0.8631527777777778 0.06291406250000002 0.2350833333333333
0 0.03940625 0.514888888888889 0.06353125 0.13672222222222222
2 0.78552734375 0.17904166666666665 0.03939843750000005 0.13250000000000003
0 0.4464453125 0.4413611111111111 0.07257812499999998 0.1474444444444445
1 0.8196835937500001 0.321625 0.06477343750000006 0.1487777777777778
0 0.37352734375 0.5716527777777778 0.05435156249999999 0.13724999999999998
0 0.50703125 0.5210416666666666 0.04671874999999996 0.14013888888888892
0 0.8211640625 0.2543958333333334 0.051156249999999924 0.07454166666666664
0 0.6540273437499999 0.8032638888888888 0.05516406250000001 0.12447222222222223
0 0.6278203125 0.8035277777777777 0.05290625000000002 0.14716666666666672
0 0.0367578125 0.7387500000000001 0.073515625 0.1980555555555556
0 0.9597617187499999 0.6532222222222223 0.058757812499999854 0.16355555555555562
