0 0.74323828125 0.5911666666666666 0.06575781249999997 0.14875000000000002
0 0.2916171875 0.8381805555555556 0.082765625 0.21019444444444432
0 0.42411328125000003 0.39568055555555554 0.06366406250000001 0.1608055555555555
0 0.27644140625 0.44362499999999994 0.06371093750000001 0.14649999999999994
0 0.8142109375000001 0.6395069444444443 0.08570312499999995 0.14545833333333327
0 0.41955468749999997 0.4277291666666667 0.05050000000000003 0.18231944444444445
2 0.440921875 0.2733125 0.03931249999999995 0.16823611111111114
1 0.50963671875 0.4168263888888889 0.06616406249999995 0.1532361111111111
0 0.204953125 0.5529166666666667 0.06803124999999999 0.19069444444444447
0 0.11137890624999999 0.6249861111111111 0.0658046875 0.1941111111111111
