0 0.747109375 0.41939583333333336 0.041875000000000016 0.17484722222222224
0 0.68882421875 0.46481944444444445 0.03836718750000001 0.14288888888888887
0 0.6516953125 0.3958541666666667 0.04743750000000002 0.18126388888888886
0 0.700703125 0.39995138888888887 0.06425 0.17379166666666662
2 0.47601171875000003 0.2647083333333333 0.04117968749999994 0.16144444444444445
0 0.8040664062499999 0.4688333333333333 0.07121093749999999 0.17297222222222217
1 0.5701445312500001 0.4602361111111111 0.08039843749999998 0.12780555555555553
0 0.3405390625 0.4250347222222222 0.051312500000000004 0.1882638888888889
0 0.7061249999999999 0.7067847222222222 0.06556249999999997 0.21756944444444448
0 0.07252734375 0.9437083333333334 0.0869140625 0.11252777777777775
