0 0.63076171875 0.6345277777777778 0.07508593749999992 0.16816666666666663
0 0.35745703125 0.5068472222222222 0.07332031250000001 0.14705555555555555
0 0.37445312499999994 0.645625 0.06598437499999998 0.16652777777777775
0 0.39163671874999995 0.35757638888888893 0.050945312499999985 0.14345833333333335
0 0.52991796875 0.5464375 0.06974218749999998 0.16434722222222228
0 0.59308203125 0.48791666666666667 0.0571328125 0.16011111111111107
0 0.7041367187500001 0.8001319444444445 0.06852343749999994 0.2202361111111111
0 0.47017578125000004 0.40280555555555553 0.06632031249999999 0.15458333333333335
2 0.7363359375 0.36673611111111115 0.040328125000000006 0.16266666666666668
1 0.7316914062500001 0.5362083333333334 0.05666406250000007 0.1546111111111111
