0 0.8041445312500001 0.684138888888889 0.06208593749999993 0.18122222222222234
0 0.7501640625 0.4010208333333333 0.050156249999999944 0.14343055555555556
2 0.9254453125000002 0.2328611111111111 0.026765624999999994 0.1308888888888889
2 0.40308203125 0.9278124999999999 0.06480468749999994 0.14437500000000006
0 0.0241015625 0.578375 0.048203125 0.18583333333333335
0 0.13101953125 0.3723888888888889 0.042648437500000004 0.12466666666666665
0 0.40601171875 0.6999027777777778 0.0430703125 0.17841666666666664
0 0.2447734375 0.5199166666666667 0.05159374999999997 0.12474999999999999
0 0.48087890624999996 0.36363194444444447 0.041007812500000004 0.11451388888888892
2 0.42551171875 0.4299722222222222 0.035164062499999996 0.15169444444444444
0 0.20221875000000003 0.5429097222222222 0.055609375 0.1495972222222222
0 0.3966328125 0.7448055555555555 0.04539062500000002 0.1884166666666667
0 0.27384375 0.3610555555555555 0.046937499999999986 0.12097222222222222
