0 0.72880078125 0.6878541666666667 0.05742968749999999 0.16298611111111105
0 0.58658984375 0.8611041666666667 0.07046093749999996 0.15320833333333325
0 0.5499492187499999 0.38419444444444445 0.041054687500000055 0.16077777777777777
0 0.45872656250000005 0.5234513888888889 0.06395312500000001 0.16768055555555558
0 0.7619453125 0.7640208333333334 0.07404687499999998 0.13690277777777776
0 0.523453125 0.3927569444444444 0.046 0.1749583333333333
2 0.45734765624999996 0.2367777777777778 0.03141406250000003 0.1595
1 0.5993398437499999 0.3735347222222222 0.06402343750000003 0.15037499999999998
0 0.29778515624999996 0.5871805555555555 0.05955468749999997 0.169
0 0.331140625 0.7441041666666667 0.05771875 0.19518055555555552
