0 0.79951953125 0.6810763888888889 0.06155468749999997 0.18215277777777783
0 0.7521484375 0.40149305555555553 0.04831249999999994 0.14390277777777777
2 0.92174609375 0.2321527777777778 0.026773437499999986 0.1308888888888889
2 0.41266015625 0.9284027777777778 0.06757031250000005 0.14319444444444449
0 0.0251953125 0.5808680555555555 0.050390625 0.18743055555555554
0 0.132671875 0.3742986111111111 0.042046875 0.1256527777777778
0 0.40521484374999994 0.6930902777777778 0.04333593749999998 0.1727916666666667
0 0.24827343749999997 0.5208541666666666 0.05014062500000001 0.12568055555555557
0 0.47162890625 0.3633958333333333 0.04100781249999992 0.11451388888888892
2 0.422734375 0.4320833333333334 0.03515625 0.1516944444444444
0 0.20987890625 0.5432638888888889 0.05402343750000003 0.15358333333333332
0 0.39921093750000003 0.7398680555555555 0.04684375000000003 0.18701388888888887
0 0.27747656249999997 0.3644583333333333 0.04759375000000001 0.12352777777777778
