0 0.2811796875 0.2827222222222222 0.05460937500000003 0.13111111111111107
0 0.26325390625 0.4177777777777778 0.06602343750000003 0.1292222222222222
0 0.875046875 0.8856458333333332 0.09560937500000008 0.2212083333333333
0 0.721765625 0.3482291666666667 0.04879687500000003 0.11873611111111117
0 0.6823124999999999 0.28581249999999997 0.045218749999999995 0.09793055555555555
0 0.181671875 0.516 0.0664375 0.14033333333333337
0 0.61367578125 0.6237083333333334 0.07532031250000007 0.1781111111111112
0 0.81259765625 0.42354166666666665 0.0630859375 0.12552777777777777
2 0.07591015625 0.6731180555555556 0.0493046875 0.2008194444444445
1 0.09369531249999999 0.41870833333333335 0.07107812499999999 0.1273611111111111
