0 0.47761718749999993 0.5533194444444445 0.061453124999999977 0.1615277777777778
0 0.0931875 0.4742986111111111 0.05275 0.17620833333333333
0 0.21505468749999998 0.6617916666666667 0.06418750000000002 0.2003055555555556
0 0.49259765625000007 0.33063888888888887 0.058710937499999984 0.1278888888888889
0 0.42032421875 0.40944444444444444 0.05310156250000002 0.15908333333333333
0 0.61092578125 0.4365208333333333 0.06627343749999995 0.1610138888888889
0 0.97101171875 0.6250486111111111 0.04961718749999999 0.17265277777777785
0 0.4233828125 0.37834027777777784 0.05445312499999999 0.1342361111111111
2 0.8191289062500001 0.4038819444444445 0.041257812500000046 0.1635138888888889
1 0.79872265625 0.5236041666666666 0.04405468749999999 0.18709722222222228
