0 0.600890625 0.6453263888888888 0.06953125 0.16434722222222212
0 0.32101953125 0.5330763888888889 0.05824218750000001 0.1618472222222222
0 0.3376328125 0.6709305555555556 0.06964062499999998 0.17725000000000002
0 0.32975390625 0.3775833333333333 0.042085937500000004 0.1537222222222222
0 0.40287109374999996 0.5927638888888889 0.06610156250000002 0.18858333333333338
0 0.46929687500000006 0.4827013888888888 0.05109374999999998 0.16276388888888887
0 0.5341992187500001 0.8685208333333334 0.07707031249999999 0.22112500000000004
0 0.41951171875000004 0.4150555555555556 0.045882812500000016 0.15844444444444442
2 0.6094999999999999 0.34734027777777776 0.042343750000000034 0.15384722222222227
1 0.6235898437499999 0.5248611111111111 0.06413281250000002 0.14483333333333337
