0 0.6376484375 0.405375 0.03598437500000005 0.18419444444444444
0 0.6212109375000001 0.8279305555555556 0.061796875000000015 0.2275277777777777
0 0.68826171875 0.7112361111111112 0.05207031249999998 0.23225000000000004
0 0.7832070312500001 0.7238888888888889 0.05960156250000006 0.22927777777777775
0 0.5710625 0.4963263888888889 0.04935937499999996 0.20831944444444445
2 0.7405703125 0.4305 0.06635937499999996 0.18677777777777776
1 0.48385156250000005 0.4339375 0.04823437500000001 0.1818472222222222
0 0.68905859375 0.6504444444444444 0.06288281250000001 0.20852777777777776
0 0.6134765625 0.7892916666666666 0.05804687499999996 0.21280555555555553
0 0.32188671874999997 0.777173611111111 0.06482031250000002 0.22704166666666661
