0 0.7391953125 0.41231944444444446 0.04504687499999997 0.1618333333333333
0 0.71720703125 0.49820833333333336 0.057242187499999986 0.17283333333333334
0 0.5920664062500001 0.38461805555555556 0.05144531250000002 0.1579861111111111
0 0.6853007812499999 0.4431388888888889 0.05144531250000002 0.1651111111111111
2 0.47521484375 0.2554444444444445 0.04007031249999997 0.15480555555555556
0 0.81069921875 0.45281249999999995 0.05646093749999999 0.180125
1 0.5661640625000001 0.45480555555555563 0.07151562500000005 0.13375
0 0.4154765625 0.4513125 0.05931249999999997 0.19476388888888888
0 0.566484375 0.7760763888888889 0.07593750000000003 0.2158194444444445
0 0.12464843750000001 0.7505138888888889 0.07757812499999998 0.22111111111111117
