0 0.5816992187500001 0.6028333333333333 0.061820312499999995 0.17702777777777776
0 0.28468359374999996 0.4612430555555556 0.0489765625 0.17554166666666673
0 0.34547265625 0.6229930555555556 0.059507812500000014 0.1869861111111111
0 0.4793046875 0.3297777777777778 0.053109375000000014 0.11763888888888892
0 0.546390625 0.4637013888888889 0.05418749999999992 0.15648611111111113
0 0.703515625 0.46136805555555555 0.05492187499999997 0.171875
0 0.9744453125 0.6841458333333333 0.051109375000000054 0.19945833333333335
0 0.469046875 0.37070833333333336 0.06575000000000006 0.12622222222222226
2 0.8740234375 0.3859166666666667 0.03781250000000007 0.16661111111111107
1 0.8688671875 0.5308541666666667 0.047812500000000036 0.17245833333333335
