0 0.7465546875 0.4035833333333334 0.04082812499999999 0.17194444444444446
0 0.6969023437499999 0.44852777777777775 0.05021093749999998 0.16777777777777772
0 0.6611328125 0.4044930555555556 0.05768749999999993 0.17940277777777777
0 0.6939726562499999 0.42627083333333327 0.050773437500000004 0.17287499999999995
2 0.49081640625 0.26327083333333334 0.03953906249999992 0.15665277777777778
0 0.818875 0.4649930555555555 0.06096875000000006 0.17870833333333336
1 0.5822539062500001 0.4607361111111111 0.06939843750000003 0.12880555555555556
0 0.37930859375 0.4369166666666666 0.053367187499999955 0.1993055555555555
0 0.67357421875 0.7132847222222222 0.06024218750000001 0.20204166666666662
0 0.05553125 0.6491458333333333 0.06290625000000001 0.2107638888888889
0 0.0335703125 0.9358402777777777 0.067140625 0.12779166666666666
