0 0.7419453125000001 0.40279166666666666 0.04143750000000006 0.16580555555555554
0 0.70896875 0.46350694444444446 0.05604687500000001 0.17115277777777774
0 0.6362109375 0.3948263888888889 0.056265624999999986 0.17084722222222218
0 0.68856640625 0.4396597222222222 0.0435546875 0.1692638888888889
2 0.49144921875 0.25972222222222224 0.03880468749999997 0.15450000000000003
0 0.8189726562499999 0.45745833333333336 0.05638281249999988 0.18127777777777776
1 0.5789140625 0.45749999999999996 0.06929687500000004 0.13224999999999995
0 0.41764453125 0.4488958333333333 0.05800781250000005 0.19579166666666667
0 0.60305078125 0.7334166666666666 0.07355468749999998 0.1898611111111111
0 0.10263671875 0.6996111111111112 0.0731484375 0.2178333333333333
