0 0.9872617187500001 0.25161805555555555 0.02547656249999992 0.134125
0 0.59390234375 0.21905555555555556 0.03507031249999999 0.13252777777777777
0 0.884015625 0.9451805555555555 0.06859374999999997 0.10963888888888897
0 0.401359375 0.1871597222222222 0.03937500000000003 0.13106944444444446
0 0.4679375 0.63725 0.06298437500000001 0.1641388888888888
2 0.30958203125 0.22756944444444444 0.03849218749999998 0.13091666666666665
0 0.38058203125 0.4081666666666667 0.05539843750000002 0.11463888888888883
0 0.11192187499999999 0.4955972222222222 0.04768750000000001 0.18752777777777777
0 0.64281640625 0.2355972222222222 0.05216406250000007 0.10513888888888888
0 0.061945312499999995 0.5794652777777778 0.05475 0.16604166666666667
