0 0.7948984375 0.6780208333333333 0.06101562500000002 0.18309722222222227
0 0.7541328125 0.4019583333333333 0.04646875000000002 0.1443611111111111
2 0.9180468749999999 0.23145138888888891 0.026765624999999994 0.13090277777777778
2 0.42223828125 0.9289861111111111 0.0703515625 0.14202777777777775
0 0.02462109375 0.5818125 0.0492421875 0.1912361111111111
0 0.134328125 0.37620833333333337 0.041437500000000016 0.12663888888888886
0 0.404421875 0.6862777777777778 0.043593749999999966 0.16713888888888886
0 0.25176953125 0.5217986111111111 0.0486796875 0.12662499999999993
0 0.46237890625 0.36315972222222226 0.041007812500000004 0.11451388888888887
2 0.41996093749999996 0.43419444444444444 0.03515625 0.1516944444444445
0 0.21754296874999998 0.543611111111111 0.052445312499999994 0.1575833333333333
0 0.40179296875000003 0.7349374999999999 0.04830468750000003 0.1855972222222223
0 0.2811015625 0.36786111111111114 0.048249999999999994 0.1261111111111111
