0 0.45958984375 0.33541666666666664 0.0625078125 0.12811111111111112
0 0.62237109375 0.37554166666666666 0.05521093750000006 0.11536111111111111
0 0.29657421875 0.34234027777777776 0.05702343750000001 0.1268472222222222
0 0.60264453125 0.8387708333333332 0.08200781250000003 0.1990694444444445
0 0.06606640625 0.4006736111111111 0.048148437499999995 0.17448611111111115
0 0.42642187499999995 0.6219652777777778 0.07509375 0.15523611111111107
2 0.13033984375000002 0.2166736111111111 0.0431640625 0.13043055555555558
0 0.5686875 0.6431111111111111 0.07146875000000001 0.15544444444444447
0 0.52136328125 0.7202222222222221 0.06586718749999995 0.18766666666666668
0 0.93501171875 0.8474583333333333 0.07522656249999997 0.23336111111111107
