0 0.750015625 0.4363888888888889 0.049687500000000016 0.1452777777777778
0 0.751390625 0.5950555555555556 0.06131250000000001 0.19280555555555562
0 0.47899218749999994 0.39588194444444447 0.05223437500000001 0.1300416666666667
0 0.67012109375 0.49156249999999996 0.06428906249999997 0.1683472222222222
2 0.4153515625 0.25658333333333333 0.04462500000000005 0.15591666666666665
0 0.78748828125 0.45149305555555563 0.06686718749999994 0.17804166666666665
1 0.5346132812500001 0.451375 0.07177343750000001 0.1338611111111111
0 0.3683828125 0.46264583333333337 0.05956249999999996 0.17937500000000003
0 0.47941796875 0.8885138888888889 0.06264843750000004 0.22013888888888888
0 0.11731640624999999 0.8968611111111111 0.0741796875 0.20236111111111119
