0 0.640390625 0.6278472222222222 0.07593749999999995 0.17263888888888898
0 0.36512890625 0.49395138888888884 0.07583593749999999 0.14904166666666668
0 0.384078125 0.6352152777777778 0.060125000000000026 0.1665138888888888
0 0.4174375 0.3491458333333333 0.055125 0.13254166666666672
0 0.57398828125 0.5268472222222222 0.0703046875 0.1549166666666667
0 0.63714453125 0.48940972222222223 0.0571328125 0.1600972222222222
0 0.771390625 0.7737847222222223 0.06851562500000004 0.2202361111111111
0 0.48871875 0.395125 0.07553124999999997 0.15308333333333338
2 0.7869531249999999 0.3721944444444445 0.037812499999999985 0.16661111111111107
1 0.7789609375 0.5371944444444444 0.05192187499999994 0.1546111111111111
