0 0.58319140625 0.6410347222222221 0.06310156249999999 0.17293055555555548
0 0.30633984375 0.5225138888888888 0.04903906249999999 0.17827777777777779
0 0.33218749999999997 0.656888888888889 0.05674999999999999 0.1871944444444445
0 0.34705859375000003 0.36685416666666665 0.04175781249999999 0.1460138888888889
0 0.36641796875 0.5807986111111111 0.059710937500000005 0.17990277777777774
0 0.4386328125 0.46334722222222224 0.043937500000000004 0.16005555555555556
0 0.497859375 0.8750972222222221 0.07242187500000004 0.21277777777777768
0 0.43383593749999994 0.3993263888888889 0.04607812499999993 0.15181944444444445
2 0.60027734375 0.32997916666666666 0.040335937499999995 0.1532638888888889
1 0.62851171875 0.5024513888888889 0.06310156249999999 0.1327361111111111
