0 0.6430859375000001 0.37710416666666663 0.03307812500000003 0.18273611111111115
0 0.6216250000000001 0.6930277777777778 0.07182812499999995 0.20069444444444445
0 0.7146328125 0.7010625 0.060125000000000026 0.2162916666666667
0 0.687515625 0.6485208333333332 0.057624999999999996 0.17323611111111106
0 0.5890703125 0.4383263888888889 0.048562500000000064 0.184625
2 0.67605859375 0.36085416666666664 0.03972656250000002 0.177375
1 0.5082421874999999 0.40175694444444443 0.03698437500000003 0.16579166666666664
0 0.8127460937500001 0.6267708333333333 0.09139843749999992 0.1802916666666666
0 0.54880859375 0.6852361111111112 0.0736328125 0.18600000000000003
0 0.254296875 0.8795000000000001 0.06606249999999995 0.22924999999999993
0 0.04031640625 0.9455833333333332 0.0806328125 0.10883333333333335
