0 0.3931171875 0.3725763888888889 0.058453125000000036 0.1589861111111111
0 0.53412890625 0.4462499999999999 0.06071093749999994 0.15580555555555556
0 0.439203125 0.53825 0.06217187500000003 0.13369444444444442
0 0.70624609375 0.4631527777777778 0.06691406250000007 0.15755555555555556
0 0.42928515625 0.4585347222222222 0.05953906250000003 0.14859722222222224
0 0.14948828125 0.4347569444444444 0.05733593749999999 0.16798611111111109
0 0.3011875 0.47654861111111113 0.057328124999999994 0.14576388888888886
0 0.8711015625 0.5996388888888889 0.06126562500000006 0.18591666666666667
2 0.95837109375 0.3129722222222222 0.04078906250000003 0.15652777777777777
0 0.9554414062500001 0.42144444444444445 0.06285156250000004 0.14486111111111108
