0 0.74071484375 0.6805625 0.06408593749999998 0.1636805555555555
0 0.54324609375 0.8704791666666667 0.08141406250000002 0.17054166666666662
0 0.53666015625 0.3876111111111112 0.0415078125 0.1608055555555556
0 0.43613671875 0.5149027777777778 0.06647656249999993 0.1721388888888889
0 0.7859609375 0.7577777777777778 0.09396875000000007 0.13691666666666663
0 0.5085 0.39461805555555557 0.04620312500000008 0.17868055555555554
2 0.45567578124999997 0.24031944444444445 0.0318359375 0.16283333333333336
1 0.59034375 0.3765 0.06568749999999994 0.15261111111111111
0 0.29558984375 0.5795555555555555 0.05558593750000003 0.1626666666666666
0 0.30687890625 0.7307222222222223 0.057710937500000004 0.19516666666666665
