0 0.7135351562500001 0.43049305555555556 0.07028906249999993 0.17129166666666668
0 0.69775 0.47194444444444444 0.06134374999999999 0.19324999999999998
0 0.63161328125 0.39313888888888887 0.07127343750000001 0.15844444444444447
0 0.60496875 0.4720416666666667 0.049765625000000036 0.20033333333333334
2 0.41863671875 0.2461458333333333 0.04135156250000005 0.16326388888888888
0 0.7744140625 0.46050694444444445 0.053312499999999916 0.1707916666666667
1 0.51454296875 0.4378194444444445 0.0742265625 0.1487222222222222
0 0.22639453124999998 0.5289930555555555 0.05507031249999998 0.22231944444444451
0 0.44684765624999995 0.8721736111111111 0.08442968750000004 0.2552083333333333
0 0.2135078125 0.6968333333333334 0.060078125 0.2423611111111111
