2 0.7816523437499999 0.2662569444444444 0.03764843749999995 0.15029166666666668
0 0.82430859375 0.5216180555555555 0.052617187499999926 0.15048611111111115
0 0.63394140625 0.5312361111111111 0.05152343749999995 0.13341666666666668
0 0.3331953125 0.3970069444444445 0.051156250000000014 0.15426388888888887
0 0.5790468750000001 0.4975347222222223 0.06423437499999993 0.14620833333333338
0 0.75371875 0.47047916666666667 0.045859375000000036 0.175875
0 0.20073046875 0.4729027777777778 0.05789843750000001 0.1424722222222222
0 0.40005078125000004 0.3140277777777778 0.04930468750000001 0.11744444444444445
0 0.4474453125 0.3619861111111111 0.05457812500000001 0.12791666666666665
1 0.90451171875 0.45179861111111114 0.05067968750000009 0.18106944444444445
