0 0.47124609374999993 0.3262777777777778 0.06325781249999993 0.12411111111111113
0 0.6360390625 0.36561805555555554 0.054703124999999984 0.11423611111111111
0 0.31569531250000005 0.3326388888888889 0.05764062500000002 0.12349999999999998
0 0.609859375 0.8211666666666667 0.07937499999999993 0.196388888888889
0 0.0904453125 0.3907569444444445 0.04651562499999999 0.17381944444444444
0 0.43708203124999995 0.628875 0.07408593750000003 0.15925000000000003
2 0.142875 0.21233333333333332 0.04217187500000001 0.1302222222222222
0 0.58134765625 0.6283958333333334 0.07297656250000006 0.15320833333333334
0 0.52656640625 0.7276944444444445 0.06774218750000002 0.1887777777777777
0 0.9410273437499999 0.8407638888888888 0.07347656249999997 0.23069444444444448
