0 0.2510078125 0.7194930555555556 0.049171875 0.2081527777777778
0 0.433875 0.8181597222222223 0.06675000000000005 0.18376388888888898
0 0.5999453125 0.3735347222222222 0.04384375 0.14712500000000006
0 0.5464179687499999 0.7942916666666666 0.0672734375 0.19094444444444447
0 0.19005468749999999 0.7630625 0.06865624999999997 0.19623611111111106
0 0.651078125 0.39779861111111114 0.05131250000000005 0.13023611111111114
2 0.40549609374999995 0.21930555555555556 0.03277343749999999 0.1280833333333333
1 0.6402734375 0.3566458333333333 0.05926562500000001 0.13279166666666664
0 0.057218750000000006 0.5806527777777778 0.06318750000000001 0.17275
0 0.43583984375 0.8956180555555556 0.07555468750000002 0.15393055555555563
