0 0.76850390625 0.3910486111111111 0.05861718750000007 0.14190277777777777
0 0.72373828125 0.43670833333333337 0.04935156250000006 0.1668611111111111
0 0.65508203125 0.37329861111111107 0.06369531249999998 0.15226388888888884
0 0.62387109375 0.4348888888888889 0.05178906250000006 0.17336111111111105
2 0.4649296875 0.20593749999999997 0.040640624999999986 0.1587361111111111
0 0.8402148437499999 0.43222222222222223 0.05275781249999998 0.15186111111111117
1 0.56373046875 0.3937569444444444 0.06405468750000001 0.15959722222222217
0 0.3244296875 0.5059305555555556 0.058968750000000014 0.16877777777777775
0 0.53798046875 0.8335486111111111 0.0712890625 0.18940277777777778
0 0.39060546875 0.6614166666666667 0.07119531249999995 0.17363888888888895
