2 0.73646875 0.2953888888888889 0.04196874999999993 0.14030555555555557
0 0.7826953125 0.6045069444444444 0.0661093750000001 0.1609027777777778
0 0.566265625 0.6842499999999999 0.06198437500000002 0.19227777777777777
0 0.272515625 0.3884236111111111 0.044500000000000026 0.12776388888888895
0 0.40759375000000003 0.4948958333333334 0.04893749999999999 0.16570833333333335
0 0.74425390625 0.797138888888889 0.06844531250000001 0.21094444444444443
0 0.0848125 0.408875 0.04925 0.14450000000000002
0 0.5804960937500001 0.37727083333333333 0.04419531250000004 0.14209722222222226
0 0.6853515625 0.4485138888888888 0.05160937499999996 0.16083333333333336
1 0.88650390625 0.49220138888888887 0.06391406250000013 0.1672638888888889
