0 0.7259179687499999 0.7683819444444444 0.056367187499999985 0.20279166666666665
0 0.31148046875 0.3396736111111111 0.051976562499999976 0.14943055555555557
0 0.508890625 0.3947361111111112 0.05540625000000006 0.13302777777777783
2 0.7721328125 0.23840972222222223 0.03956249999999999 0.15165277777777778
0 0.78602734375 0.7927361111111111 0.07308593750000006 0.16038888888888891
1 0.92826953125 0.3259166666666667 0.05452343749999997 0.14561111111111108
0 0.26510937500000004 0.8930277777777778 0.05665625000000003 0.14263888888888895
0 0.93803515625 0.7204166666666667 0.060460937500000075 0.1559444444444445
0 0.28868359374999997 0.9293611111111111 0.07635156250000001 0.13777777777777783
0 0.8876992187500001 0.7571666666666667 0.051101562500000065 0.1576388888888888
