0 0.7410703125 0.4040625 0.04165625000000004 0.16484722222222217
0 0.7106562500000001 0.4679652777777778 0.05615625 0.16959722222222223
0 0.63037890625 0.3921111111111111 0.05505468750000002 0.16930555555555551
0 0.6880859375 0.4399722222222222 0.043312500000000045 0.16861111111111116
2 0.4902539062500001 0.25913888888888886 0.03880468749999997 0.15449999999999997
0 0.8176640625000001 0.4563055555555555 0.056375000000000064 0.18127777777777784
1 0.57734765625 0.45684722222222224 0.07013281249999999 0.13280555555555557
0 0.42127734375000003 0.45018749999999996 0.05892968750000005 0.19509722222222223
0 0.59321484375 0.7359930555555555 0.0760703125 0.1903194444444444
0 0.10705859375 0.7073541666666667 0.07355468750000002 0.2192638888888889
