0 0.9846406250000002 0.48531944444444447 0.03071874999999995 0.15447222222222226
0 0.67986328125 0.6869375000000001 0.06886718749999998 0.16712499999999997
0 0.291984375 0.4182152777777778 0.058109375 0.16406944444444443
0 0.3042421875 0.5135069444444444 0.06642187499999999 0.16687500000000005
2 0.5859960937500001 0.24109722222222224 0.041976562500000016 0.14674999999999996
0 0.782375 0.7067708333333333 0.061328125 0.16851388888888888
1 0.7563281249999999 0.3408611111111111 0.06143749999999999 0.14561111111111108
0 0.1907265625 0.8661944444444444 0.074015625 0.20344444444444448
0 0.7632382812499999 0.7683819444444444 0.06177343750000004 0.11854166666666661
0 0.22203515625000003 0.9153749999999999 0.0685078125 0.16925
0 0.73220703125 0.8010555555555555 0.053367187499999955 0.11677777777777767
