0 0.53784765625 0.5902569444444444 0.060898437499999944 0.1662361111111111
0 0.226265625 0.45888888888888885 0.05165625 0.17716666666666667
0 0.30788281250000005 0.6286111111111111 0.0605 0.1844166666666667
0 0.49733203125000003 0.32035416666666666 0.05239843750000004 0.11848611111111111
0 0.5128828125 0.44072222222222224 0.05203124999999993 0.15244444444444444
0 0.6848164062500001 0.4482291666666667 0.059429687500000036 0.16570833333333335
0 0.97510546875 0.6543055555555556 0.04700781250000006 0.1994444444444444
0 0.44415625 0.36711805555555554 0.07076562499999994 0.11740277777777774
2 0.86173046875 0.3884722222222222 0.038101562499999984 0.16636111111111107
1 0.85500390625 0.5231319444444444 0.04513281249999999 0.1805416666666666
