0 0.7236953125 0.6909791666666667 0.05457812500000001 0.16268055555555563
0 0.60516796875 0.8570833333333334 0.06577343750000005 0.14577777777777784
0 0.55564453125 0.3827291666666667 0.04086718749999996 0.1607638888888889
0 0.46840624999999997 0.5271180555555556 0.06287499999999993 0.16576388888888885
0 0.75165234375 0.7666944444444445 0.06550781249999993 0.13691666666666658
0 0.52986328125 0.3919583333333334 0.045914062499999984 0.1733611111111111
2 0.45806249999999993 0.23527083333333335 0.031234374999999925 0.15806944444444446
1 0.6031953125 0.3722569444444444 0.06331249999999997 0.14943055555555557
0 0.29872265625 0.5904513888888889 0.061257812499999974 0.17170833333333332
0 0.34154296875 0.7498402777777777 0.057710937500000004 0.19518055555555552
