0 0.94812890625 0.4187708333333333 0.06005468749999991 0.1228472222222222
0 0.7873203125 0.49954861111111104 0.06428125000000007 0.14418055555555556
0 0.62262109375 0.40676388888888887 0.06841406250000004 0.1375833333333333
0 0.61088671875 0.46768750000000003 0.06307031249999992 0.14515277777777777
2 0.57691015625 0.1980208333333333 0.039664062500000076 0.14262499999999997
0 0.9683203125000001 0.5255 0.06335937499999993 0.15336111111111114
1 0.6909882812499999 0.34768750000000004 0.06085156249999999 0.14868055555555557
0 0.42540625 0.6048125000000001 0.059812499999999956 0.15423611111111113
0 0.692359375 0.8310694444444444 0.05449999999999999 0.12916666666666668
0 0.46873046875 0.7454861111111111 0.06605468749999996 0.20197222222222225
0 0.67462109375 0.8440694444444444 0.06236718749999994 0.13061111111111107
