0 0.7153945312500001 0.4248263888888889 0.0663984375 0.16965277777777774
0 0.694796875 0.4660277777777778 0.06121875000000001 0.19394444444444442
0 0.6304882812500001 0.38735416666666667 0.0653203125 0.1515138888888889
0 0.60315625 0.4671736111111111 0.04996875000000003 0.2014861111111111
2 0.41963671874999997 0.2425277777777778 0.04135156250000001 0.16194444444444445
0 0.77741015625 0.45578472222222216 0.05128906250000007 0.16826388888888894
1 0.5180351562500001 0.4328611111111111 0.07153906250000004 0.15044444444444444
0 0.24230468749999998 0.5220416666666666 0.051796875000000006 0.20913888888888896
0 0.45340234375 0.866875 0.08333593750000005 0.2433888888888889
0 0.2489609375 0.6875972222222221 0.061625 0.22911111111111107
