0 0.3741875 0.7098819444444444 0.048828125 0.19745833333333343
0 0.558125 0.7932638888888889 0.059609374999999964 0.18038888888888896
0 0.655640625 0.34929166666666667 0.04437499999999996 0.13513888888888886
0 0.6558359375 0.7202777777777778 0.07706249999999999 0.1796666666666666
0 0.34304687500000003 0.7465 0.057859375000000005 0.2006666666666667
0 0.6793125 0.37868749999999995 0.04846874999999997 0.13104166666666667
2 0.46123046875 0.20022916666666665 0.03277343750000004 0.13070833333333334
1 0.69784375 0.33653472222222225 0.053609375 0.1431805555555556
0 0.1495234375 0.5706875 0.055671875000000016 0.171875
0 0.478703125 0.8713333333333334 0.0751875 0.15275000000000002
0 0.04376171875 0.8608958333333334 0.06478906250000001 0.22854166666666662
