0 0.1850390625 0.8831527777777778 0.0714375 0.22316666666666676
0 0.01901953125 0.5743888888888888 0.0380390625 0.13672222222222222
2 0.7767890625 0.18266666666666664 0.039406249999999955 0.1325
0 0.40659375000000003 0.4619027777777778 0.06467187500000002 0.16038888888888891
1 0.7971718749999999 0.3302777777777778 0.06476562499999998 0.1487777777777778
0 0.32209374999999996 0.5824722222222222 0.07562500000000001 0.14591666666666667
0 0.4936328125 0.5432361111111111 0.05521875000000005 0.14341666666666666
0 0.81298828125 0.25770138888888894 0.04928906250000002 0.07454166666666664
0 0.6451015625000001 0.8008888888888889 0.05724999999999998 0.12869444444444456
0 0.621578125 0.8026041666666667 0.051999999999999956 0.1479583333333333
0 0.04831640625 0.7555069444444444 0.08447656249999999 0.20776388888888886
0 0.93176953125 0.6564722222222221 0.05875781250000003 0.16355555555555554
