0 0.39880468750000003 0.31107638888888894 0.046578124999999956 0.12937500000000002
0 0.40282421875 0.3896736111111111 0.050273437499999976 0.12162500000000002
0 0.91321484375 0.8005625 0.07300781250000003 0.2280138888888889
0 0.876953125 0.38725 0.04959375000000001 0.11102777777777781
0 0.8124765625 0.37918749999999996 0.0596562500000001 0.14473611111111112
0 0.16564062499999999 0.4757152777777778 0.063390625 0.14284722222222226
0 0.8118671875000001 0.6393958333333334 0.08001562500000006 0.16079166666666664
0 0.9675 0.4743888888888889 0.06135937499999997 0.12580555555555561
2 0.18996484374999997 0.6977430555555556 0.0712734375 0.20259722222222215
1 0.03495703125 0.48047222222222224 0.06253906249999999 0.14805555555555558
