0 0.17196093750000002 0.8881597222222223 0.0735625 0.22018055555555552
0 0.0171796875 0.5818263888888888 0.034359375 0.13673611111111109
2 0.7746015625 0.18358333333333335 0.039406250000000045 0.13249999999999998
0 0.39662890624999997 0.4670347222222222 0.06269531249999996 0.163625
1 0.7915429687500001 0.3324444444444445 0.06477343750000006 0.1487777777777778
0 0.30923828124999997 0.5851805555555555 0.0809453125 0.14808333333333334
0 0.49028124999999995 0.5487847222222222 0.057343749999999985 0.14423611111111115
0 0.8109453125 0.2585208333333333 0.048828125 0.07454166666666664
0 0.64287109375 0.800298611111111 0.05777343750000004 0.12976388888888882
0 0.62001953125 0.8023680555555555 0.051773437499999984 0.14815277777777772
0 0.05120703125 0.7596944444444444 0.0872109375 0.2101944444444444
0 0.9247695312499999 0.6572777777777777 0.05875781250000003 0.16355555555555554
