0 0.39751171875 0.31243055555555554 0.046585937499999994 0.13019444444444442
0 0.40320703125 0.3908888888888889 0.051335937500000026 0.12272222222222225
0 0.9094492187500001 0.7975902777777778 0.0743046875000001 0.2269305555555556
0 0.8763476562499999 0.3882569444444445 0.0501953125 0.1117083333333333
0 0.8105039062500001 0.3820902777777778 0.06011718750000004 0.14379166666666668
0 0.16335546875 0.47598611111111117 0.06339843749999999 0.1428333333333333
0 0.809015625 0.6370416666666666 0.07993750000000004 0.15930555555555553
0 0.9663984375 0.4770902777777778 0.06265624999999986 0.12715277777777773
2 0.18673437499999998 0.6967986111111111 0.07089062499999998 0.20151388888888894
1 0.0309375 0.4828472222222222 0.061875 0.15041666666666667
