0 0.58915234375 0.6074444444444445 0.06096093749999998 0.16199999999999998
0 0.34386328125 0.48575 0.0462421875 0.1783333333333333
0 0.38806640625 0.5924444444444444 0.05196093749999999 0.17158333333333328
0 0.46263671874999995 0.3220972222222222 0.04703906249999994 0.13497222222222224
0 0.3762734375 0.5346527777777779 0.045500000000000006 0.1618888888888889
0 0.46538671874999993 0.4046875 0.03872656250000004 0.15259722222222222
0 0.018437500000000002 0.818298611111111 0.036875000000000005 0.25006944444444457
0 0.4906328125 0.8548402777777778 0.05515624999999993 0.1979027777777778
0 0.5497500000000001 0.3587291666666667 0.04865625000000007 0.13979166666666668
2 0.66952734375 0.2883333333333334 0.03889843749999997 0.14983333333333337
1 0.71841015625 0.4564236111111111 0.06544531250000007 0.11448611111111104
