0 0.35642968750000004 0.2900138888888889 0.04520312500000001 0.1251111111111111
0 0.33709765625 0.3884513888888889 0.0544921875 0.124875
0 0.9396484375 0.8574861111111113 0.09560937500000008 0.22341666666666668
0 0.81768359375 0.35472916666666665 0.048789062499999945 0.11873611111111108
0 0.7828593749999999 0.31505555555555553 0.04340624999999996 0.11952777777777777
0 0.1804765625 0.4907916666666667 0.07631250000000003 0.14702777777777779
0 0.75999609375 0.65525 0.08322656249999998 0.17924999999999994
0 0.90465625 0.43625 0.05114062500000003 0.11958333333333329
2 0.1572421875 0.6850069444444444 0.04871874999999999 0.22037499999999993
1 0.10185546875 0.44480555555555557 0.06521093750000001 0.12516666666666668
