0 0.8861992187500001 0.37516666666666665 0.06630468749999992 0.14272222222222222
0 0.79211328125 0.4443194444444444 0.06780468749999997 0.15580555555555556
0 0.6946171874999999 0.37163888888888896 0.066703125 0.15616666666666668
0 0.6808828124999999 0.4422430555555556 0.06642187499999999 0.15468055555555557
2 0.5459921875 0.18841666666666665 0.03967187499999998 0.14752777777777779
0 0.95843359375 0.4591805555555556 0.05813281250000006 0.14997222222222226
1 0.65476953125 0.34126388888888887 0.05974218750000002 0.15452777777777774
0 0.42095312500000004 0.5283819444444444 0.06464062500000005 0.15437499999999996
0 0.65973828125 0.8325972222222222 0.0646484375 0.16391666666666665
0 0.49987890625000003 0.6884652777777778 0.07164843750000002 0.17893055555555562
0 0.51765234375 0.8993819444444445 0.0634765625 0.13845833333333324
