0 0.73994140625 0.5525763888888889 0.05744531249999998 0.15570833333333337
0 0.24339453124999996 0.817263888888889 0.07194531249999998 0.21705555555555558
0 0.38240234375000004 0.39281944444444444 0.06350781250000001 0.1618333333333333
0 0.21632812499999998 0.4029722222222222 0.05882812500000001 0.1451388888888889
0 0.8043164062500001 0.5853680555555556 0.0695390625 0.14137500000000003
0 0.39570703125 0.4498611111111111 0.05050781250000003 0.18277777777777773
2 0.45379296875 0.3000833333333333 0.04035156249999998 0.17241666666666663
1 0.48390625 0.44047916666666664 0.07028125000000003 0.15218055555555554
0 0.1130078125 0.5361597222222222 0.060890625 0.20490277777777782
0 0.0146328125 0.5579861111111111 0.029265625 0.1786388888888889
