2 0.9614804687499999 0.22836111111111113 0.03502343749999994 0.13702777777777778
0 0.96551171875 0.4511875 0.03824218749999986 0.1577361111111111
0 0.7911171874999999 0.48619444444444443 0.06046874999999998 0.1495
0 0.48162890625 0.37220833333333336 0.054054687500000045 0.1460277777777778
0 0.7222734375 0.4625902777777778 0.06907812500000006 0.14240277777777774
0 0.87645703125 0.3828680555555556 0.0534296874999999 0.17104166666666668
0 0.37942968749999995 0.44293749999999993 0.05270312499999998 0.14451388888888891
0 0.5218984375 0.26629166666666665 0.04698437499999999 0.11744444444444445
0 0.5787890625 0.33040277777777777 0.06729687499999999 0.11850000000000004
0 0.2173671875 0.5926111111111111 0.064796875 0.1510833333333333
0 0.074984375 0.8262222222222222 0.06773437500000001 0.1993333333333333
