0 0.63912109375 0.37710416666666663 0.033085937500000016 0.18273611111111115
0 0.643375 0.744625 0.06512500000000002 0.22158333333333327
0 0.6995859375 0.6926180555555556 0.05379687500000001 0.22476388888888896
0 0.727546875 0.65325 0.05287500000000005 0.19655555555555562
0 0.57400390625 0.4517083333333334 0.048554687499999985 0.18602777777777776
2 0.6970703125 0.38548611111111103 0.042109375000000074 0.18152777777777776
1 0.4987109375 0.41163194444444445 0.03695312499999996 0.17145833333333335
0 0.7651992187500001 0.6296180555555555 0.06288281250000001 0.20854166666666663
0 0.58607421875 0.7134027777777777 0.06097656250000005 0.18597222222222226
0 0.2764921875 0.8273611111111112 0.0660625 0.2292500000000001
0 0.028425781249999997 0.9582638888888889 0.056851562499999994 0.08347222222222225
