0 0.74706640625 0.4183125 0.04180468749999999 0.17465277777777777
0 0.6893828125000001 0.46369444444444446 0.03918749999999997 0.1446111111111111
0 0.65234375 0.39645138888888887 0.048140624999999916 0.18115277777777783
0 0.7002382812500001 0.40176388888888886 0.06332031250000006 0.17372222222222225
2 0.47703515625000004 0.26461111111111113 0.04107031249999995 0.16111111111111112
0 0.80508984375 0.4685694444444444 0.07050781250000009 0.1733611111111111
1 0.57098046875 0.4602708333333333 0.07963281250000005 0.127875
0 0.34275 0.4258263888888889 0.051609375 0.18984722222222222
0 0.7049921875 0.706513888888889 0.06467187499999998 0.21775000000000005
0 0.013328125 0.6311527777777777 0.02665625 0.21074999999999994
0 0.06965625 0.9429236111111111 0.086984375 0.11404166666666668
