0 0.6049296875 0.5879027777777778 0.06382812499999994 0.14900000000000005
0 0.36957421875 0.47331249999999997 0.047148437500000015 0.1740138888888889
0 0.41834375 0.5683819444444445 0.05712499999999996 0.15806944444444446
0 0.51284375 0.3065208333333333 0.050562499999999934 0.12759722222222222
0 0.3945234375 0.5224861111111111 0.04125000000000001 0.16350000000000003
0 0.014738281249999999 0.3504861111111111 0.029476562499999998 0.12925
0 0.49088671875 0.3854166666666667 0.03872656250000004 0.15258333333333335
0 0.08501562500000001 0.7686944444444445 0.058421875 0.22488888888888883
0 0.499234375 0.8468958333333333 0.05515625000000002 0.1979027777777778
0 0.6010703125 0.3468263888888889 0.04865624999999998 0.1397916666666667
2 0.70698046875 0.27358333333333335 0.037945312500000036 0.14752777777777779
1 0.76283203125 0.4437013888888889 0.06666406250000004 0.10851388888888888
