0 0.7728515625 0.6319444444444444 0.07664062499999993 0.16541666666666663
0 0.35822265625 0.8623055555555554 0.1035078125 0.19705555555555554
0 0.47541406249999996 0.3921736111111111 0.044906250000000016 0.16081944444444443
0 0.34675 0.47562499999999996 0.07307812500000002 0.14911111111111114
0 0.8280664062499999 0.6873888888888888 0.1018671874999999 0.14952777777777781
0 0.45853125000000006 0.41325694444444444 0.050484375000000005 0.18145833333333333
2 0.4488125 0.26192361111111107 0.037328124999999976 0.16820833333333332
1 0.5426953125 0.39840972222222226 0.06615625000000006 0.1532361111111111
0 0.2449296875 0.5674097222222222 0.05718749999999999 0.18809722222222222
0 0.19574609375000002 0.6649097222222222 0.058914062499999996 0.19501388888888901
