0 0.9404843750000002 0.41274305555555557 0.05946875000000009 0.12412500000000001
0 0.7891210937500001 0.488125 0.0623984375 0.14238888888888887
0 0.63639453125 0.4036875 0.07230468750000005 0.1437361111111111
0 0.6250234375 0.46397222222222223 0.06595312499999997 0.14797222222222217
2 0.5746015625 0.1946875 0.03965624999999999 0.14262500000000003
0 0.9696914062499999 0.5145902777777778 0.06061718749999993 0.15206944444444445
1 0.686796875 0.34640277777777784 0.060562499999999984 0.15022222222222223
0 0.43125 0.5904513888888889 0.060531250000000016 0.1547638888888888
0 0.69084375 0.8324791666666667 0.05753124999999999 0.13198611111111108
0 0.48120703125 0.7357430555555555 0.06735156249999993 0.19734722222222217
0 0.6574570312500001 0.8527986111111111 0.06266406249999994 0.13268055555555552
