0 0.7146132812499999 0.43006249999999996 0.07005468749999996 0.16701388888888885
0 0.69798828125 0.47493055555555563 0.06135156250000007 0.18477777777777782
0 0.63116015625 0.39647222222222217 0.07413281249999999 0.1667777777777778
0 0.60378125 0.47184722222222225 0.04978125000000002 0.1973888888888889
2 0.41605078124999995 0.24463194444444444 0.04135156250000001 0.16554166666666664
0 0.77059765625 0.4596666666666667 0.05522656250000004 0.1708055555555555
1 0.510734375 0.4432361111111111 0.07715625 0.14683333333333337
0 0.20383593749999998 0.5282222222222223 0.061406249999999975 0.22775000000000004
0 0.43866796875 0.8710625 0.08725781250000005 0.25665277777777773
0 0.1726640625 0.7011875000000001 0.06007812499999998 0.24237499999999998
