0 0.353796875 0.34734027777777776 0.0700625 0.14254166666666662
0 0.45572265625 0.3896111111111111 0.058632812500000055 0.12841666666666668
0 0.5141054687500001 0.5637013888888889 0.05694531249999999 0.14981944444444445
0 0.68294140625 0.41555555555555557 0.051695312499999965 0.15672222222222223
0 0.4610546875 0.43044444444444446 0.05954687500000002 0.15380555555555556
0 0.10428125000000002 0.4252083333333333 0.05626562500000001 0.1466111111111111
0 0.39155468749999994 0.4729791666666666 0.04937499999999999 0.151125
0 0.690359375 0.5543194444444445 0.08048437499999998 0.15316666666666662
2 0.8970039062499999 0.329 0.046195312500000085 0.1621388888888889
0 0.9639218750000002 0.40731249999999997 0.05023437499999996 0.17065277777777774
