0 0.65256640625 0.5622847222222223 0.06544531249999999 0.15059722222222224
0 0.427140625 0.449125 0.04832812500000001 0.1506111111111111
0 0.49284765625000004 0.5400555555555555 0.05841406249999999 0.15469444444444444
0 0.6166406249999999 0.29797222222222225 0.05471875000000006 0.12672222222222226
0 0.43673828124999997 0.5053888888888889 0.04019531250000004 0.16391666666666665
0 0.14742578125 0.31048611111111113 0.049507812499999984 0.12924999999999998
0 0.55162109375 0.3718541666666667 0.04710156250000006 0.14215277777777782
0 0.19164453125 0.7043958333333333 0.059710937499999985 0.19445833333333323
0 0.5072109375 0.8282847222222223 0.06965624999999998 0.1979027777777778
0 0.70362109375 0.34674305555555557 0.05239843749999995 0.13895833333333335
2 0.7929140625000001 0.25934722222222223 0.03782812500000006 0.14725000000000002
1 0.8557421875 0.4310208333333333 0.05951562500000005 0.11612500000000002
