2 0.75451953125 0.20299999999999999 0.037945312500000036 0.1309722222222222
0 0.181328125 0.5440902777777777 0.08184375000000002 0.15418055555555554
1 0.7816875 0.34952777777777777 0.06142187499999992 0.15774999999999997
0 0.06152734375 0.5678194444444445 0.0730390625 0.14505555555555555
0 0.45808593750000004 0.6371805555555555 0.05337499999999995 0.15211111111111109
0 0.798484375 0.2563402777777778 0.04859375000000003 0.07454166666666669
0 0.5954765625 0.7937777777777778 0.07346874999999997 0.15633333333333327
0 0.57860546875 0.8093125000000001 0.08861718750000006 0.15206944444444445
0 0.279734375 0.7735972222222223 0.06982812499999999 0.15608333333333324
0 0.8934374999999999 0.6628472222222223 0.053749999999999964 0.17097222222222216
