0 0.8316874999999999 0.30709722222222224 0.04118750000000002 0.1541388888888889
0 0.7797539062500001 0.2589444444444444 0.0392578125 0.15330555555555556
0 0.88012109375 0.4791944444444444 0.050148437500000045 0.16675
2 0.40916796875 0.27303472222222225 0.056117187499999985 0.1249027777777778
0 0.97898828125 0.5638541666666667 0.04202343749999997 0.16509722222222223
0 0.45341015625000003 0.3929652777777778 0.0551796875 0.14431944444444444
0 0.77901171875 0.3673263888888889 0.0395546875 0.15401388888888892
0 0.76890234375 0.3323055555555555 0.04435156250000007 0.1271111111111111
0 0.14639843749999998 0.4352569444444444 0.06187500000000001 0.16820833333333332
0 0.1071015625 0.6379444444444445 0.080328125 0.16155555555555554
