0 0.5713046875 0.6984375 0.06292187499999997 0.1714583333333334
0 0.71580078125 0.7490763888888889 0.05502343750000005 0.13204166666666667
0 0.69933203125 0.33491666666666664 0.026492187499999976 0.15780555555555553
0 0.710125 0.6010624999999999 0.07454687499999997 0.16831944444444444
0 0.57113671875 0.7420208333333334 0.05191406249999995 0.18851388888888893
0 0.6827617187499999 0.3456111111111111 0.04085156250000006 0.15780555555555553
2 0.51588671875 0.17839583333333334 0.032242187499999984 0.14576388888888886
1 0.71381640625 0.32416666666666666 0.04080468749999992 0.15333333333333338
0 0.27426171874999994 0.5830208333333333 0.048867187500000006 0.17956944444444448
0 0.5003359375 0.8434166666666667 0.06674999999999995 0.15272222222222226
0 0.05646093750000001 0.9426527777777778 0.07446875 0.1146944444444445
