0 0.6416484375 0.6215208333333333 0.06829687499999997 0.1852916666666667
0 0.36081250000000004 0.47770138888888886 0.05704687500000003 0.16348611111111117
0 0.38865625000000004 0.6252986111111111 0.05912500000000005 0.18281944444444445
0 0.43725781250000006 0.34734027777777776 0.05514062500000003 0.1235138888888889
0 0.5813515625 0.5078680555555555 0.06268750000000001 0.16031944444444446
0 0.68896484375 0.4839930555555556 0.052054687500000085 0.17276388888888894
0 0.8724804687500001 0.7376666666666667 0.07055468750000013 0.20761111111111114
0 0.49888671875 0.3847291666666667 0.06335156250000003 0.14673611111111107
2 0.8479140624999999 0.3794236111111111 0.037812499999999895 0.16662500000000005
1 0.8419531250000001 0.5408194444444444 0.05192187500000003 0.15825
