0 0.9854101562500001 0.25161805555555555 0.02917968749999993 0.134125
0 0.58542578125 0.21707638888888892 0.03507031249999999 0.13251388888888888
0 0.86676171875 0.9420347222222222 0.06858593749999997 0.11593055555555559
0 0.383953125 0.1881875 0.03937499999999998 0.13106944444444446
0 0.4426796875 0.6458611111111111 0.06159374999999993 0.16608333333333322
2 0.29786718749999996 0.22742361111111112 0.03850000000000002 0.13093055555555555
0 0.36041796875000004 0.39893055555555557 0.05227343750000002 0.11463888888888887
0 0.1054453125 0.4912361111111111 0.04768750000000001 0.18752777777777777
0 0.63009765625 0.23142361111111112 0.04992968749999997 0.10315277777777775
0 0.034796875 0.5741736111111111 0.051765625 0.17131944444444439
