0 0.634203125 0.6321458333333333 0.075390625 0.1697638888888889
0 0.36019531250000003 0.5022430555555556 0.07421875 0.14776388888888886
0 0.37789062500000004 0.6419097222222222 0.06389062500000002 0.16651388888888888
0 0.4008515624999999 0.35456944444444444 0.052437500000000005 0.1395555555555555
0 0.54566015625 0.5394375 0.06994531250000006 0.16098611111111114
0 0.6088164062500001 0.4884513888888889 0.0571328125 0.1600972222222222
0 0.72815625 0.7907152777777778 0.06851562499999994 0.2202361111111112
0 0.47679687499999995 0.40006250000000004 0.06960937500000001 0.15404166666666666
2 0.7544140625 0.3686875 0.039437500000000014 0.16406944444444443
1 0.74857421875 0.5365555555555557 0.054976562500000006 0.1546111111111111
