0 0.9858085937500001 0.49583333333333335 0.028382812499999945 0.15447222222222226
0 0.6724062500000001 0.7076319444444444 0.06907812499999996 0.1689027777777777
0 0.26210546875 0.4182361111111111 0.0581015625 0.16997222222222222
0 0.27808984375 0.5119444444444444 0.07182031250000001 0.16688888888888892
2 0.584671875 0.24324305555555553 0.042984374999999984 0.14856944444444445
0 0.75269140625 0.7178263888888889 0.06024218750000001 0.16623611111111103
1 0.7624257812499999 0.33861111111111114 0.06144531249999998 0.14561111111111116
0 0.14830859375 0.8943055555555556 0.07205468749999999 0.21138888888888896
0 0.7669296875 0.7638611111111111 0.061765625000000046 0.12838888888888897
0 0.196015625 0.9266666666666667 0.068515625 0.1466666666666667
0 0.7346171874999999 0.7982916666666666 0.05165625 0.12008333333333339
