0 0.9494257812499999 0.8006736111111111 0.06500781249999985 0.19962500000000002
0 0.8444882812500001 0.40418055555555554 0.05028906250000009 0.13738888888888892
2 0.340578125 0.9310694444444445 0.05767187500000004 0.1378611111111111
0 0.12536328125 0.5073541666666667 0.059710937500000005 0.1673194444444444
0 0.30222265625 0.3182916666666667 0.04674218749999999 0.11027777777777778
0 0.539546875 0.7699513888888889 0.05285937500000006 0.192125
0 0.2976875 0.4779375 0.05207812500000002 0.15290277777777783
0 0.7232148437499999 0.36043749999999997 0.04928906250000002 0.10595833333333336
2 0.62608984375 0.41465972222222225 0.04497656249999995 0.13123611111111114
0 0.24855078125 0.48856249999999996 0.04875781250000002 0.1472361111111111
0 0.43913671875000004 0.8365555555555555 0.06489843750000004 0.20622222222222208
0 0.41890234375 0.29759027777777775 0.04258593750000004 0.11304166666666669
