0 0.9824492187499999 0.4656041666666667 0.03510156250000005 0.15448611111111113
0 0.6913242187499999 0.6491041666666667 0.06886718749999998 0.16712499999999997
0 0.3498203125 0.4167430555555556 0.058109375 0.15143055555555557
0 0.3577265625 0.5144791666666667 0.05548437499999999 0.16493055555555555
2 0.59200390625 0.23625 0.03980468750000003 0.14288888888888887
0 0.8380429687500002 0.6883472222222222 0.06680468749999999 0.17624999999999988
1 0.744890625 0.3450833333333333 0.06143749999999999 0.1456111111111111
0 0.27230468750000003 0.8119375000000001 0.07892187499999999 0.17445833333333335
0 0.76309375 0.7722708333333335 0.06178124999999994 0.11606944444444452
0 0.27223828125000005 0.8950069444444444 0.0685078125 0.20998611111111118
0 0.7276835937499999 0.80625 0.05658593749999996 0.11055555555555543
