0 0.74659375 0.4046666666666667 0.04089062499999994 0.1721388888888889
0 0.6963437499999999 0.4496527777777778 0.04939062499999993 0.16605555555555548
0 0.66048046875 0.40389583333333334 0.05697656249999996 0.1795138888888889
0 0.6944375 0.4244583333333333 0.05170312500000005 0.17294444444444446
2 0.48979296874999995 0.26336805555555554 0.0396484375 0.15698611111111108
0 0.81785546875 0.4652638888888889 0.06167968749999995 0.17830555555555555
1 0.581421875 0.46070138888888895 0.07015624999999996 0.1287361111111111
0 0.376203125 0.43606249999999996 0.053359375000000056 0.19929166666666664
0 0.676859375 0.7121736111111111 0.060125000000000026 0.2042638888888888
0 0.0516875 0.6473402777777778 0.061640625000000004 0.21076388888888897
0 0.03584765625 0.9358402777777777 0.0716953125 0.12779166666666666
