0 0.139171875 0.7185972222222222 0.06259374999999998 0.1994722222222223
0 0.3028828125 0.8486111111111111 0.06360937499999997 0.22472222222222216
0 0.5592382812500001 0.3885694444444444 0.049179687499999944 0.15480555555555556
0 0.41626953125000005 0.8120972222222222 0.05542968749999995 0.20747222222222222
0 0.04107421875 0.761173611111111 0.0619921875 0.19793055555555547
0 0.64771484375 0.4055416666666667 0.04378906250000005 0.14697222222222217
2 0.352296875 0.23904861111111111 0.03196874999999997 0.14440277777777777
1 0.59659375 0.37743055555555555 0.05196874999999999 0.13847222222222225
0 0.01296484375 0.5691388888888889 0.0259296875 0.17413888888888895
0 0.38946484375 0.9097708333333333 0.07450781250000005 0.1534861111111111
