0 0.38579687499999993 0.37844444444444447 0.06053124999999997 0.15502777777777782
0 0.53349609375 0.44511805555555556 0.07169531249999998 0.12731944444444446
0 0.15173828125000002 0.41029861111111104 0.05597656250000001 0.1324305555555555
0 0.5963046875 0.911236111111111 0.06934375 0.16850000000000007
0 0.3042109375 0.5706597222222223 0.06823437499999999 0.15990277777777778
2 0.03408203125 0.22518749999999998 0.04205468750000001 0.1384027777777778
0 0.51451953125 0.7181458333333333 0.06539843750000003 0.18187499999999998
0 0.4643671875 0.6566041666666667 0.062703125 0.187125
0 0.8976171875000001 0.8585833333333335 0.07459375000000001 0.25294444444444447
2 0.9218359375 0.24535416666666668 0.05345312500000006 0.12498611111111112
