0 0.60574609375 0.5743888888888888 0.08928906249999997 0.1705555555555555
0 0.37603515625000006 0.22837500000000002 0.0576640625 0.10686111111111113
0 0.81917578125 0.6339652777777778 0.06985156249999998 0.17790277777777774
2 0.5490859374999999 0.1664236111111111 0.04659374999999999 0.1562361111111111
0 0.5174218749999999 0.26950694444444445 0.056656249999999984 0.16209722222222223
1 0.61456640625 0.3366805555555556 0.06969531250000002 0.18300000000000002
0 0.7107734375 0.6939930555555556 0.08921874999999994 0.21473611111111113
0 0.26320703125 0.4391597222222222 0.07275781250000005 0.16123611111111116
0 0.65097265625 0.2889583333333334 0.057554687500000055 0.0701111111111111
0 0.21180859375 0.7885486111111111 0.08241406250000001 0.20112499999999991
