0 0.9836171874999999 0.4761180555555556 0.03276562500000004 0.15448611111111113
0 0.6852148437500001 0.6692708333333334 0.06886718749999998 0.16712499999999997
0 0.3189765625 0.4175347222222222 0.058109375 0.15818055555555555
0 0.32919921875 0.5139583333333333 0.06132031250000001 0.16597222222222222
2 0.58880078125 0.23883333333333331 0.04096093749999996 0.14494444444444443
0 0.8083515625000001 0.6981736111111111 0.06389062499999998 0.17212499999999992
1 0.7509882812500001 0.3428333333333333 0.06144531249999998 0.1456111111111111
0 0.228796875 0.8408749999999999 0.07631249999999998 0.18991666666666668
0 0.7626171875000001 0.7705694444444444 0.06178125000000003 0.11608333333333339
0 0.24546484375000005 0.9058680555555556 0.0685078125 0.18826388888888881
0 0.73009765625 0.8034791666666666 0.05486718750000001 0.11387500000000002
