0 0.9048281249999999 0.76575 0.06384375000000002 0.18927777777777782
0 0.7950664062499999 0.40242361111111113 0.050820312500000055 0.13862499999999997
2 0.33019921874999997 0.9355972222222222 0.05947656250000004 0.12880555555555556
0 0.07795703125 0.5219236111111111 0.0603984375 0.17662500000000003
0 0.22856640625 0.3270208333333333 0.048554687499999985 0.11479166666666664
0 0.49624609374999995 0.7605694444444444 0.05721093749999993 0.18886111111111115
0 0.26076953124999996 0.4821388888888889 0.058992187500000036 0.1483611111111111
0 0.66028515625 0.36463194444444447 0.044929687499999996 0.11045833333333334
2 0.5472109375 0.41313888888888883 0.05285937499999997 0.13208333333333333
0 0.20579687500000002 0.49890277777777775 0.0556875 0.14722222222222223
0 0.40967578125 0.8097222222222222 0.06417968750000003 0.19780555555555557
0 0.36487890624999997 0.3047152777777778 0.04222656250000001 0.11306944444444447
