0 0.7717265624999999 0.6463402777777778 0.07620312499999997 0.16748611111111109
0 0.39962890624999997 0.867736111111111 0.1029296875 0.1911944444444444
0 0.4933203125 0.3910138888888888 0.041640625000000056 0.1608055555555556
0 0.3720703125 0.4869791666666667 0.07331249999999997 0.15398611111111113
0 0.82350390625 0.706875 0.10374218749999997 0.14777777777777776
0 0.47251562499999994 0.40785416666666663 0.049703125 0.18101388888888886
2 0.45110937500000003 0.25649305555555557 0.03604687499999999 0.1674027777777778
1 0.55573046875 0.3918958333333333 0.06616406249999995 0.1532361111111111
0 0.259859375 0.5713055555555556 0.05514062500000003 0.18269444444444446
0 0.22699609375000002 0.6820486111111111 0.057710937500000004 0.1951805555555556
