0 0.8428515624999999 0.7187916666666666 0.0627968749999999 0.17997222222222228
0 0.7532265625 0.39988194444444447 0.06464062500000001 0.1404305555555556
2 0.97279296875 0.24359027777777775 0.023289062499999957 0.13170833333333334
2 0.3312421875 0.9371944444444444 0.06985937500000002 0.12561111111111117
0 0.027468749999999997 0.5461111111111111 0.05493749999999999 0.1841666666666667
0 0.14232031250000002 0.3432708333333333 0.048562499999999995 0.11993055555555555
0 0.44523046875 0.7417569444444445 0.056710937500000023 0.18593055555555557
0 0.22083203124999998 0.4915625 0.07057031249999998 0.13487500000000002
0 0.56710546875 0.3639861111111111 0.041007812500000004 0.11452777777777778
2 0.45990625000000007 0.4147291666666667 0.04021874999999993 0.13587499999999997
0 0.1635234375 0.5180972222222222 0.061546875 0.16325000000000003
0 0.37803515625 0.7701111111111112 0.07377343750000001 0.17575000000000002
0 0.28923046875 0.3264861111111111 0.04289843750000002 0.1141666666666667
