0 0.64705078125 0.7074791666666667 0.05172656250000003 0.15640277777777786
0 0.68190625 0.8028749999999999 0.05525000000000002 0.10341666666666656
0 0.60881640625 0.36836111111111114 0.03908593749999998 0.15925000000000003
0 0.563953125 0.5596666666666666 0.05795312500000005 0.1637222222222222
0 0.655171875 0.7626597222222222 0.05528124999999999 0.17106944444444455
0 0.5887265625 0.37952777777777774 0.04543749999999998 0.16486111111111112
2 0.46900390625000005 0.21973611111111113 0.0302734375 0.15044444444444446
1 0.6390390625 0.36176388888888894 0.05575000000000001 0.14883333333333337
0 0.2934765625 0.6040138888888889 0.06473437499999997 0.18444444444444447
0 0.4350703125 0.8094375000000001 0.06189062500000002 0.18623611111111116
