0 0.98288671875 0.46954861111111107 0.03422656249999996 0.15448611111111113
0 0.6890351562499999 0.6566597222222222 0.06886718749999998 0.16712500000000005
0 0.33825781250000003 0.4170486111111111 0.05810937500000004 0.15395833333333334
0 0.34703125 0.5142847222222222 0.057671875 0.1653194444444445
2 0.5908046875 0.23722222222222225 0.040234375 0.1436666666666667
0 0.82691015625 0.6920347222222222 0.06571093750000001 0.17470833333333327
1 0.7471796875000001 0.3442361111111111 0.06143749999999999 0.14561111111111108
0 0.25598828124999995 0.8227847222222222 0.07794531250000003 0.18026388888888883
0 0.7629140624999999 0.7716388888888888 0.06178125000000003 0.11608333333333339
0 0.2621953125 0.8990833333333332 0.068515625 0.2018333333333334
0 0.72858984375 0.8052152777777778 0.05594531250000001 0.11179166666666668
