2 0.7499570312499999 0.19808333333333333 0.03517968750000007 0.131
0 0.2177265625 0.531173611111111 0.06728125 0.14440277777777782
1 0.7725859375 0.34785416666666663 0.061421875 0.15773611111111113
0 0.0979296875 0.5740833333333334 0.06351562499999999 0.14686111111111105
0 0.4525390625 0.6174513888888888 0.05337499999999995 0.15212499999999995
0 0.7922109374999999 0.25800694444444444 0.04859375000000012 0.07454166666666664
0 0.6020078124999999 0.7937777777777778 0.07346875000000005 0.15633333333333327
0 0.5806093750000001 0.8017152777777776 0.08057812499999999 0.15293055555555557
0 0.219234375 0.7695625 0.06432812500000003 0.16765277777777782
0 0.8886796875 0.6628472222222223 0.053750000000000145 0.17097222222222216
