0 0.05314453125 0.9148819444444444 0.0696953125 0.17023611111111117
2 0.7527109375000001 0.19168055555555555 0.039406250000000045 0.1325
0 0.28927734374999997 0.4991388888888889 0.07571093750000002 0.1467222222222222
1 0.7636289062499999 0.3437291666666667 0.061898437499999924 0.15645833333333334
0 0.17013281249999998 0.5940416666666667 0.058328124999999995 0.16672222222222224
0 0.4538203125 0.5764097222222222 0.05767187499999995 0.12804166666666666
0 0.78696875 0.2602152777777778 0.04859375000000003 0.07454166666666664
0 0.62167578125 0.7946388888888889 0.06271093749999998 0.13980555555555568
0 0.60039453125 0.8001736111111111 0.059226562499999955 0.15004166666666663
0 0.12542578125 0.7700902777777776 0.07355468750000001 0.20506944444444442
0 0.8886406250000001 0.6608541666666666 0.05660937500000003 0.17243055555555553
