0 0.455234375 0.7043402777777777 0.04543749999999998 0.19498611111111117
0 0.6293007812500001 0.7692986111111111 0.0571328125 0.16020833333333337
0 0.68599609375 0.33006250000000004 0.043320312499999944 0.1320138888888889
0 0.7075703125 0.6611527777777778 0.06517187499999996 0.1831388888888889
0 0.43359765625 0.7283055555555555 0.05502343750000005 0.19244444444444436
0 0.701671875 0.3604027777777778 0.04350000000000005 0.14494444444444446
2 0.48864453125 0.18821527777777775 0.03277343750000004 0.13529166666666667
1 0.7329765625 0.32359722222222226 0.04473437499999999 0.14886111111111108
0 0.20936328125 0.5574375 0.05355468749999999 0.17568055555555556
0 0.50159375 0.8599861111111112 0.07056250000000004 0.14900000000000013
0 0.07042578125 0.8790277777777777 0.0783515625 0.22008333333333338
