0 0.7228828125 0.42319444444444443 0.060562499999999984 0.15883333333333333
0 0.70128125 0.4735972222222222 0.06135937499999997 0.16852777777777783
0 0.62087890625 0.39647222222222217 0.05357031249999995 0.1667777777777778
0 0.60432421875 0.46040277777777777 0.049789062500000016 0.19172222222222218
2 0.41451171875000004 0.24254166666666666 0.04135156249999996 0.16866666666666666
0 0.76609765625 0.45805555555555555 0.05327343750000004 0.17083333333333334
1 0.51102734375 0.4529930555555555 0.07750781250000002 0.1383194444444444
0 0.13061328125 0.48927777777777776 0.0652734375 0.21038888888888885
0 0.45848046875000004 0.8598750000000001 0.09616406250000002 0.2621944444444444
0 0.03234375 0.7164583333333334 0.060078124999999996 0.2423611111111111
