0 0.44583984374999996 0.7334930555555556 0.08555468749999999 0.1710972222222223
0 0.16478515625 0.3524305555555556 0.05767968750000001 0.14111111111111113
2 0.7924765624999999 0.16370833333333334 0.039406249999999955 0.13249999999999998
0 0.5402851562500001 0.34908333333333336 0.04947656250000003 0.15044444444444444
1 0.80825390625 0.30552083333333335 0.06588281250000003 0.15526388888888887
0 0.609328125 0.6145 0.07192187500000005 0.1614722222222222
0 0.44319921875000007 0.4790555555555555 0.06511718750000002 0.14158333333333334
0 0.8433789062500001 0.2574513888888889 0.05697656250000005 0.07454166666666664
0 0.5418984375 0.8565 0.05623437500000002 0.13997222222222233
0 0.013242187499999999 0.5788472222222222 0.026484374999999998 0.1638333333333333
0 0.5194492187499999 0.8754097222222221 0.06772656250000005 0.14581944444444445
