0 0.8486718750000002 0.37864583333333335 0.06628124999999993 0.13870833333333335
0 0.776140625 0.4344513888888889 0.05549999999999997 0.15626388888888887
0 0.69328125 0.375 0.07143750000000004 0.15636111111111112
0 0.667390625 0.4356458333333333 0.06070312500000004 0.15376388888888887
2 0.529375 0.1907222222222222 0.039687499999999966 0.15119444444444444
0 0.9256875000000001 0.4471527777777778 0.059843750000000105 0.14916666666666664
1 0.63097265625 0.35153472222222226 0.05974218750000002 0.15451388888888892
0 0.40095703125000004 0.512 0.06617968750000003 0.15300000000000002
0 0.629671875 0.8326527777777778 0.06362500000000004 0.1819166666666667
0 0.48766796874999996 0.6734722222222222 0.0721640625 0.1747777777777778
0 0.44884375 0.9159930555555555 0.063484375 0.1384583333333334
