0 0.79483203125 0.38581249999999995 0.06291406250000006 0.13809722222222223
0 0.7452265625 0.4305069444444445 0.046656250000000024 0.1611527777777778
0 0.67590625 0.3759305555555556 0.070421875 0.15466666666666667
0 0.64160546875 0.43202083333333335 0.05394531249999997 0.16187499999999996
2 0.492875 0.19852777777777778 0.04010937499999993 0.15633333333333332
0 0.871921875 0.43461111111111106 0.057609375000000004 0.1499444444444444
1 0.58965625 0.37513888888888886 0.061625 0.15674999999999997
0 0.3574765625 0.5011527777777778 0.06379687499999998 0.1592222222222222
0 0.5745234375 0.833076388888889 0.06645312499999996 0.1942083333333334
0 0.4391015625 0.660701388888889 0.07199999999999998 0.17220833333333344
