0 0.6438242187500001 0.506 0.07263281250000002 0.15052777777777776
0 0.5147304687500001 0.22270138888888888 0.0551796875 0.13070833333333334
0 0.6951953125 0.6053472222222223 0.06268750000000001 0.1714722222222222
2 0.4893515625 0.13891666666666666 0.039796875000000044 0.13355555555555554
0 0.5339609375000001 0.24833333333333332 0.04935937499999996 0.18636111111111112
1 0.612609375 0.3329861111111111 0.07307812499999997 0.18569444444444447
0 0.6938789062499999 0.6614027777777778 0.08530468749999995 0.1668611111111111
0 0.25486718750000004 0.44252083333333336 0.077046875 0.17279166666666662
0 0.6543203125 0.2719930555555556 0.06193749999999998 0.09104166666666669
0 0.07769921875000001 0.8225902777777777 0.07197656250000001 0.23131944444444438
