0 0.89716015625 0.38206944444444446 0.06349218749999999 0.13772222222222225
0 0.792796875 0.44827083333333334 0.0642500000000001 0.14965277777777777
0 0.6880625 0.37945138888888885 0.07220312499999997 0.1577638888888889
0 0.67545703125 0.4460208333333333 0.06896093749999999 0.15509722222222225
2 0.55337109375 0.18740277777777778 0.039664062500000076 0.14588888888888887
0 0.9634648437500001 0.4674722222222222 0.056398437499999864 0.14947222222222223
1 0.6615390624999999 0.34177777777777774 0.05973437500000003 0.15452777777777776
0 0.42983984374999995 0.5356666666666666 0.06394531250000002 0.15500000000000003
0 0.6731015625 0.8325694444444445 0.06510937500000002 0.15591666666666665
0 0.5053046875 0.6951388888888889 0.07142187499999997 0.18077777777777781
0 0.548234375 0.8919930555555555 0.063484375 0.1384583333333334
