0 0.7223437500000001 0.4237152777777778 0.06134374999999999 0.15881944444444443
0 0.70103125 0.47420833333333334 0.06135937500000006 0.16852777777777783
0 0.62100390625 0.39647222222222217 0.05382031249999999 0.1667777777777778
0 0.604078125 0.4613611111111111 0.049796875000000004 0.19172222222222218
2 0.41401171875 0.2423819444444444 0.04135156249999996 0.1689027777777778
0 0.7658554687500001 0.45805555555555555 0.05375781250000004 0.17083333333333334
1 0.51000390625 0.4533125 0.0782265625 0.13879166666666667
0 0.13104296875000002 0.4911736111111111 0.0648515625 0.2105138888888889
0 0.45416796875000004 0.8609305555555555 0.09449218749999995 0.2619444444444443
0 0.036953124999999996 0.7162083333333332 0.060078125 0.24236111111111103
