0 0.9618906249999999 0.42962500000000003 0.06109375000000004 0.12052777777777782
0 0.7840781250000001 0.5200833333333333 0.06765625000000001 0.14741666666666664
0 0.5978242187499999 0.4123055555555556 0.06141406250000001 0.12649999999999997
0 0.58543359375 0.474375 0.05786718749999995 0.1400555555555556
2 0.5810625 0.20402083333333335 0.03965624999999999 0.14262500000000003
0 0.9658554687500001 0.545125 0.06828906250000007 0.15569444444444447
1 0.69851953125 0.34999305555555554 0.06138281249999995 0.1459305555555555
0 0.4148828125 0.6306666666666666 0.058499999999999996 0.15330555555555556
0 0.6950859375 0.8285277777777778 0.049046874999999976 0.12408333333333338
0 0.4462617187499999 0.7630208333333334 0.06372656250000004 0.21026388888888894
0 0.70551953125 0.8283611111111112 0.06183593749999998 0.12691666666666665
