0 0.46870703125 0.7255555555555555 0.08555468749999999 0.1711111111111111
0 0.18709765625 0.34152083333333333 0.057679687499999986 0.14112499999999997
2 0.7969375 0.15875 0.039406249999999955 0.1325
0 0.55312109375 0.3461111111111111 0.05172656250000003 0.15638888888888888
1 0.80966015625 0.30602777777777784 0.06307031250000002 0.1562777777777778
0 0.6341523437500001 0.6154861111111111 0.08028906249999998 0.16541666666666663
0 0.4443164062499999 0.46815277777777786 0.06511718750000002 0.14158333333333334
0 0.8517460937500001 0.2574513888888889 0.05697656250000005 0.07454166666666664
0 0.52375390625 0.8644305555555556 0.06011718750000004 0.1399722222222222
0 0.02300390625 0.5773541666666667 0.0460078125 0.16381944444444443
0 0.5015976562500001 0.8764027777777778 0.06772656249999995 0.14583333333333334
