2 0.6683749999999999 0.32436805555555553 0.046656250000000024 0.13915277777777776
0 0.7691679687499999 0.6156319444444445 0.07347656249999997 0.14734722222222227
0 0.5089765625 0.6666180555555556 0.06671875000000008 0.18920833333333337
0 0.23932812500000003 0.4202916666666667 0.046406250000000024 0.15269444444444444
0 0.39746875 0.5083194444444444 0.04439062499999995 0.15002777777777776
0 0.7673828125 0.7312847222222222 0.07639062500000007 0.18106944444444453
0 0.031734374999999995 0.46314583333333337 0.0475 0.14448611111111115
0 0.44337109375000006 0.4022291666666667 0.05339843750000002 0.13556944444444446
0 0.540765625 0.43789583333333326 0.046265624999999935 0.15951388888888884
1 0.8271875 0.526875 0.06548437500000004 0.14788888888888885
