0 0.7715703125 0.6621736111111111 0.05871875000000006 0.18387500000000007
0 0.75608984375 0.4078333333333333 0.040257812499999976 0.14577777777777778
2 0.90010546875 0.23136805555555556 0.026773437499999986 0.13090277777777778
2 0.45776953125 0.9313680555555556 0.07374218749999999 0.13726388888888894
0 0.030671875000000005 0.5905069444444445 0.05178125 0.20226388888888888
0 0.14259765625 0.3857361111111111 0.038382812499999995 0.1315555555555555
0 0.39544921875 0.6604791666666666 0.04439843750000003 0.15231944444444448
0 0.27134375 0.5259861111111112 0.04431250000000002 0.12944444444444442
0 0.41996484375 0.36829166666666663 0.04100781249999996 0.11452777777777776
2 0.40671484375 0.4463819444444444 0.03727343750000003 0.15034722222222222
0 0.25684375 0.5446666666666666 0.04787499999999998 0.16749999999999995
0 0.40846093749999995 0.7088194444444444 0.05093749999999995 0.17863888888888882
0 0.30396875 0.3852777777777777 0.04867187500000001 0.13386111111111107
