2 0.7935546875 0.2818611111111111 0.04196874999999993 0.14030555555555552
0 0.7982812499999999 0.5988541666666666 0.059687499999999984 0.16590277777777776
0 0.5980624999999999 0.6919791666666667 0.05864062499999996 0.1970416666666666
0 0.30033203124999996 0.38184027777777774 0.04752343749999999 0.12476388888888887
0 0.42419531250000003 0.48833333333333334 0.05093750000000004 0.16866666666666666
0 0.72283203125 0.8218194444444445 0.0811640625 0.20555555555555555
0 0.126515625 0.38645833333333335 0.05067187500000001 0.1445
0 0.67241015625 0.36328472222222224 0.04347656249999998 0.14406944444444447
0 0.77451171875 0.44902083333333326 0.05938281250000008 0.15443055555555554
1 0.9344296875000001 0.4792083333333333 0.05646874999999998 0.1725
