0 0.7381328125 0.4277291666666667 0.05260937500000003 0.15834722222222225
0 0.7369609374999999 0.5608194444444444 0.059499999999999977 0.18741666666666668
0 0.51748828125 0.3875763888888889 0.05103906249999994 0.13609722222222223
0 0.6863046875000001 0.47213194444444445 0.06293749999999995 0.16540277777777782
2 0.43824609374999995 0.2530833333333333 0.043242187500000015 0.15558333333333332
0 0.7987421875 0.44893055555555555 0.05668750000000004 0.17722222222222217
1 0.544734375 0.452375 0.07151562499999997 0.13375
0 0.39033203125 0.4555486111111111 0.05396093749999999 0.18945833333333328
0 0.52703515625 0.8578541666666666 0.07357031250000005 0.24090277777777785
0 0.13949609375 0.8466458333333334 0.0816640625 0.2202361111111112
