0 0.76271484375 0.7670416666666666 0.05546093750000001 0.20327777777777786
0 0.356609375 0.3266597222222222 0.05225 0.146125
0 0.5842265624999999 0.3777013888888889 0.05060937500000007 0.13209722222222225
2 0.833359375 0.23818055555555556 0.037968749999999926 0.15308333333333332
0 0.8316796875 0.7964097222222222 0.05539062500000007 0.14856944444444448
1 0.98325 0.32495833333333335 0.033500000000000085 0.14561111111111108
0 0.31637109375000005 0.872951388888889 0.05777343749999999 0.14290277777777777
0 0.9797812499999999 0.7124930555555555 0.040437499999999994 0.1622083333333333
0 0.33878125 0.9225277777777778 0.071390625 0.15294444444444444
0 0.93796484375 0.7552361111111111 0.0475703124999999 0.15763888888888888
