0 0.7626523437499999 0.39221527777777776 0.05766406250000004 0.1427638888888889
0 0.7189609375 0.4380902777777778 0.04995312500000004 0.16812499999999997
0 0.650453125 0.37270833333333336 0.062203125000000005 0.15172222222222229
0 0.6199296875 0.43552777777777785 0.05131250000000005 0.1759166666666667
2 0.45872265624999997 0.20758333333333334 0.04075781249999997 0.1592777777777778
0 0.833171875 0.43169444444444444 0.051687499999999886 0.15227777777777776
1 0.55796875 0.39789583333333334 0.06459374999999996 0.16020833333333337
0 0.31708984375 0.5069930555555555 0.05789843750000001 0.1709027777777778
0 0.529859375 0.8336527777777778 0.072359375 0.18836111111111112
0 0.3798359375 0.6615763888888889 0.07101562499999999 0.1739583333333334
