0 0.73855859375 0.4215694444444445 0.049585937500000024 0.15975
0 0.725875 0.5340833333333334 0.05859375 0.18158333333333335
0 0.5483945312499999 0.38275000000000003 0.049945312499999964 0.14486111111111113
0 0.683828125 0.45384027777777775 0.06121875000000001 0.1630138888888889
2 0.45566015625 0.2513611111111111 0.041976562500000016 0.15527777777777776
0 0.8035273437499999 0.4504791666666667 0.056601562500000036 0.178375
1 0.55330859375 0.4533472222222222 0.07152343749999997 0.13375
0 0.40184765625 0.45234722222222223 0.053210937499999965 0.19461111111111112
0 0.5476015625 0.823763888888889 0.07198437499999999 0.2315555555555556
0 0.14130078125 0.8069097222222222 0.0834140625 0.22318055555555563
