0 0.89590625 0.758763888888889 0.06360937500000005 0.18722222222222223
0 0.7851796875 0.40206250000000004 0.050921874999999873 0.13887500000000003
2 0.32812890625 0.9365069444444446 0.059835937500000026 0.12698611111111105
0 0.06847265625 0.5248333333333334 0.060539062500000004 0.17847222222222223
0 0.21383203125 0.3287638888888889 0.04891406249999999 0.11569444444444446
0 0.4875859375 0.7586875 0.05807812499999994 0.1882083333333333
0 0.25338671875 0.4829791666666667 0.060382812500000015 0.14745833333333327
0 0.6477031249999999 0.3654722222222222 0.044062499999999984 0.11136111111111112
2 0.53143359375 0.41284027777777776 0.05442968750000006 0.1322638888888889
0 0.19724609375 0.5009722222222222 0.05707031250000001 0.14722222222222223
0 0.40378125000000004 0.8043541666666667 0.06403125000000003 0.19612500000000005
0 0.354078125 0.3061388888888889 0.042156249999999985 0.11308333333333331
