0 0.9266640625000001 0.4059861111111111 0.06315624999999994 0.1239722222222222
2 0.3573984375 0.9290624999999999 0.056453125000000035 0.14187499999999997
0 0.22096484375000003 0.46479166666666666 0.04749218750000002 0.13949999999999999
0 0.43994921875 0.30315277777777777 0.04182031249999998 0.10691666666666665
0 0.6092421874999999 0.7731875 0.04520312500000001 0.1979305555555556
0 0.37608984375 0.4588611111111111 0.03805468749999998 0.14805555555555558
0 0.81596875 0.3482152777777777 0.05103124999999995 0.10415277777777775
2 0.756421875 0.41668055555555555 0.04542187499999999 0.13413888888888892
0 0.32742578125 0.46693750000000006 0.059476562499999996 0.14662499999999998
0 0.46536718750000006 0.8553055555555557 0.057890625000000015 0.20972222222222223
0 0.51123828125 0.29584027777777777 0.04766406249999999 0.09845833333333331
