0 0.6415429687499999 0.37710416666666663 0.033085937500000016 0.18273611111111115
0 0.63417578125 0.7118819444444444 0.06974218749999998 0.20720833333333333
0 0.70878125 0.6977777777777778 0.057656249999999964 0.21958333333333335
0 0.70194921875 0.6506805555555556 0.05228906250000005 0.17916666666666667
0 0.5832109375 0.44353472222222223 0.048562500000000064 0.18518055555555554
2 0.68423046875 0.3704375 0.040648437500000065 0.17898611111111107
1 0.50453515625 0.40559722222222216 0.03697656250000003 0.16799999999999998
0 0.79425390625 0.627875 0.08030468749999997 0.19127777777777774
0 0.5633007812499999 0.6961875 0.06871093750000004 0.18598611111111116
0 0.26292968749999995 0.8592291666666666 0.0660625 0.22923611111111106
0 0.03569140625 0.9505138888888889 0.0713828125 0.09897222222222221
