0 0.72284765625 0.40704861111111107 0.05430468749999999 0.15729166666666666
0 0.6863554687500001 0.45347916666666666 0.06085156249999999 0.18120833333333336
0 0.6287578125 0.3777638888888889 0.05954687499999993 0.15016666666666667
0 0.59562890625 0.4521944444444444 0.0505859375 0.19977777777777778
2 0.41808984374999997 0.22901388888888888 0.04135156250000001 0.16194444444444445
0 0.77971484375 0.4401458333333333 0.04857031249999988 0.16070833333333331
1 0.52184375 0.4274444444444444 0.06860937500000004 0.15233333333333338
0 0.25477343750000003 0.5156736111111111 0.052203124999999996 0.19406944444444438
0 0.45873828124999994 0.8490416666666666 0.08500781250000004 0.21047222222222234
0 0.28384375000000006 0.6675208333333333 0.066265625 0.18937499999999996
