0 0.8300546874999999 0.22706249999999997 0.035734375000000006 0.11179166666666666
0 0.91899609375 0.4228472222222222 0.06227343750000003 0.1301666666666667
0 0.9223125 0.2701736111111111 0.045265625000000045 0.12879166666666667
2 0.9907031249999999 0.1468472222222222 0.018593749999999964 0.1146388888888889
0 0.39393359375000003 0.21259722222222222 0.039742187499999956 0.14216666666666666
0 0.598046875 0.9120208333333333 0.060812499999999936 0.15481944444444448
0 0.10731249999999999 0.2028333333333333 0.032265625 0.1285277777777778
0 0.06484765625 0.7917013888888889 0.08103906250000001 0.17779166666666665
2 0.0553359375 0.2429097222222222 0.05378125 0.13226388888888888
0 0.0477265625 0.3310902777777778 0.049890625 0.09670833333333333
