0 0.63912109375 0.3902569444444445 0.033085937500000016 0.1827361111111111
0 0.6396796874999999 0.7822083333333334 0.06512500000000002 0.22158333333333335
0 0.6927031250000001 0.7006249999999999 0.054828124999999964 0.23138888888888892
0 0.748171875 0.6814305555555555 0.057125 0.21722222222222226
0 0.5710859375 0.47095833333333337 0.04906249999999997 0.1982222222222222
2 0.7137109374999999 0.4024027777777778 0.055312500000000056 0.18155555555555553
1 0.4905156249999999 0.4214930555555556 0.041703124999999994 0.176125
0 0.7340117187499999 0.6359791666666667 0.06288281250000001 0.2085416666666667
0 0.6016640625 0.7416041666666667 0.05515624999999993 0.19729166666666667
0 0.29016015624999997 0.8106805555555556 0.06717968749999996 0.22925
