0 0.73632421875 0.39745833333333336 0.053367187499999955 0.14655555555555558
0 0.6974726562500001 0.44429166666666664 0.05264843749999999 0.17386111111111113
0 0.6296328125 0.3700763888888889 0.05548437500000007 0.14931944444444442
0 0.60219921875 0.43840277777777775 0.04916406249999996 0.1873888888888889
2 0.43077734375 0.2149930555555556 0.041289062500000015 0.16168055555555555
0 0.8014609374999999 0.4293055555555556 0.04684374999999994 0.15419444444444447
1 0.532046875 0.4165208333333333 0.06701562499999998 0.1630694444444445
0 0.28404296875 0.5117708333333334 0.05307031250000001 0.18045833333333333
0 0.49331250000000004 0.8341249999999999 0.07718750000000005 0.1835555555555555
0 0.33133984375000003 0.6622916666666667 0.0702109375 0.17538888888888893
