0 0.85008984375 0.3119375 0.04705468750000001 0.15640277777777775
0 0.8086171875 0.2641527777777778 0.0392500000000001 0.15330555555555556
0 0.90688671875 0.48068750000000005 0.050132812500000054 0.1697361111111111
2 0.4305078125 0.2745138888888889 0.05445312499999995 0.12041666666666664
0 0.99028515625 0.561625 0.019429687499999914 0.16508333333333336
0 0.4638671875 0.4003819444444444 0.056015625000000034 0.15173611111111107
0 0.79616015625 0.3691875 0.04122656249999999 0.15773611111111113
0 0.7902421875 0.337125 0.04435937500000007 0.11741666666666666
0 0.16940625 0.43004166666666666 0.06103125 0.16075
0 0.12508203125 0.6301458333333334 0.0778046875 0.15637499999999996
