0 0.27834375 0.2828333333333333 0.05456249999999998 0.13180555555555556
0 0.26074609375 0.4188680555555556 0.06602343749999999 0.12923611111111113
0 0.87059765625 0.8861180555555556 0.09560156249999992 0.22090277777777773
0 0.7175390625 0.3482291666666667 0.04879687499999994 0.11873611111111117
0 0.6774687500000001 0.28518750000000004 0.045218749999999995 0.09793055555555555
0 0.18205859375 0.517125 0.0661640625 0.14061111111111113
0 0.6071523437499999 0.6215972222222221 0.07532031249999997 0.17719444444444443
0 0.8089648437499999 0.42335416666666664 0.06383593749999994 0.12498611111111112
2 0.07163671875 0.6732013888888889 0.0493046875 0.19973611111111111
1 0.0926171875 0.4173055555555556 0.07192187500000001 0.12766666666666668
