0 0.6387539062500001 0.3997916666666667 0.033804687499999986 0.18311111111111109
0 0.63344140625 0.8100763888888889 0.06428906250000006 0.22306944444444438
0 0.68858203125 0.7067777777777777 0.05460156249999999 0.23449999999999996
0 0.76594921875 0.7043750000000001 0.05960156249999997 0.22927777777777783
0 0.5698046875 0.4857222222222223 0.04935937500000005 0.2060833333333334
2 0.72770703125 0.41683333333333333 0.06385156250000001 0.1828611111111111
1 0.4852656250000001 0.42891666666666667 0.04540625 0.17961111111111114
0 0.70788671875 0.6426319444444444 0.06288281250000001 0.20854166666666663
0 0.6114375 0.7658680555555555 0.05334374999999998 0.20612499999999995
0 0.3054140625 0.7936319444444444 0.06953125 0.22870833333333335
