0 0.21148046874999998 0.722111111111111 0.04916406250000003 0.21211111111111108
0 0.39016796875 0.824736111111111 0.06907031250000002 0.18249999999999997
0 0.58096875 0.38013888888888886 0.04364062500000001 0.15200000000000002
0 0.5043828125 0.8128125 0.05939062499999999 0.1976527777777777
0 0.13786328125 0.7654097222222223 0.0722734375 0.19234722222222222
0 0.6441484375 0.40199305555555553 0.05089062499999999 0.13426388888888888
2 0.38507421875 0.22572916666666668 0.032726562500000035 0.1289861111111111
1 0.6215039062500001 0.3633541666666667 0.05911718749999997 0.12998611111111116
0 0.033046874999999996 0.5780694444444444 0.06609374999999999 0.17413888888888887
0 0.42028515624999996 0.9041527777777778 0.0745078125 0.15347222222222223
