0 0.71883984375 0.41213194444444445 0.047867187499999984 0.1751805555555556
0 0.701625 0.46637500000000004 0.06389062499999998 0.17152777777777778
0 0.6429453125 0.4032986111111111 0.05692187500000001 0.16365277777777779
0 0.60398046875 0.41647222222222224 0.04561718749999999 0.1605555555555556
2 0.44083203125 0.2514097222222222 0.04135156250000005 0.16195833333333334
0 0.7699921875 0.4577847222222223 0.049703125 0.17234722222222218
1 0.53476953125 0.45233333333333325 0.07913281249999997 0.12769444444444444
0 0.2217890625 0.42584722222222227 0.05596874999999999 0.1937777777777778
0 0.676984375 0.7650277777777776 0.07671874999999995 0.22599999999999995
0 0.1374765625 0.9609652777777777 0.07007812499999999 0.0780694444444445
