0 0.6876953125 0.7032569444444444 0.05173437500000002 0.16237499999999996
0 0.655296875 0.8324722222222222 0.05724999999999998 0.0948888888888888
0 0.5803242187500001 0.3763888888888889 0.040023437499999925 0.16072222222222227
0 0.5103515625 0.5429999999999999 0.058203125 0.1574722222222222
0 0.70531640625 0.7647916666666666 0.05825781250000004 0.15519444444444447
0 0.55763671875 0.3885069444444445 0.045523437499999986 0.1664583333333333
2 0.46117578124999997 0.2286875 0.030460937500000007 0.151875
1 0.61990625 0.3667430555555556 0.060218749999999946 0.14529166666666668
0 0.30280078125000004 0.6046111111111111 0.06863281249999997 0.18347222222222226
0 0.3866015625 0.7747083333333333 0.05771874999999995 0.19516666666666665
