0 0.48309374999999993 0.5566736111111111 0.061406250000000016 0.16195833333333334
0 0.10528515624999998 0.47289583333333335 0.05264843750000001 0.17629166666666668
0 0.22349609374999999 0.6587777777777778 0.06385156249999999 0.19886111111111104
0 0.49302734375 0.3297083333333333 0.05813281249999998 0.1270277777777778
0 0.4287421875 0.4122847222222222 0.053000000000000026 0.15848611111111108
0 0.6176445312500001 0.43759027777777776 0.06564843749999998 0.16143055555555558
0 0.9711562499999999 0.6265347222222223 0.04932812500000008 0.17562500000000006
0 0.4252734375 0.3773194444444445 0.05593749999999997 0.13269444444444442
2 0.8230000000000001 0.40248611111111116 0.04096875000000004 0.16377777777777777
1 0.8038359375 0.5235555555555556 0.04415625000000008 0.18650000000000005
