0 0.8378203124999999 0.3087083333333333 0.04314062500000002 0.15488888888888885
0 0.7893749999999999 0.2606805555555555 0.03925000000000001 0.15330555555555556
0 0.8890429687499999 0.4796944444444444 0.050148437499999865 0.16774999999999995
2 0.41628124999999994 0.2735347222222222 0.0555625 0.12340277777777776
0 0.9840078125 0.561625 0.031984375000000044 0.16508333333333336
0 0.45689843750000003 0.39543750000000005 0.05545312500000001 0.14679166666666665
0 0.7847265625 0.36794444444444446 0.04010937499999993 0.15525
0 0.776015625 0.33391666666666664 0.04435937500000007 0.12388888888888887
0 0.15407031249999997 0.43352777777777773 0.06159375 0.16572222222222224
0 0.11309765624999998 0.6353472222222223 0.07949218749999999 0.1598333333333333
