0 0.7968984375 0.5280347222222223 0.07334375 0.14259722222222215
0 0.5456953125 0.4209583333333334 0.04907812499999995 0.13274999999999998
0 0.66319921875 0.5070277777777777 0.06314843749999995 0.1518333333333334
0 0.82316796875 0.3078680555555556 0.057679687499999945 0.12673611111111116
0 0.523671875 0.4881041666666667 0.04885937500000006 0.16695833333333338
0 0.4182890625 0.2880138888888889 0.05132812499999999 0.12925
0 0.6732968749999999 0.35727083333333337 0.047093750000000066 0.14215277777777782
0 0.38173046875 0.6341041666666666 0.05791406249999995 0.16668055555555547
0 0.51192578125 0.8024722222222221 0.08005468750000003 0.19433333333333336
0 0.89707421875 0.37597916666666664 0.06458593749999988 0.13979166666666665
2 0.338421875 0.9526111111111111 0.057734374999999984 0.0947777777777778
2 0.9806640625 0.24496527777777777 0.038671875 0.15020833333333333
