0 0.5218515625 0.6572430555555556 0.08693749999999997 0.15673611111111108
0 0.2233515625 0.2930069444444444 0.07482812499999998 0.12531944444444443
0 0.98059765625 0.6372152777777778 0.03880468750000006 0.18087499999999995
2 0.66907421875 0.17119444444444443 0.0376953125 0.15622222222222223
0 0.5134257812499999 0.31243055555555554 0.04688281250000008 0.13852777777777775
1 0.690578125 0.3175833333333334 0.05946875 0.17136111111111113
0 0.664015625 0.6855555555555556 0.07765624999999998 0.21177777777777781
0 0.32803515625 0.43861805555555555 0.0655703125 0.1594305555555555
0 0.7318125 0.27520138888888884 0.055312499999999966 0.06270833333333334
0 0.3231953125 0.8335208333333333 0.09701562499999997 0.1698194444444444
