0 0.57139453125 0.6381736111111111 0.05880468749999999 0.1786527777777777
0 0.30564453125 0.5104375 0.04625781249999998 0.182625
0 0.3391640625 0.6379861111111111 0.048390625 0.19027777777777777
0 0.37390234375000003 0.35259722222222223 0.04175781249999999 0.14600000000000002
0 0.3547421875 0.5622083333333333 0.05448437500000001 0.16627777777777775
0 0.43097265625 0.44350694444444444 0.040460937499999974 0.15506944444444443
0 0.48443359375000006 0.8695277777777777 0.060914062499999935 0.2028611111111112
0 0.459796875 0.3841597222222223 0.04779687499999996 0.14379166666666668
2 0.6089921875 0.3169652777777777 0.040328125000000006 0.1532638888888889
1 0.6440234375 0.4844791666666666 0.06345312500000003 0.1265416666666667
