0 0.7450976562499999 0.39570138888888884 0.054804687499999984 0.14529166666666665
0 0.70463671875 0.4422222222222222 0.0517578125 0.17194444444444446
0 0.6365742187500001 0.37095138888888884 0.05772656249999999 0.150125
0 0.608109375 0.43744444444444447 0.04987499999999993 0.18355555555555558
2 0.44008984375000004 0.21252777777777776 0.0411171875 0.1608888888888889
0 0.8120312500000001 0.4301041666666666 0.048453125000000076 0.15356944444444443
1 0.54069140625 0.4103125 0.0662109375 0.16212500000000002
0 0.29505859375 0.5101736111111111 0.054679687500000004 0.1772638888888889
0 0.5054921875 0.8339652777777776 0.07557812500000001 0.18515277777777786
0 0.34750390625 0.662048611111111 0.07047656250000003 0.1749027777777778
