0 0.9849296875 0.4879513888888889 0.030140624999999942 0.15448611111111113
0 0.6783398437500001 0.6919791666666667 0.06886718749999998 0.16712499999999997
0 0.2842734375 0.41841666666666666 0.058109375 0.16575
0 0.29710546875 0.5133819444444444 0.06788281249999999 0.16712499999999997
2 0.5851953125 0.24174305555555556 0.042265625000000015 0.14726388888888886
0 0.77494921875 0.7092291666666667 0.06060156250000004 0.16748611111111117
1 0.7578515625 0.34030555555555553 0.06143749999999999 0.1456111111111111
0 0.1798515625 0.8734305555555556 0.07335937500000003 0.20730555555555555
0 0.76416015625 0.7672500000000001 0.06177343749999995 0.12100000000000001
0 0.21534375 0.9180902777777777 0.06851562500000001 0.16381944444444452
0 0.73280859375 0.8003680555555556 0.05294531249999999 0.11759722222222233
