0 0.72419140625 0.41213194444444445 0.047867187499999984 0.1751805555555556
0 0.6913359375 0.4657638888888889 0.06389062499999998 0.17152777777777778
0 0.6611757812500001 0.4083055555555556 0.05725781250000006 0.17855555555555555
0 0.614453125 0.41277777777777774 0.04562500000000007 0.16055555555555553
2 0.44940234375 0.2544583333333333 0.04135156250000005 0.16194444444444445
0 0.77787890625 0.46327083333333335 0.049710937499999996 0.17234722222222226
1 0.54214453125 0.4572083333333334 0.08153906250000001 0.12769444444444444
0 0.254875 0.41791666666666666 0.058375000000000024 0.18888888888888886
0 0.701546875 0.7398958333333334 0.07440625000000001 0.20548611111111117
0 0.11862890625 0.9582638888888889 0.0700859375 0.08347222222222225
