0 0.48569531250000003 0.7052291666666667 0.045218749999999995 0.1852916666666667
0 0.65980078125 0.7590208333333334 0.05607031249999998 0.15156944444444437
0 0.69900390625 0.32181944444444444 0.0428671875 0.13066666666666668
0 0.71981640625 0.6497777777777778 0.06897656249999998 0.181
0 0.4675234375 0.7259305555555555 0.05379687500000001 0.18891666666666657
0 0.7112578125 0.35256250000000006 0.04137500000000003 0.15090277777777777
2 0.500390625 0.18306944444444445 0.032781250000000026 0.13727777777777778
1 0.7405078125 0.3204930555555556 0.040921874999999996 0.1512916666666667
0 0.23071484375 0.5577569444444445 0.05264843749999999 0.17731944444444447
0 0.51141015625 0.8551180555555555 0.06858593749999997 0.147375
0 0.07833203125 0.8906180555555555 0.0771171875 0.2088194444444443
