0 0.8207070312500001 0.6986666666666667 0.0627890625 0.17997222222222228
0 0.7466171875000001 0.3985972222222222 0.05778124999999994 0.13886111111111113
2 0.94340625 0.23744444444444446 0.024140625000000072 0.13158333333333336
2 0.3674140625 0.930875 0.06590625000000001 0.13824999999999996
0 0.0200859375 0.5692152777777778 0.040171875 0.17998611111111107
0 0.12255078125 0.3600625 0.051804687500000016 0.12209722222222222
0 0.42113281250000006 0.7210624999999999 0.04787500000000002 0.18593055555555557
0 0.23330078125 0.5072291666666666 0.06539843750000003 0.1289861111111111
0 0.51862109375 0.3633541666666667 0.041007812500000004 0.11451388888888887
2 0.43836328125 0.4225763888888889 0.03702343749999999 0.14587499999999995
0 0.17712890624999997 0.5337708333333333 0.05399218749999999 0.15429166666666672
0 0.38625 0.7569652777777778 0.05734375000000003 0.18231944444444442
0 0.27362109375 0.34626388888888887 0.04489843750000002 0.11627777777777781
