0 0.67842578125 0.7060069444444445 0.05172656250000003 0.16237499999999996
0 0.66476171875 0.826298611111111 0.05610156249999996 0.08184722222222215
0 0.5860234375 0.3749236111111111 0.03982812500000001 0.16070833333333334
0 0.5200312500000001 0.5466666666666667 0.057125 0.15555555555555556
0 0.6945078125 0.7634097222222221 0.05864062499999996 0.16068055555555555
0 0.5640468750000001 0.3877083333333333 0.04543749999999998 0.1648611111111111
2 0.461890625 0.22717361111111112 0.030281249999999992 0.1504583333333333
1 0.6237656250000001 0.36546527777777776 0.059499999999999977 0.14434722222222227
0 0.3037421875 0.6078819444444444 0.07032812500000003 0.18618055555555557
0 0.397 0.7804444444444444 0.05771875 0.19516666666666657
