0 0.6405390625 0.6271041666666667 0.07503124999999997 0.17412500000000009
0 0.36462109375 0.49204166666666665 0.07363281250000005 0.15075000000000002
0 0.38461328125 0.6340486111111111 0.06000781250000005 0.16843055555555553
0 0.41976953125000005 0.3489305555555556 0.05513281250000004 0.1314722222222222
0 0.57485546875 0.5246111111111111 0.06941406250000001 0.15555555555555556
0 0.6432421875 0.48877083333333327 0.05653125000000001 0.16159722222222217
0 0.7832851562500001 0.7695347222222223 0.0687578124999999 0.21876388888888895
0 0.4899140624999999 0.39389583333333333 0.07409375000000003 0.15234722222222222
2 0.794125 0.37304861111111115 0.03781250000000007 0.16662499999999997
1 0.7863749999999999 0.5376180555555555 0.05192187499999994 0.15504166666666666
