0 0.1604375 0.7196319444444444 0.05864062499999998 0.2031805555555555
0 0.3285546875 0.8415833333333335 0.06521875000000002 0.21230555555555558
0 0.5656328125 0.3860902777777778 0.04754687500000001 0.15398611111111113
0 0.4421875 0.8123055555555556 0.05659375000000004 0.20458333333333334
0 0.0695390625 0.762423611111111 0.065015625 0.19629166666666673
0 0.64666796875 0.4044930555555556 0.045882812500000016 0.14323611111111115
2 0.36193359375 0.23513194444444446 0.03219531249999998 0.139875
1 0.60391796875 0.3732847222222222 0.05407031250000003 0.13598611111111114
0 0.01296484375 0.5691388888888889 0.0259296875 0.17413888888888895
0 0.39852734375 0.9081180555555556 0.07450781249999996 0.1534861111111111
