0 0.76887109375 0.5313680555555556 0.06497656249999997 0.14926388888888883
0 0.52436328125 0.4261666666666667 0.04908593750000003 0.13274999999999998
0 0.62575 0.5118472222222222 0.060203125000000045 0.15552777777777774
0 0.7779882812500001 0.30117361111111113 0.057679687500000035 0.12673611111111116
0 0.5116953125 0.48725 0.046578125000000005 0.17066666666666666
0 0.36662890625 0.2880138888888889 0.0517578125 0.12925
0 0.6486132812500001 0.3580208333333333 0.04710156249999997 0.14215277777777777
0 0.34554296874999996 0.6404375 0.05833593750000001 0.17040277777777785
0 0.51485546875 0.8035833333333334 0.08591406250000003 0.19655555555555562
0 0.8585898437499999 0.3670555555555556 0.06458593749999988 0.1397777777777778
2 0.30495703125 0.9552152777777778 0.057726562500000037 0.08956944444444445
2 0.938828125 0.2440347222222222 0.038671875 0.15020833333333333
