0 0.63665625 0.38029861111111113 0.040109375000000023 0.18062499999999998
0 0.490890625 0.6208472222222222 0.07675000000000001 0.17872222222222223
0 0.7684140625 0.7295694444444444 0.059203125000000065 0.17216666666666663
0 0.60615234375 0.5885347222222223 0.05861718749999998 0.13768055555555556
0 0.5981953125 0.4280555555555555 0.049124999999999995 0.16930555555555551
2 0.6272890625 0.32403472222222224 0.036890624999999934 0.15637500000000004
1 0.5189999999999999 0.3970416666666667 0.05745312500000006 0.17383333333333334
0 0.8851328125 0.6612777777777777 0.06715625000000003 0.14930555555555555
0 0.431359375 0.6587152777777777 0.06206250000000004 0.18604166666666666
0 0.1717578125 0.942875 0.055859375 0.11424999999999999
