0 0.98272265625 0.4618472222222222 0.034554687500000014 0.14958333333333332
0 0.697828125 0.6352083333333333 0.067671875 0.16477777777777775
0 0.37131250000000005 0.41569444444444437 0.05846875000000003 0.14697222222222223
0 0.37987890625 0.5140208333333334 0.0548828125 0.1633194444444444
2 0.5939609375 0.23338194444444443 0.03965624999999999 0.142625
0 0.8546640625 0.6773541666666667 0.06717187500000002 0.17676388888888894
1 0.7410781249999999 0.3464861111111111 0.06143749999999999 0.14561111111111108
0 0.29352343750000004 0.7966319444444445 0.07925 0.17254166666666676
0 0.7617773437500001 0.7752500000000001 0.058554687499999945 0.11608333333333339
0 0.28932812500000005 0.8841944444444445 0.06731250000000003 0.2141944444444445
0 0.72851953125 0.8074444444444444 0.05691406249999993 0.10844444444444434
