0 0.72808984375 0.5686666666666667 0.06008593749999998 0.1400555555555556
0 0.25622265625 0.8251944444444445 0.07194531249999998 0.21705555555555553
0 0.39663671875 0.3972916666666666 0.07297656249999998 0.1608611111111111
0 0.23864062500000002 0.42577777777777776 0.05882812500000001 0.1451388888888889
0 0.80637890625 0.6124444444444445 0.07657031250000008 0.1431388888888889
0 0.39905078125 0.43597916666666664 0.05050781250000003 0.18279166666666666
2 0.43761718750000006 0.28025 0.040359374999999975 0.16844444444444448
1 0.49198437500000003 0.4271041666666667 0.06635937500000004 0.1531805555555556
0 0.18071484375 0.5449166666666667 0.07307031249999998 0.19266666666666662
0 0.06404687499999999 0.6021944444444445 0.06871875 0.19349999999999998
