0 0.636296875 0.4122083333333333 0.03865625000000002 0.18552777777777776
0 0.606265625 0.8497430555555556 0.05875000000000004 0.23298611111111112
0 0.68787109375 0.7166805555555555 0.04899218750000003 0.2295
0 0.80430078125 0.74775 0.05960156250000006 0.22927777777777775
0 0.5725976562499999 0.5092777777777778 0.04936718749999995 0.2110555555555556
2 0.7562929687500001 0.4472083333333333 0.0694296875 0.19155555555555553
1 0.48212890625 0.4400833333333333 0.05167968750000007 0.18458333333333335
0 0.66605078125 0.6599930555555555 0.06288281250000001 0.20854166666666663
0 0.61597265625 0.8179236111111111 0.06380468749999997 0.22098611111111113
0 0.34201953124999995 0.7570625000000001 0.059070312499999965 0.2249861111111112
