0 0.7405859375 0.6369722222222223 0.06029687499999996 0.1750555555555555
0 0.7425312500000001 0.42436805555555557 0.039281250000000066 0.1429027777777778
2 0.88119921875 0.2390138888888889 0.027742187499999994 0.1288611111111111
2 0.48382031249999996 0.9337222222222222 0.05484374999999995 0.13255555555555562
0 0.0595234375 0.6163055555555556 0.05540625000000001 0.17825000000000005
0 0.16183203125 0.3988055555555555 0.0357890625 0.13680555555555557
0 0.3709296875 0.6485624999999999 0.05049999999999999 0.15990277777777778
0 0.308890625 0.5279097222222222 0.04353125000000002 0.1291527777777777
0 0.36673046875 0.39138194444444446 0.047320312499999996 0.11437500000000003
2 0.391203125 0.46927083333333336 0.043796875 0.14481944444444442
0 0.31890625000000006 0.5414027777777778 0.04567187499999999 0.15716666666666662
0 0.40692578125 0.6651527777777777 0.04553906249999997 0.16602777777777772
0 0.3499453125 0.4105 0.0421875 0.13344444444444445
