0 0.42416796874999996 0.3588263888888889 0.0610390625 0.14076388888888886
0 0.5801484374999999 0.4076805555555555 0.06065624999999999 0.12019444444444448
0 0.23148046875 0.37374305555555554 0.05597656249999998 0.13243055555555555
0 0.592296875 0.880798611111111 0.08139062500000005 0.19320833333333334
0 0.0124609375 0.42165972222222226 0.024921875 0.17559722222222224
0 0.3779375 0.59875 0.07424999999999997 0.15188888888888882
2 0.08728125 0.22428472222222223 0.04401562499999999 0.13304166666666667
0 0.5378554687499999 0.6824930555555555 0.06791406249999996 0.16584722222222226
0 0.49848046875000007 0.6927291666666666 0.06272656250000005 0.18620833333333325
0 0.9169335937499999 0.8585902777777777 0.07711718750000003 0.2422638888888888
2 0.9730546875 0.24408333333333335 0.05389062500000001 0.12627777777777777
