0 0.74369140625 0.4002708333333333 0.041007812500000004 0.16773611111111109
0 0.70558984375 0.4545902777777778 0.05583593750000002 0.17426388888888894
0 0.6478710937500001 0.40024305555555556 0.058664062500000023 0.1739305555555556
0 0.68952734375 0.43902083333333336 0.04402343750000002 0.1705416666666667
2 0.49384765625 0.26087499999999997 0.03880468750000006 0.15449999999999997
0 0.8215859375000001 0.4597916666666667 0.056375000000000064 0.18127777777777776
1 0.582046875 0.45879166666666665 0.06762499999999996 0.13111111111111107
0 0.41038281249999997 0.44631249999999995 0.05615625 0.19720833333333332
0 0.62271875 0.7282569444444444 0.06853125000000002 0.1889305555555556
0 0.09378515624999999 0.6841180555555556 0.0723515625 0.2150138888888889
