0 0.498453125 0.3049513888888889 0.06501562500000002 0.11473611111111114
0 0.66793359375 0.3424583333333333 0.05352343749999999 0.11161111111111113
0 0.36031640625 0.3100069444444445 0.05910156249999998 0.11568055555555558
0 0.6266875 0.7800902777777777 0.07321875000000003 0.19018055555555557
0 0.14733984375 0.3676111111111111 0.04271093750000001 0.17227777777777778
0 0.46195312499999996 0.645 0.07176562500000001 0.16861111111111116
2 0.172125 0.20219444444444443 0.03984375 0.12972222222222224
0 0.6108945312499999 0.5940625 0.07649218749999998 0.14798611111111112
0 0.538703125 0.7451111111111112 0.07212500000000004 0.19138888888888891
0 0.9550703125 0.8251736111111111 0.06937500000000014 0.2244583333333332
