0 0.6731953125000001 0.7062430555555556 0.05173437499999993 0.16137500000000007
0 0.66762109375 0.8223958333333333 0.055960937499999995 0.08543055555555554
0 0.5898203125 0.3738333333333333 0.03970312500000004 0.16047222222222224
0 0.5273515625 0.5488333333333333 0.057265624999999966 0.15691666666666662
0 0.68794921875 0.7632847222222223 0.05808593750000002 0.1624027777777777
0 0.5681640625 0.3863472222222222 0.04543750000000006 0.1648611111111111
2 0.463078125 0.2259375 0.030281249999999992 0.15045833333333333
1 0.6263125 0.36485416666666665 0.05887500000000001 0.1450972222222222
0 0.30202734375 0.6072361111111112 0.0693984375 0.18588888888888885
0 0.40334375 0.7852708333333334 0.05840624999999999 0.19368055555555555
