0 0.3668125 0.29154166666666664 0.04337499999999998 0.12491666666666666
0 0.3476484375 0.3843888888888889 0.05232812500000002 0.12405555555555559
0 0.945921875 0.8528194444444444 0.09560937500000008 0.22341666666666668
0 0.8301210937499999 0.35593749999999996 0.048789062500000036 0.11873611111111108
0 0.79535546875 0.3197222222222222 0.04307031249999991 0.12358333333333332
0 0.18076171875 0.4875486111111111 0.07778906250000002 0.14865277777777783
0 0.77887890625 0.6583888888888889 0.08471093750000006 0.17822222222222228
0 0.9171484374999999 0.43838194444444445 0.04987499999999993 0.11776388888888883
2 0.16688671875 0.6873333333333334 0.04861718749999999 0.22261111111111107
1 0.10196484374999999 0.44784722222222223 0.0652109375 0.12516666666666668
