0 0.6067890625000001 0.6467569444444444 0.07167187499999991 0.16148611111111108
0 0.33273828125 0.5328263888888889 0.0638203125 0.1514305555555555
0 0.3473984375 0.6684444444444445 0.074125 0.1713055555555556
0 0.33546875 0.3758402777777778 0.04235937499999998 0.16015277777777778
0 0.42449218749999995 0.5887916666666667 0.06749999999999998 0.1856111111111111
0 0.48910546875000005 0.4839513888888889 0.054445312499999954 0.16129166666666667
0 0.55441015625 0.8588611111111111 0.07232031249999996 0.22063888888888875
0 0.42705078125 0.4167916666666666 0.04700781250000006 0.15794444444444444
2 0.6237265625 0.35204861111111113 0.044031249999999925 0.15434722222222225
1 0.631125 0.5300625 0.06526562499999997 0.1502638888888889
