0 0.59492578125 0.5992708333333334 0.09417968749999997 0.17826388888888883
0 0.32034765625 0.23709722222222224 0.05303906249999999 0.1068611111111111
0 0.8435546875 0.6442291666666667 0.06610937499999991 0.18406944444444448
2 0.55615234375 0.17206944444444444 0.04630468749999998 0.1562222222222222
0 0.502140625 0.27899999999999997 0.054359374999999946 0.16055555555555553
1 0.6076406249999999 0.33616666666666667 0.06970312500000002 0.18300000000000002
0 0.7016796875 0.7065486111111111 0.08892187499999996 0.2203472222222222
0 0.25830078125 0.447375 0.07044531249999997 0.16433333333333333
0 0.64606640625 0.2946111111111111 0.05582031250000004 0.06599999999999998
0 0.23171093750000002 0.7906111111111112 0.085875 0.1878055555555556
