0 0.803609375 0.38406944444444446 0.06434374999999992 0.13683333333333333
0 0.7523867187500001 0.4284375 0.045757812500000036 0.1592361111111111
0 0.68284375 0.37680555555555556 0.07265625 0.15547222222222218
0 0.6475156249999999 0.4310555555555556 0.05465624999999994 0.15805555555555553
2 0.5021875 0.1960625 0.039921875000000016 0.15554166666666666
0 0.8824921875000001 0.4354027777777778 0.059218749999999966 0.14930555555555555
1 0.598296875 0.36893055555555554 0.060812500000000026 0.15577777777777774
0 0.36849218749999996 0.4995625 0.06540624999999997 0.1560416666666667
0 0.586703125 0.8329166666666667 0.06484375 0.1958055555555556
0 0.455265625 0.6604652777777777 0.072265625 0.17173611111111114
0 0.35564453125 0.9367152777777777 0.06289843749999999 0.12656944444444443
