0 0.533625 0.6652291666666668 0.06371875000000005 0.15484722222222225
0 0.23244921874999996 0.2948472222222222 0.0720234375 0.11916666666666668
2 0.724890625 0.163875 0.03770312499999999 0.1562222222222222
0 0.5517773437500001 0.31253472222222217 0.054367187500000025 0.13954166666666667
1 0.73867578125 0.30288194444444444 0.06471093749999994 0.16484722222222226
0 0.68009765625 0.6594791666666666 0.08455468750000002 0.19579166666666661
0 0.37836328125000007 0.4328680555555556 0.059398437500000026 0.15034722222222222
0 0.77903125 0.2657291666666666 0.055312499999999966 0.06270833333333334
0 0.36882031249999997 0.8531319444444444 0.0975625 0.15879166666666655
0 0.03361328125 0.5380486111111111 0.0672265625 0.15581944444444445
