0 0.42097265625 0.36045833333333327 0.060992187499999996 0.14194444444444443
0 0.576265625 0.4107986111111111 0.06157812499999995 0.12079166666666666
0 0.22483203125 0.3767847222222222 0.05597656250000001 0.1324305555555555
0 0.5926289062500001 0.8833333333333333 0.08038281249999998 0.19113888888888875
0 0.37179296875 0.5964027777777777 0.07374218750000003 0.15255555555555553
2 0.08284765625000001 0.2243611111111111 0.04385156250000001 0.13347222222222224
0 0.5359101562499999 0.6854652777777778 0.06769531249999998 0.16718055555555555
0 0.49563671875 0.6897222222222222 0.06272656249999997 0.1862777777777777
0 0.91532421875 0.8585902777777777 0.07689843749999987 0.24315277777777786
2 0.9707460937499999 0.24444444444444444 0.058507812500000075 0.1284722222222222
