2 0.8174648437500001 0.27799999999999997 0.041976562500000016 0.14030555555555552
0 0.8074609374999999 0.5981180555555555 0.05740625000000001 0.16768055555555558
0 0.6094179687500001 0.6947430555555556 0.05744531250000007 0.19873611111111109
0 0.3121953125 0.38333333333333336 0.04859374999999999 0.12369444444444441
0 0.43205078125000007 0.4872777777777778 0.05164843750000001 0.16972222222222222
0 0.71518359375 0.8306388888888888 0.08571093749999995 0.2036388888888889
0 0.14333984375 0.3801597222222223 0.05360156250000001 0.14451388888888891
0 0.7079453125 0.3582847222222222 0.04321875000000004 0.1447638888888889
0 0.8093476562499999 0.45232638888888893 0.05946093750000001 0.15454166666666663
1 0.9565000000000001 0.47456944444444454 0.05381249999999991 0.1743888888888889
