0 0.75165625 0.4383888888888889 0.049890624999999925 0.14516666666666664
0 0.7538046875 0.6003125 0.062156249999999955 0.1919027777777778
0 0.47397656250000003 0.39897222222222223 0.05223437500000001 0.13347222222222221
0 0.6660039062499999 0.49379166666666663 0.0637734375 0.16869444444444442
2 0.412265625 0.25727777777777777 0.044625000000000005 0.15591666666666665
0 0.786234375 0.4538333333333333 0.06731250000000007 0.1763333333333334
1 0.53378125 0.45143749999999994 0.07203125000000003 0.13398611111111108
0 0.36153124999999997 0.4635625 0.05910937499999998 0.18029166666666668
0 0.47128125 0.8916041666666668 0.06257812499999993 0.21420833333333336
0 0.1110625 0.9017083333333333 0.07470312500000001 0.19236111111111112
