0 0.73201171875 0.5561041666666666 0.05982031249999995 0.14162499999999995
0 0.24916796875 0.8208333333333333 0.07194531250000002 0.21705555555555553
0 0.38880859375 0.3948333333333333 0.06777343749999995 0.16138888888888886
0 0.2263671875 0.4132361111111111 0.05882812499999999 0.14513888888888885
0 0.8007539062500001 0.591 0.0695390625 0.1413888888888889
0 0.39721484375 0.44361111111111107 0.050507812499999985 0.18277777777777776
2 0.44651562499999997 0.2911597222222222 0.040359374999999975 0.170625
1 0.48753906249999995 0.43446527777777777 0.06851562499999994 0.15262499999999998
0 0.1434765625 0.5400972222222222 0.066375 0.1993888888888889
0 0.02931640625 0.5801041666666666 0.0586328125 0.19076388888888893
