0 0.38975390625 0.3205347222222222 0.04658593750000004 0.13504166666666664
0 0.40549999999999997 0.39818055555555554 0.05775000000000001 0.12919444444444442
0 0.886859375 0.7797569444444444 0.08206249999999997 0.22048611111111102
0 0.8726914062500001 0.3943402777777778 0.05383593750000006 0.11576388888888892
0 0.79864453125 0.39954861111111106 0.06286718750000002 0.138125
0 0.1496640625 0.4776111111111111 0.06339062499999999 0.14283333333333337
0 0.7918984375 0.6228541666666667 0.07948437500000001 0.1504027777777778
0 0.95978515625 0.49332638888888886 0.0704296874999999 0.13529166666666662
2 0.1673359375 0.691111111111111 0.06860937500000001 0.19499999999999998
1 0.01796875 0.4888333333333333 0.0359375 0.1473888888888889
