2 0.37419531250000004 0.9229652777777779 0.06715625000000003 0.15406944444444437
0 0.33228515625 0.42863194444444447 0.05946093750000001 0.13381944444444446
0 0.64222265625 0.2944513888888889 0.04182031249999998 0.10693055555555557
0 0.7138515625 0.7786875 0.04520312500000001 0.19793055555555555
0 0.51744140625 0.42569444444444443 0.048460937500000065 0.1324166666666667
0 0.9324609375000001 0.34353472222222226 0.05103124999999995 0.10781944444444448
2 0.93404296875 0.4036388888888889 0.057195312500000026 0.1408611111111111
0 0.42546874999999995 0.43048611111111107 0.06301562499999998 0.1251388888888889
0 0.4890898437500001 0.8254513888888889 0.09147656250000002 0.16906944444444447
0 0.67840625 0.2843194444444444 0.04607812500000001 0.10558333333333335
