0 0.74790625 0.6454583333333334 0.056984374999999955 0.17886111111111117
0 0.74612109375 0.41899305555555555 0.0385703125 0.1457916666666667
2 0.8829921875 0.23643750000000002 0.026765624999999994 0.13090277777777778
2 0.47475781250000004 0.9329027777777779 0.061421875 0.13419444444444445
0 0.04662500000000001 0.6151736111111111 0.05503125 0.18137500000000004
0 0.1508671875 0.39527083333333335 0.035328125 0.13645833333333338
0 0.37897265625 0.6470625 0.04447656249999996 0.15748611111111116
0 0.29403125 0.5294166666666666 0.04431250000000002 0.12944444444444442
0 0.38327734375 0.3828819444444444 0.041007812500000004 0.11451388888888887
2 0.39440234375000005 0.4609791666666666 0.04258593750000004 0.1469305555555556
0 0.297625 0.5446805555555556 0.04834375 0.16236111111111107
0 0.40580859374999995 0.680513888888889 0.046601562499999985 0.17180555555555563
0 0.33389453125 0.40330555555555553 0.044804687500000016 0.1338611111111111
