0 0.7253359375 0.401125 0.05026562500000002 0.15316666666666667
0 0.68354296875 0.44929861111111113 0.06072656249999993 0.1769583333333333
0 0.6281796875000001 0.37456944444444445 0.057624999999999996 0.1497222222222222
0 0.59312109375 0.4472013888888889 0.050789062499999996 0.1992083333333333
2 0.41757421875 0.22451388888888885 0.04135156250000005 0.16194444444444445
0 0.78048828125 0.43493055555555554 0.04766406249999999 0.1581944444444445
1 0.52311328125 0.4256458333333333 0.06763281250000004 0.15295833333333328
0 0.25892578125 0.513548611111111 0.052335937500000006 0.1890416666666667
0 0.46051562500000004 0.8430972222222222 0.08556249999999999 0.19949999999999998
0 0.29546875000000006 0.6608263888888889 0.06781250000000001 0.1761250000000001
