0 0.8869843750000002 0.7517777777777778 0.0633750000000001 0.18513888888888883
0 0.775296875 0.4017152777777778 0.05103124999999995 0.13912499999999997
2 0.32605078125000003 0.9374097222222222 0.06019531250000001 0.12518055555555554
0 0.05899609375 0.5277430555555556 0.06067968749999999 0.1803472222222222
0 0.19910546875 0.33050694444444445 0.049273437499999996 0.11659722222222221
0 0.4789296875 0.7568055555555555 0.05895312500000003 0.1875555555555555
0 0.246 0.48381250000000003 0.061765625000000005 0.14654166666666674
0 0.6351171875 0.3663125 0.043187500000000066 0.11226388888888891
2 0.5156601562500001 0.41254166666666664 0.056007812499999955 0.13241666666666663
0 0.1886953125 0.5030347222222222 0.058453124999999995 0.14720833333333336
0 0.39789062500000005 0.7989861111111111 0.06389062500000002 0.19444444444444445
0 0.3432734375 0.30756944444444445 0.04207812500000001 0.11308333333333336
