0 0.32156250000000003 0.7138541666666667 0.05076562499999997 0.19873611111111109
0 0.51102734375 0.8078194444444444 0.061460937500000055 0.19127777777777782
0 0.63534765625 0.36130555555555555 0.044882812500000036 0.13772222222222225
0 0.62012890625 0.7571597222222222 0.08258593750000003 0.17870833333333336
0 0.2830546875 0.757888888888889 0.06018749999999997 0.2046666666666667
0 0.66534375 0.3898125 0.05131250000000005 0.12365277777777778
2 0.442484375 0.2080416666666667 0.03276562500000004 0.12808333333333333
1 0.6748828125 0.3449027777777778 0.05873437500000005 0.13938888888888887
0 0.1055703125 0.5858263888888889 0.057374999999999995 0.16993055555555558
0 0.46333203125000005 0.8791944444444444 0.07764843749999999 0.15483333333333335
0 0.0224921875 0.8536944444444444 0.044984375 0.22049999999999997
