0 0.90537890625 0.38724305555555555 0.06136718750000014 0.13395833333333335
0 0.79330859375 0.4512361111111111 0.061585937499999945 0.14505555555555555
0 0.6831484375000001 0.3853055555555555 0.07632812499999994 0.15897222222222218
0 0.67139453125 0.44885416666666667 0.07086718750000003 0.15540277777777775
2 0.55891015625 0.18663888888888888 0.039664062499999986 0.1446666666666667
0 0.96723828125 0.4736944444444445 0.05510156249999998 0.14908333333333337
1 0.6666171875 0.3421666666666667 0.05973437500000003 0.1545277777777778
0 0.43651171875 0.541125 0.06342968750000004 0.15544444444444447
0 0.6793437499999999 0.8336736111111112 0.06545312500000007 0.14990277777777786
0 0.509375 0.7001319444444444 0.07125000000000004 0.18215277777777775
0 0.571171875 0.8864513888888889 0.063484375 0.1384583333333334
