0 0.7212539062500001 0.41213194444444445 0.047867187499999984 0.1751805555555556
0 0.6945546874999999 0.46595833333333336 0.06389062499999998 0.17152777777777778
0 0.65442578125 0.40543749999999995 0.05714843749999998 0.17129166666666665
0 0.609703125 0.41355555555555557 0.045624999999999985 0.16055555555555553
2 0.44672265625000007 0.25349999999999995 0.04135156249999996 0.16194444444444445
0 0.77541796875 0.4615625 0.049710937499999906 0.17234722222222226
1 0.53983984375 0.4556805555555556 0.08078906250000006 0.12769444444444444
0 0.24453515625 0.4203888888888889 0.0576171875 0.1904166666666667
0 0.69387109375 0.74775 0.07513281249999997 0.21188888888888882
0 0.12451953125 0.9591041666666668 0.0700859375 0.08179166666666665
