0 0.514 0.29275694444444444 0.06603124999999999 0.109375
0 0.6861640625 0.3292291666666667 0.05284374999999999 0.11012499999999999
0 0.38580859375000004 0.2970763888888889 0.05992968750000003 0.11120833333333333
0 0.63630078125 0.7566180555555555 0.06969531250000002 0.1866250000000001
0 0.17984765625 0.3543888888888889 0.04053906249999999 0.1713888888888889
0 0.47616796875 0.6542152777777778 0.07042968750000007 0.17395833333333324
2 0.18883984375 0.19640972222222222 0.038507812500000016 0.12943055555555555
0 0.62777734375 0.5744444444444444 0.07849218749999994 0.14500000000000005
0 0.545640625 0.7550694444444446 0.07462499999999998 0.19286111111111112
0 0.9630976562499999 0.8162569444444445 0.06703906250000014 0.22090277777777778
