0 0.74066015625 0.5876111111111112 0.06480468749999994 0.14730555555555555
0 0.28582421875 0.8360763888888888 0.0809609375 0.21134722222222216
0 0.41965234375 0.39598611111111115 0.06528906250000004 0.16080555555555556
0 0.27032421875 0.4408333333333333 0.06289843749999999 0.14627777777777776
0 0.8130078125000001 0.6353402777777778 0.0842968749999999 0.14509722222222227
0 0.41616406250000004 0.42899305555555556 0.05049999999999999 0.1824027777777778
2 0.44023828125 0.2743125 0.03949218749999996 0.16823611111111111
1 0.50676171875 0.4184236111111111 0.06616406250000004 0.15323611111111113
0 0.20147656249999998 0.5516597222222223 0.06896874999999998 0.1909305555555556
0 0.10403906249999999 0.6215138888888889 0.06640624999999999 0.19402777777777785
