0 0.5045859375 0.7073263888888889 0.07239062500000007 0.167625
0 0.21614453124999997 0.32113194444444443 0.05427343749999998 0.1280972222222222
2 0.7969375 0.15528472222222223 0.039406249999999955 0.13943055555555556
0 0.57458984375 0.3309375 0.06147656250000004 0.14687499999999995
1 0.80966015625 0.29943055555555553 0.06385156250000001 0.1583333333333333
0 0.65830859375 0.6297986111111111 0.0758828125 0.1784305555555556
0 0.44725000000000004 0.45555555555555555 0.066109375 0.13900000000000007
0 0.851359375 0.2546875 0.05620312500000004 0.06901388888888889
0 0.49798437500000003 0.8692916666666667 0.06012499999999994 0.1399722222222222
0 0.044730468749999995 0.5556666666666668 0.0552734375 0.1638333333333333
0 0.46586718749999995 0.8861180555555556 0.06968749999999994 0.14581944444444445
