0 0.76326171875 0.5320347222222223 0.06330468749999998 0.15059722222222216
0 0.52009375 0.42720833333333336 0.04907812500000004 0.13274999999999998
0 0.61826171875 0.5128125 0.05961718749999996 0.15626388888888887
0 0.768953125 0.2998402777777778 0.05768749999999993 0.1267361111111111
0 0.509296875 0.4870833333333334 0.04612499999999997 0.1714166666666667
0 0.356296875 0.2880138888888889 0.05184375000000001 0.12925
0 0.64367578125 0.35816666666666663 0.04710156249999997 0.1421666666666667
0 0.33830859375 0.6417013888888888 0.05841406250000003 0.17115277777777774
0 0.51544140625 0.8038055555555556 0.08708593750000002 0.19699999999999995
0 0.85089453125 0.3652708333333333 0.06458593750000005 0.13979166666666668
2 0.29826171874999996 0.9557361111111111 0.057726562500000037 0.08852777777777779
2 0.9304609375 0.24385416666666665 0.038671875 0.15020833333333333
