0 0.7467265624999999 0.4084930555555556 0.041156249999999964 0.1728472222222222
0 0.6943984375 0.45358333333333334 0.046531250000000045 0.16005555555555556
0 0.658203125 0.4018125 0.05449999999999999 0.17998611111111115
0 0.6960625 0.4181041666666666 0.054953125000000026 0.1731527777777778
2 0.48621875000000003 0.2637222222222222 0.040046874999999996 0.1581388888888889
0 0.81427734375 0.4661875 0.06414843749999992 0.17693055555555562
1 0.5785 0.46058333333333334 0.07281250000000003 0.12849999999999998
0 0.36533984375 0.43309027777777775 0.0533671875 0.19929166666666664
0 0.68835546875 0.7082708333333333 0.059710937499999964 0.21206944444444437
0 0.038234375 0.6410208333333333 0.057203125 0.2107638888888888
0 0.043828125 0.9358402777777777 0.08765625 0.12779166666666666
