0 0.793359375 0.6770069444444445 0.060843750000000085 0.1834027777777778
0 0.75479296875 0.4021180555555555 0.04585156250000004 0.14451388888888891
2 0.9168125 0.23121527777777778 0.026765624999999994 0.13090277777777778
2 0.4254296875 0.9291805555555556 0.07128124999999996 0.14163888888888893
0 0.02442578125 0.5821319444444444 0.0488515625 0.19248611111111116
0 0.13487890624999999 0.3768402777777778 0.04122656250000001 0.12695833333333328
0 0.40415624999999994 0.6840069444444444 0.043671874999999985 0.1652638888888889
0 0.2529375 0.5221041666666667 0.04820312499999999 0.12693055555555555
0 0.45930078124999996 0.36308333333333326 0.041007812500000004 0.11452777777777776
2 0.4190390625 0.43490277777777775 0.03515625 0.1516944444444445
0 0.22009765625000002 0.5437291666666667 0.05191406249999999 0.1589027777777778
0 0.40265234375 0.7332986111111112 0.048789062499999994 0.18512500000000004
0 0.2823125 0.369 0.04846875000000002 0.1269722222222222
