0 0.66178515625 0.49879166666666663 0.09349218749999996 0.15877777777777777
0 0.54687890625 0.23351388888888888 0.051132812500000034 0.1440833333333333
0 0.6401640625 0.6244236111111111 0.06846875 0.19315277777777776
2 0.45314062499999996 0.16364583333333332 0.04151562499999999 0.1253472222222222
0 0.52324609375 0.2571041666666667 0.046476562500000006 0.18740277777777778
1 0.605359375 0.3474027777777778 0.07710937500000004 0.19805555555555554
0 0.6518828125 0.684048611111111 0.06618750000000002 0.16684722222222229
0 0.24008203125 0.46155555555555555 0.08111718750000003 0.17997222222222228
0 0.65069921875 0.27710416666666665 0.06192968749999998 0.09795833333333334
0 0.01714453125 0.8554722222222223 0.0342890625 0.24111111111111114
