0 0.7194960937499999 0.5408125 0.056992187499999944 0.15326388888888892
0 0.48048046875 0.43141666666666667 0.04908593749999994 0.13275000000000006
0 0.5626484375 0.5200763888888889 0.05842187500000007 0.15556944444444443
0 0.70545703125 0.2939791666666667 0.057679687499999945 0.12673611111111116
0 0.47761718750000004 0.4920347222222222 0.04162499999999998 0.1664861111111111
0 0.2707890625 0.2880138888888889 0.05023437500000001 0.12925
0 0.6051171875 0.3595277777777778 0.047093750000000066 0.1421666666666667
0 0.28080078125 0.6591041666666667 0.058585937500000004 0.17265277777777785
0 0.51348046875 0.8122638888888889 0.08283593749999998 0.19788888888888892
0 0.7909765625 0.3526666666666667 0.058015624999999904 0.13872222222222225
2 0.24304296875000003 0.9631527777777779 0.057726562500000037 0.07369444444444437
2 0.87099609375 0.24772916666666667 0.038070312500000016 0.14809722222222224
1 0.9366015624999999 0.4230069444444444 0.05189062499999988 0.12343055555555556
