0 0.60155859375 0.7056041666666667 0.055289062499999986 0.157125
0 0.70437890625 0.7697847222222223 0.05460156249999999 0.12723611111111105
0 0.65316015625 0.3532430555555555 0.0345703125 0.15779166666666664
0 0.6404062500000001 0.5817083333333334 0.06379687499999998 0.17074999999999999
0 0.60161328125 0.7555763888888889 0.05191406249999995 0.1837083333333333
0 0.63548046875 0.3631527777777778 0.04397656249999997 0.1626111111111111
2 0.48876953125 0.20150694444444445 0.030898437499999966 0.14895833333333336
1 0.67324609375 0.3472777777777778 0.048429687500000006 0.15333333333333335
0 0.27721875 0.5978888888888889 0.05587500000000003 0.18172222222222217
0 0.48412109374999995 0.846923611111111 0.06628906250000002 0.16948611111111106
