0 0.7469374999999999 0.4144861111111111 0.04154687499999996 0.17394444444444446
0 0.69133203125 0.45976388888888886 0.04203906249999996 0.1506111111111111
0 0.65462109375 0.3985347222222222 0.05061718749999997 0.18068055555555557
0 0.6986132812499999 0.408125 0.06007031249999999 0.17350000000000002
2 0.48060937500000006 0.2642638888888889 0.040671875000000045 0.15997222222222224
0 0.8086640625000001 0.46763888888888894 0.06803125000000013 0.17475
1 0.5739062500000001 0.4603888888888889 0.07698437499999997 0.12811111111111112
0 0.35049609375 0.42858333333333337 0.0526328125 0.19536111111111115
0 0.7010390624999999 0.7055833333333333 0.06157812500000004 0.21833333333333332
0 0.02126953125 0.6326388888888889 0.0425390625 0.21075000000000002
0 0.05961328125 0.9401666666666668 0.08724218749999998 0.11938888888888878
