0 0.30105859375 0.2819027777777778 0.054929687500000005 0.12619444444444447
0 0.28082421874999997 0.41010416666666666 0.06602343749999999 0.12923611111111113
0 0.9061796874999999 0.8823680555555556 0.09560937499999991 0.2234027777777778
0 0.751359375 0.3482291666666667 0.04879687500000003 0.11873611111111117
0 0.71621875 0.29020138888888886 0.045218749999999995 0.09793055555555555
0 0.1789609375 0.5080902777777777 0.06839062499999997 0.13840277777777774
0 0.65929296875 0.6384930555555556 0.07532031249999997 0.1846805555555556
0 0.83803125 0.42490972222222223 0.05784374999999997 0.12934722222222222
2 0.1058125 0.6725625 0.0493125 0.20848611111111104
1 0.10124609375 0.4285763888888889 0.06521093750000001 0.12518055555555554
