0 0.7193632812499999 0.41213194444444445 0.047867187499999984 0.1751805555555556
0 0.7054843749999999 0.4665972222222222 0.06389062499999998 0.17152777777777778
0 0.6382187500000001 0.40402777777777776 0.05679687499999995 0.16330555555555554
0 0.60300390625 0.4186111111111111 0.04561718749999999 0.16055555555555553
2 0.43761328125 0.2502638888888889 0.04135156250000005 0.16194444444444445
0 0.7670351562500001 0.4557291666666667 0.049710937499999996 0.17234722222222226
1 0.5320078125000001 0.4505 0.078234375 0.12769444444444444
0 0.209375 0.4288194444444444 0.055062500000000014 0.19561111111111112
0 0.667953125 0.7753819444444444 0.07795312499999998 0.23181944444444447
0 0.14454296875 0.9619791666666667 0.0700859375 0.07604166666666666
