0 0.6361757812500001 0.4128263888888889 0.03889843750000006 0.18565277777777775
0 0.60490625 0.8517291666666666 0.05846875000000003 0.23348611111111098
0 0.6878320312499999 0.7171736111111111 0.048710937500000016 0.22926388888888888
0 0.80621484375 0.7499236111111112 0.05960156249999997 0.22926388888888888
0 0.57273828125 0.5104583333333333 0.04936718750000004 0.2113055555555556
2 0.75772265625 0.4487222222222222 0.06971093750000001 0.19199999999999998
1 0.48196875000000006 0.44063888888888886 0.052000000000000046 0.18483333333333335
0 0.66395703125 0.6608541666666666 0.06288281250000001 0.20854166666666663
0 0.61619921875 0.8205277777777777 0.06432031249999995 0.2217222222222223
0 0.3438515625 0.7552361111111111 0.058546875 0.22480555555555565
