0 0.9747734375 0.4318194444444444 0.050453124999999946 0.12027777777777773
0 0.7635 0.5398958333333334 0.06507812499999996 0.1489305555555555
0 0.5487265625 0.41175000000000006 0.060640625000000004 0.12527777777777777
0 0.54677734375 0.48915277777777777 0.056632812500000004 0.14536111111111108
2 0.5900703125 0.20995138888888887 0.03965624999999999 0.142625
0 0.9581914062500001 0.5753263888888889 0.07055468750000013 0.17670833333333336
1 0.7085625 0.35141666666666665 0.06143749999999999 0.1456111111111111
0 0.40368750000000003 0.6700625000000001 0.06656250000000004 0.16079166666666672
0 0.7182304687500001 0.8139375000000001 0.044804687500000016 0.12059722222222227
0 0.41549218750000005 0.7895208333333332 0.06217187499999999 0.21587499999999993
0 0.7193125 0.8210833333333334 0.06015625 0.1154166666666667
