0 0.47383593749999997 0.7229583333333333 0.08367187499999992 0.17061111111111116
0 0.19124609374999998 0.33861111111111114 0.057195312499999984 0.13925000000000004
2 0.7969375 0.15825694444444444 0.039406249999999955 0.1334861111111111
0 0.5561875 0.34394444444444444 0.053125 0.15502777777777774
1 0.80966015625 0.30509027777777775 0.0631796875 0.1565694444444444
0 0.6376015625 0.6175277777777778 0.07965625000000003 0.16727777777777778
0 0.444734375 0.4663541666666666 0.06526562499999997 0.14120833333333335
0 0.85169140625 0.25705555555555554 0.05686718749999997 0.07375
0 0.5200742187499999 0.865125 0.06011718749999995 0.1399722222222222
0 0.02610546875 0.57425 0.0473359375 0.1638333333333333
0 0.49649609375 0.8777916666666666 0.06800781249999996 0.14583333333333334
