0 0.642640625 0.37710416666666663 0.03307812500000003 0.18273611111111115
0 0.6299921875 0.6969930555555556 0.07182812500000005 0.20068055555555564
0 0.7129609374999999 0.7001180555555555 0.05942187500000005 0.21723611111111107
0 0.6903124999999999 0.6495138888888888 0.052031250000000015 0.17124999999999993
0 0.5873984375 0.43981249999999994 0.048562500000000064 0.1847916666666667
2 0.67839453125 0.36359722222222224 0.03999218750000004 0.17783333333333332
1 0.5071796875000001 0.4028611111111111 0.03698437500000003 0.16641666666666668
0 0.80746484375 0.6270902777777778 0.08822656249999997 0.18343055555555546
0 0.55294921875 0.6883611111111111 0.07222656250000004 0.18600000000000003
0 0.25676171875 0.8737083333333332 0.06605468750000001 0.2292500000000001
0 0.03899609375 0.9469930555555556 0.0779921875 0.10601388888888895
