0 0.59309765625 0.6025555555555556 0.06167968749999995 0.15875
0 0.3502890625 0.4826388888888889 0.04646875000000002 0.17725000000000002
0 0.39563671874999995 0.5864305555555556 0.053257812500000015 0.1681944444444444
0 0.4751875 0.3182013888888889 0.04792187499999993 0.13312499999999997
0 0.3808359375 0.5316180555555555 0.0444375 0.1622916666666667
0 0.47176171875 0.399875 0.03872656249999995 0.15258333333333332
0 0.03508203125 0.8059027777777777 0.042257812500000005 0.24377777777777776
0 0.49278125 0.8528541666666666 0.05515624999999993 0.1979027777777778
0 0.562578125 0.35575694444444445 0.04865624999999998 0.1397916666666667
2 0.67889453125 0.28465277777777775 0.038664062500000006 0.14925000000000002
1 0.729515625 0.45323611111111106 0.06574999999999998 0.11300000000000002
