0 0.51765625 0.6585972222222223 0.06796875 0.14725000000000005
0 0.22393359375 0.2990902777777778 0.07947656249999999 0.1276527777777778
0 0.9864531249999999 0.6323958333333333 0.02709375000000005 0.17270833333333335
2 0.68815234375 0.16765972222222222 0.0376953125 0.15623611111111113
0 0.52675 0.3148819444444445 0.04584375000000005 0.13856944444444447
1 0.7067187500000001 0.3156458333333333 0.06468749999999997 0.1695416666666667
0 0.6638671875 0.6779236111111111 0.07445312499999997 0.20998611111111118
0 0.34640624999999997 0.4375833333333333 0.06687499999999998 0.15788888888888883
0 0.7454921875 0.2723541666666667 0.055312499999999966 0.0627083333333333
0 0.33926953125 0.839875 0.10447656250000001 0.16827777777777772
0 0.0221640625 0.5512916666666666 0.044328125 0.16525000000000004
