0 0.609625 0.7075208333333334 0.05324999999999998 0.15329166666666666
0 0.7013359375 0.7753055555555556 0.05448437500000001 0.1259444444444444
0 0.64084765625 0.35813194444444446 0.03672656249999999 0.1577916666666667
0 0.62181640625 0.5765416666666667 0.06092968750000001 0.17138888888888887
0 0.60974609375 0.7591875 0.05191406250000004 0.1824305555555555
0 0.6228671875 0.36784027777777784 0.04481250000000001 0.1639027777777778
2 0.4815390625 0.20767361111111113 0.030546874999999928 0.14981944444444445
1 0.6624296875000001 0.3534375 0.05046875000000002 0.15331944444444445
0 0.28064062500000003 0.5991805555555555 0.057734375000000025 0.1823055555555556
0 0.47783984375 0.8420694444444444 0.06616406250000004 0.17394444444444446
