0 0.7714296875000001 0.3904652777777778 0.05909374999999999 0.14148611111111112
0 0.726125 0.43602083333333336 0.04906250000000005 0.16623611111111106
0 0.65739453125 0.3735833333333334 0.0644453125 0.15252777777777776
0 0.6258437499999999 0.43456944444444445 0.052031250000000015 0.1720833333333333
2 0.46803515625000003 0.20511805555555557 0.04058593749999995 0.15848611111111113
0 0.8437382812499999 0.4324930555555555 0.05330468750000002 0.15165277777777778
1 0.5666132812500001 0.39168749999999997 0.06378906249999998 0.1592638888888889
0 0.32810546875 0.5053958333333333 0.059507812500000014 0.16770833333333332
0 0.5420390625 0.8335 0.07075000000000005 0.18994444444444444
0 0.39599609375 0.6613333333333333 0.0712890625 0.17347222222222228
