0 0.63791015625 0.41037500000000005 0.042367187500000014 0.19055555555555553
0 0.54580078125 0.8787291666666666 0.05846093749999994 0.23129166666666678
0 0.682 0.7141180555555555 0.05212500000000002 0.23537499999999995
0 0.82548828125 0.7682638888888889 0.054039062500000054 0.19263888888888886
0 0.58647265625 0.5220763888888889 0.043851562499999996 0.20273611111111106
2 0.79036328125 0.47741666666666666 0.06488281250000005 0.1980555555555556
1 0.48197656250000004 0.43633333333333335 0.06712499999999996 0.1811111111111111
0 0.61228515625 0.6879097222222222 0.05622656250000002 0.2553194444444445
0 0.5735703125 0.8627083333333334 0.057421875 0.24255555555555552
0 0.38439843749999997 0.7088055555555556 0.06267187499999997 0.2248055555555555
