0 0.9527148437499999 0.42239583333333336 0.06039843750000014 0.12206944444444442
0 0.78623828125 0.5063888888888889 0.06539843750000003 0.14525
0 0.61435546875 0.4086111111111111 0.06608593749999994 0.13388888888888886
0 0.60240234375 0.46990972222222227 0.06133593749999999 0.14345833333333335
2 0.578296875 0.20002083333333334 0.03965624999999999 0.14262500000000003
0 0.9675 0.5320416666666666 0.06500000000000003 0.1541388888888889
1 0.6935 0.3484513888888889 0.06103125 0.14776388888888886
0 0.4218984375 0.6134305555555555 0.059375 0.15391666666666665
0 0.69326953125 0.8302222222222222 0.05267968750000005 0.12747222222222218
0 0.4612421875 0.7513263888888888 0.06528124999999996 0.20473611111111106
0 0.684921875 0.8388333333333334 0.06218750000000002 0.12938888888888883
