0 0.71434375 0.4301666666666667 0.070109375 0.16808333333333333
0 0.6979296875000001 0.4741805555555555 0.06134374999999999 0.18688888888888888
0 0.6323203125 0.39647222222222217 0.07645312499999993 0.1667777777777778
0 0.604078125 0.4718958333333333 0.04978125000000002 0.19812499999999997
2 0.41669921875 0.2450138888888889 0.04135156250000001 0.16497222222222224
0 0.77155078125 0.45988194444444447 0.05474218750000004 0.1707916666666667
1 0.5116835937499999 0.4418819444444444 0.07642968750000004 0.14731944444444445
0 0.21008203124999997 0.5306666666666667 0.05969531250000002 0.2285277777777778
0 0.44071484375000003 0.8713402777777778 0.08655468749999998 0.25629166666666664
0 0.18287499999999998 0.7000972222222223 0.06007812499999998 0.2423611111111112
