0 0.828140625 0.7061388888888889 0.062796875 0.17997222222222228
0 0.74597265625 0.3973125 0.061460937499999965 0.1360416666666667
2 0.9527187500000001 0.2400486111111111 0.022265625 0.1320972222222222
2 0.35105859375000004 0.933625 0.06935156249999999 0.13275000000000006
0 0.0231640625 0.5595902777777777 0.046328125 0.18173611111111107
0 0.12438281250000001 0.3530625 0.05328125 0.1212083333333333
0 0.431171875 0.7296875 0.0515625 0.1859305555555555
0 0.227015625 0.4997916666666667 0.07101562499999999 0.1314444444444445
0 0.53676953125 0.3629375 0.04100781249999992 0.11451388888888892
2 0.44490234374999993 0.41930555555555554 0.038351562500000026 0.14172222222222225
0 0.16832421874999998 0.5275833333333334 0.05497656249999998 0.16144444444444445
0 0.3812890625 0.7609652777777778 0.06726562500000002 0.17662500000000003
0 0.27692187500000004 0.33893055555555557 0.044062500000000025 0.11538888888888886
