0 0.47046484375000003 0.7047916666666667 0.045320312499999994 0.19013888888888886
0 0.64455078125 0.7641527777777777 0.056601562500000036 0.15588888888888883
0 0.6925000000000001 0.3259444444444445 0.04309374999999997 0.1313333333333333
0 0.71369140625 0.6554652777777777 0.06707031250000002 0.18206944444444448
0 0.45056250000000003 0.7271180555555555 0.05440624999999999 0.1906805555555555
0 0.70646875 0.3564791666666667 0.04243750000000004 0.1479305555555556
2 0.494515625 0.18563888888888888 0.032781250000000026 0.13627777777777778
1 0.7367421875 0.32204166666666667 0.042828125000000036 0.1500833333333333
0 0.2200390625 0.5575972222222223 0.05310937499999999 0.1765
0 0.5065039062500001 0.857548611111111 0.06957031250000005 0.14818055555555548
0 0.07437890625000002 0.884826388888889 0.0777421875 0.21445833333333328
