0 0.25562890625 0.28376388888888887 0.0541953125 0.13744444444444442
0 0.24066015625 0.4276458333333333 0.06602343749999999 0.12923611111111113
0 0.8350156249999999 0.8898750000000001 0.095609375 0.2183888888888889
0 0.6837187499999999 0.3482291666666667 0.04879687500000003 0.11873611111111117
0 0.63871875 0.2801805555555556 0.045218749999999995 0.09794444444444446
0 0.18515625 0.5261666666666667 0.06392187500000002 0.1428333333333333
0 0.5550195312499999 0.6047013888888889 0.07532031249999997 0.16968055555555558
0 0.7799023437500001 0.4217916666666667 0.06982031250000001 0.12061111111111116
2 0.03746484375 0.6738333333333333 0.049304687500000006 0.19097222222222215
1 0.08399218750000001 0.4060347222222222 0.07862500000000001 0.13018055555555555
