0 0.738875 0.4169513888888889 0.04731249999999996 0.16079166666666664
0 0.7200078124999999 0.5153263888888888 0.05792187499999999 0.1772083333333333
0 0.57061328125 0.3823888888888889 0.05024218749999996 0.15141666666666664
0 0.68356640625 0.4452708333333334 0.057710937500000004 0.16295833333333332
2 0.4654375 0.2533958333333333 0.041031249999999984 0.15504166666666666
0 0.8071171874999999 0.45164583333333336 0.05653125000000001 0.17923611111111104
1 0.55973828125 0.45406944444444436 0.07152343749999997 0.13375
0 0.40866015625 0.4518263888888889 0.05625781250000004 0.19468055555555555
0 0.55704296875 0.7999166666666667 0.07396093750000006 0.22369444444444445
0 0.13297656249999998 0.7787083333333332 0.08049999999999999 0.22213888888888889
