0 0.7471249999999999 0.41994444444444445 0.04190624999999999 0.1749444444444444
0 0.68855078125 0.4653819444444444 0.03796093750000003 0.14204166666666665
0 0.65137109375 0.39555555555555555 0.04708593749999999 0.1813333333333333
0 0.70093359375 0.3990416666666667 0.06471093750000004 0.17380555555555555
2 0.4755 0.2647638888888889 0.041234374999999976 0.16161111111111112
0 0.8035585937499998 0.46896527777777774 0.07157031249999993 0.17276388888888894
1 0.5697265625 0.4602152777777778 0.08078125000000007 0.1277638888888889
0 0.33943359375000004 0.4246388888888889 0.05116406250000001 0.18747222222222223
0 0.70669140625 0.7069097222222223 0.06600781249999992 0.21748611111111107
0 0.07396484375000001 0.9440972222222223 0.08686718750000001 0.11175000000000004
