0 0.3498359375 0.33087500000000003 0.06231249999999999 0.14358333333333337
0 0.4177890625 0.37753472222222223 0.07140625000000003 0.11701388888888889
0 0.70127734375 0.6429305555555556 0.06257031249999993 0.18688888888888897
0 0.7961796875 0.39695833333333336 0.057609375000000004 0.14066666666666666
0 0.6423554687499999 0.4189097222222222 0.05278906250000004 0.15993055555555558
0 0.11343359374999999 0.4319027777777778 0.05500781250000001 0.1280277777777778
0 0.6122109375000001 0.5236458333333333 0.070609375 0.13209722222222217
0 0.79522265625 0.5020625 0.07005468750000006 0.15551388888888892
2 0.9873632812500001 0.3572569444444445 0.02527343749999993 0.16212499999999994
2 0.0447734375 0.6282708333333333 0.062765625 0.17568055555555556
