0 0.7664140625 0.6230763888888889 0.07426562499999996 0.16179166666666667
0 0.3437421875 0.8570625000000001 0.09900000000000002 0.1999027777777777
0 0.46426171875 0.3929305555555556 0.04897656250000004 0.16080555555555556
0 0.33146484374999996 0.46867361111111117 0.0710390625 0.14854166666666666
0 0.8250507812500001 0.6769791666666668 0.09835156249999999 0.14865277777777783
0 0.45005468749999994 0.4164027777777778 0.050484375000000005 0.18163888888888888
2 0.4470976562500001 0.26440277777777776 0.03775781250000003 0.16822222222222222
1 0.5355117187499999 0.40240972222222227 0.06616406249999995 0.1532361111111111
0 0.23623828125 0.5642569444444444 0.05953906250000003 0.18865277777777775
0 0.17740625 0.6562361111111111 0.060406250000000015 0.19480555555555554
