0 0.7831328125000001 0.38814583333333336 0.06100000000000003 0.1397916666666667
0 0.73567578125 0.4332638888888889 0.0478515625 0.16369444444444442
0 0.66665234375 0.3747569444444444 0.06742968750000004 0.15359722222222222
0 0.6337265625 0.4332916666666667 0.05298437500000004 0.1669722222222222
2 0.48045312500000004 0.20182638888888887 0.04034374999999999 0.15740277777777775
0 0.8578281249999999 0.4335486111111111 0.05545312500000001 0.15079166666666666
1 0.5781328125 0.3834166666666667 0.062703125 0.15799999999999997
0 0.34278906249999996 0.5032777777777778 0.06165625000000001 0.1634722222222222
0 0.5582812500000001 0.8332847222222223 0.06860937499999994 0.1920694444444444
0 0.41754687500000004 0.6610208333333333 0.07164062499999994 0.1728472222222222
