2 0.71103125 0.2925833333333333 0.03610937500000002 0.15075000000000002
0 0.7726249999999999 0.5515833333333333 0.06429687499999996 0.13769444444444442
0 0.5757109375 0.5649583333333333 0.05385937499999995 0.14013888888888892
0 0.27514453125 0.4186111111111111 0.05430468749999999 0.15369444444444447
0 0.5180859375000001 0.5161597222222222 0.06634374999999997 0.1382638888888889
0 0.7116796875 0.5202986111111111 0.044906250000000016 0.17373611111111115
0 0.1189375 0.4951805555555555 0.06468749999999998 0.1447222222222222
0 0.35929296875 0.34441666666666665 0.052132812500000014 0.1200833333333333
0 0.4104609375 0.38389583333333327 0.05290625000000002 0.1299027777777778
1 0.84342578125 0.48047222222222224 0.04955468750000005 0.1765277777777778
