0 0.0379765625 0.5567430555555556 0.06146875 0.19729166666666667
0 0.276078125 0.6327986111111111 0.061125000000000006 0.16773611111111109
0 0.41131640625 0.9312013888888889 0.06632031249999995 0.11940277777777782
0 0.317359375 0.8829861111111111 0.07565624999999998 0.2257777777777777
0 0.09503515625 0.7236597222222222 0.06733593750000001 0.1656805555555555
0 0.5940703125 0.8339166666666668 0.09024999999999998 0.19327777777777774
2 0.48553515625 0.3162986111111111 0.03461718749999996 0.139625
0 0.54819921875 0.672 0.08694531250000007 0.17333333333333334
2 0.4341015625 0.9701527777777778 0.10107812500000005 0.05969444444444447
1 0.97514453125 0.39715277777777774 0.04971093750000009 0.15011111111111114
