0 0.62647265625 0.6135972222222221 0.06294531249999995 0.1891388888888889
0 0.33871875 0.465625 0.045968750000000023 0.1735555555555556
0 0.3794765625 0.6199652777777778 0.05875000000000004 0.19168055555555555
0 0.45776953125 0.3418541666666667 0.054617187499999977 0.11765277777777779
0 0.57566796875 0.48720138888888886 0.05682031250000001 0.16187500000000002
0 0.7175 0.4754652777777778 0.050390625 0.17856944444444445
0 0.95724609375 0.7076944444444445 0.06224218749999988 0.19944444444444448
0 0.4958828125 0.3760694444444444 0.058171875000000026 0.13830555555555557
2 0.8838437499999999 0.38457638888888884 0.03781250000000007 0.166625
1 0.8790703125 0.5399305555555556 0.050843749999999945 0.1637222222222222
