0 0.5849023437499999 0.6036041666666667 0.061898437500000014 0.17790277777777774
0 0.28854296875 0.4615486111111111 0.04875781250000002 0.17540277777777774
0 0.3478984375 0.6227777777777778 0.059453125000000016 0.1873333333333334
0 0.47776562499999997 0.33063888888888887 0.05321875 0.11763888888888892
0 0.54848046875 0.46538194444444453 0.05438281250000001 0.156875
0 0.704515625 0.462375 0.054593749999999996 0.17236111111111108
0 0.9742734375000002 0.6859722222222223 0.05145312499999992 0.19944444444444448
0 0.47096484375000003 0.3710833333333333 0.06521093750000002 0.12708333333333333
2 0.8747265625 0.3858263888888888 0.037812499999999895 0.16662499999999997
1 0.8695937499999999 0.5315069444444445 0.04803125000000001 0.17184722222222223
