0 0.74257421875 0.6188541666666667 0.05700781250000002 0.16462499999999997
0 0.74505078125 0.4302152777777778 0.04174218749999996 0.13420833333333332
2 0.88828515625 0.2437291666666667 0.030679687500000163 0.12279166666666666
2 0.51411328125 0.9358819444444445 0.05060156250000007 0.12823611111111116
0 0.1029296875 0.6127847222222222 0.055874999999999994 0.17304166666666662
0 0.19307421875 0.40749305555555554 0.037742187500000024 0.13684722222222226
0 0.37963281249999997 0.6315000000000001 0.05270312499999998 0.16475
0 0.35996484375 0.5093541666666667 0.03805468750000003 0.12718055555555555
0 0.37566796875 0.4077777777777778 0.04386718750000003 0.11341666666666667
2 0.413578125 0.4717569444444444 0.039953125000000034 0.13795833333333332
0 0.3787421875 0.5184583333333332 0.037968749999999975 0.13274999999999998
0 0.42093749999999996 0.6236805555555556 0.04831250000000002 0.14166666666666666
0 0.39249609375 0.41879861111111105 0.03283593749999998 0.13051388888888885
