0 0.6369492187500001 0.6302291666666666 0.07563281250000005 0.1710416666666667
0 0.362390625 0.4985555555555556 0.07493750000000002 0.14833333333333334
0 0.38064062499999995 0.6389305555555556 0.06221874999999999 0.16652777777777783
0 0.40822265625 0.35215972222222225 0.05363281250000003 0.13643055555555558
0 0.5582499999999999 0.5338402777777778 0.07010937499999992 0.1582916666666667
0 0.62141015625 0.488875 0.0571328125 0.16011111111111107
0 0.74737109375 0.7831874999999999 0.06852343750000003 0.22023611111111102
0 0.48209765625 0.39786805555555554 0.07224218750000003 0.15362499999999998
2 0.76887890625 0.37024305555555553 0.038710937500000056 0.16520833333333335
1 0.76208203125 0.5368472222222221 0.053617187499999996 0.1546111111111111
