0 0.32744140625 0.7133819444444445 0.050898437499999984 0.1979583333333333
0 0.51745703125 0.8069583333333333 0.06102343750000001 0.19191666666666668
0 0.638296875 0.3602847222222222 0.04496874999999996 0.13693055555555553
0 0.6262734375 0.7540694444444443 0.08385937499999993 0.17769444444444443
0 0.2908046875 0.7574583333333333 0.05948437499999999 0.20536111111111105
0 0.66653125 0.38914583333333336 0.05131249999999996 0.12309722222222222
2 0.44556640625000005 0.20709722222222224 0.03277343749999995 0.12808333333333333
1 0.6777656249999999 0.34392361111111114 0.058687500000000004 0.13993055555555556
0 0.1096015625 0.5862569444444444 0.05689062499999999 0.16970833333333332
0 0.46562109375 0.8778194444444444 0.07782031249999992 0.15491666666666662
0 0.023828125 0.855625 0.04765625 0.22319444444444436
