0 0.42677734375 0.7059444444444444 0.04650781249999998 0.19686111111111104
0 0.6038828125 0.7778541666666667 0.058015624999999994 0.16740277777777782
0 0.67515625 0.33693749999999995 0.04368749999999997 0.133125
0 0.68909375 0.6822708333333334 0.06942187500000001 0.1819027777777778
0 0.40182421875 0.7341736111111111 0.056039062500000014 0.1953750000000001
0 0.6936875 0.36693749999999997 0.04528124999999994 0.13998611111111106
2 0.47885546874999996 0.19250694444444444 0.03277343749999995 0.1336527777777778
1 0.7204296875 0.3282222222222222 0.04790624999999995 0.14683333333333334
0 0.1915703125 0.5571666666666666 0.05431250000000003 0.1743333333333334
0 0.49341796875000005 0.8640416666666667 0.07221093749999996 0.15033333333333335
0 0.0638359375 0.8693680555555555 0.079375 0.22948611111111097
