0 0.76841796875 0.6599444444444444 0.0584921875 0.18322222222222223
0 0.754765625 0.4093194444444444 0.040031250000000004 0.14577777777777778
2 0.89782421875 0.23204166666666665 0.026773437499999986 0.1308888888888889
2 0.46003515625 0.9315694444444444 0.07210156249999997 0.13686111111111107
0 0.032796875 0.5937986111111111 0.05221875 0.19948611111111111
0 0.14369921875 0.38700694444444445 0.03797656250000001 0.13220833333333332
0 0.39325 0.6586944444444445 0.04440624999999998 0.15300000000000002
0 0.2743671875 0.5264375 0.04431250000000002 0.12943055555555555
0 0.41507421874999995 0.3702361111111111 0.04100781249999996 0.11452777777777778
2 0.40507031250000003 0.4483263888888888 0.03798437499999996 0.14987500000000004
0 0.26228125 0.5446736111111111 0.047937499999999966 0.16681944444444446
0 0.408109375 0.7050486111111111 0.050359375000000026 0.17773611111111115
0 0.30795703125 0.38768055555555553 0.04816406249999998 0.1338611111111111
