0 0.3746875 0.7708819444444444 0.075234375 0.19951388888888894
0 0.11371875000000001 0.4027569444444445 0.066453125 0.14115277777777782
2 0.8041484375 0.16709722222222223 0.039406249999999955 0.13249999999999998
0 0.5225390624999999 0.371625 0.04835937499999998 0.14747222222222228
1 0.81759375 0.3098402777777778 0.0657343749999999 0.1510694444444445
0 0.53486328125 0.6108194444444444 0.0630859375 0.16227777777777774
0 0.46940234375 0.4936875 0.059992187499999974 0.15259722222222222
0 0.8438281249999999 0.24921527777777777 0.056984374999999865 0.07454166666666669
0 0.61198828125 0.8300902777777778 0.052742187499999996 0.12620833333333334
0 0.58139453125 0.8392291666666667 0.059507812499999965 0.1458472222222222
