0 0.71523828125 0.42980555555555555 0.06991406250000001 0.1645277777777778
0 0.69812890625 0.4766666666666666 0.06135156249999998 0.17983333333333335
0 0.6284609375000001 0.39647222222222217 0.06873437499999993 0.1667777777777778
0 0.6030859375000001 0.47172916666666664 0.04978124999999993 0.1956527777777778
2 0.4145390625 0.24375 0.041343750000000054 0.1668611111111111
0 0.7683710937500001 0.4591805555555556 0.056351562499999994 0.17080555555555557
1 0.50851171875 0.44638888888888884 0.07886718750000003 0.14575
0 0.18926953124999998 0.5225069444444445 0.0653984375 0.22590277777777776
0 0.43389453125 0.8704166666666667 0.08891406249999996 0.25749999999999995
0 0.1488359375 0.7037291666666667 0.060078125 0.24237500000000006
