2 0.8461562499999999 0.2733611111111111 0.04196875000000002 0.14030555555555557
0 0.81847265625 0.5972361111111111 0.054648437499999945 0.1698333333333333
0 0.623046875 0.6980555555555555 0.056015625000000034 0.20077777777777778
0 0.3264296875 0.3851319444444445 0.04989062500000001 0.1224027777777778
0 0.44148046875 0.48600000000000004 0.05250781250000003 0.171
0 0.70600390625 0.8412083333333334 0.09116406249999995 0.20133333333333323
0 0.16353125 0.37261111111111106 0.057109375 0.14452777777777778
0 0.75058984375 0.3522916666666666 0.04291406250000005 0.1456111111111111
0 0.851140625 0.45629861111111114 0.05954687500000002 0.15468055555555557
1 0.9779492187500001 0.4689999999999999 0.04410156250000004 0.1766388888888889
