0 0.56025390625 0.6354166666666666 0.08167968749999996 0.1876944444444445
0 0.23453125 0.2512916666666667 0.05118749999999998 0.1108888888888889
0 0.8909804687499999 0.6491041666666667 0.06749218750000008 0.18901388888888884
2 0.5837148437499999 0.17658333333333334 0.0415078125 0.1562222222222222
0 0.48130468749999994 0.29163194444444446 0.05265624999999998 0.1492361111111111
1 0.61671484375 0.330875 0.06694531250000005 0.18136111111111108
0 0.67821875 0.7194236111111111 0.09098437500000003 0.2224027777777777
0 0.26328125 0.44827083333333334 0.06356250000000001 0.16681944444444446
0 0.65561328125 0.29345138888888894 0.05491406250000006 0.06270833333333334
0 0.26177734375000006 0.8003680555555556 0.09136718749999999 0.17715277777777771
