0 0.71425390625 0.43020833333333336 0.07013281249999999 0.1684444444444444
0 0.6979101562500001 0.4739375 0.06135156250000007 0.18759722222222222
0 0.6322421874999999 0.39610416666666665 0.075875 0.16584722222222217
0 0.60417578125 0.47191666666666665 0.04977343750000003 0.1983611111111111
2 0.41691015625 0.24513888888888888 0.04135156250000001 0.16477777777777775
0 0.77187109375 0.4599513888888888 0.0545859375 0.17079166666666662
1 0.51200390625 0.4414305555555556 0.0761796875 0.14747222222222223
0 0.21216015625 0.5314930555555556 0.05911718749999999 0.2287916666666667
0 0.44139453125 0.8714305555555556 0.08632031250000001 0.2561666666666666
0 0.18628125 0.699736111111111 0.06007812499999998 0.24236111111111103
