2 0.72466015625 0.28727083333333336 0.03610156249999994 0.1507638888888889
0 0.7817695312499999 0.5462708333333334 0.059632812499999945 0.14151388888888888
0 0.5873671874999999 0.5574166666666667 0.05231249999999994 0.1365277777777778
0 0.28554296875 0.41308333333333336 0.05191406250000004 0.1553888888888889
0 0.53058203125 0.5126458333333334 0.06622656249999999 0.14015277777777782
0 0.71933203125 0.5098958333333333 0.044679687500000044 0.17459722222222226
0 0.13729296875000002 0.4902986111111111 0.06289843750000002 0.14345833333333335
0 0.36623046875 0.33793055555555557 0.0514140625 0.1190277777777778
0 0.416140625 0.3787916666666667 0.053265625000000004 0.12947222222222218
1 0.8551367187500001 0.47431249999999997 0.05050781250000007 0.17906944444444445
