0 0.74136328125 0.4036388888888889 0.04158593749999993 0.16516666666666666
0 0.7100937500000001 0.46647222222222223 0.05612500000000002 0.17011111111111113
0 0.63232421875 0.3930208333333334 0.05546093750000001 0.16981944444444447
0 0.68825 0.4398611111111111 0.043390624999999974 0.16883333333333336
2 0.49065234375000005 0.2593333333333333 0.03880468749999997 0.15450000000000003
0 0.8181015625000001 0.4566875 0.056374999999999974 0.18126388888888886
1 0.57787109375 0.4570694444444445 0.06985156249999998 0.13261111111111107
0 0.42007031250000004 0.44976388888888885 0.05862500000000002 0.1953333333333333
0 0.5964921875 0.7351249999999999 0.07523437499999996 0.19016666666666668
0 0.10558593749999998 0.7047708333333335 0.073421875 0.21879166666666672
