2 0.7090546874999999 0.30564583333333334 0.042671875000000005 0.14012499999999997
0 0.7791796874999999 0.6104583333333333 0.07023437499999999 0.15769444444444447
0 0.54582421875 0.6792777777777779 0.06413281250000002 0.18922222222222232
0 0.25809375 0.3995972222222222 0.04256250000000002 0.1296944444444444
0 0.400390625 0.5014305555555555 0.04765625 0.16380555555555557
0 0.7580234375 0.7812708333333334 0.06026562499999999 0.21440277777777786
0 0.06147265625 0.42636805555555557 0.0526796875 0.14448611111111112
0 0.5274140625 0.3877222222222222 0.044500000000000026 0.14125
0 0.63128125 0.4499652777777778 0.04368749999999997 0.1675694444444445
1 0.8643750000000001 0.5044583333333333 0.06875 0.16052777777777777
