0 0.715953125 0.42951388888888886 0.06974999999999998 0.16166666666666663
0 0.69829296875 0.4786458333333333 0.06135156250000007 0.1741805555555555
0 0.62537109375 0.39647222222222217 0.06255468749999996 0.1667777777777778
0 0.6022929687499999 0.47159722222222217 0.049789062499999925 0.19369444444444442
2 0.41281640625 0.24274305555555553 0.04135156250000001 0.168375
0 0.765828125 0.4586180555555555 0.057624999999999996 0.17081944444444447
1 0.50596875 0.4499930555555556 0.08082812500000003 0.14448611111111107
0 0.172625 0.5159791666666667 0.06996875 0.22379166666666667
0 0.42844140625 0.8696805555555557 0.09080468749999997 0.2584444444444445
0 0.12160937499999999 0.7066319444444444 0.06007812500000002 0.24237499999999998
