0 0.62090625 0.7087083333333333 0.05173437500000002 0.15141666666666664
0 0.69619140625 0.7833541666666667 0.05453906249999996 0.12140277777777789
0 0.62781640625 0.3628958333333333 0.038460937500000014 0.1580416666666667
0 0.6005546875000001 0.5705069444444444 0.05864062500000004 0.17051388888888885
0 0.62239453125 0.7620347222222221 0.05247656249999997 0.17973611111111115
0 0.6092968750000001 0.37270833333333336 0.04543749999999998 0.1648611111111111
2 0.4749296875 0.21353472222222222 0.030281249999999992 0.15045833333333333
1 0.65176953125 0.35868055555555556 0.052617187500000016 0.15258333333333335
0 0.28491796875 0.6007916666666666 0.06007031249999999 0.18302777777777773
0 0.4667890625 0.8336041666666666 0.06537500000000004 0.17879166666666654
