0 0.73926171875 0.4112986111111111 0.04453906249999999 0.1620694444444445
0 0.7165859375 0.4944027777777778 0.05709374999999994 0.17186111111111105
0 0.59683203125 0.3851180555555555 0.05171093749999996 0.15945833333333334
0 0.6856875 0.4426597222222223 0.050046875000000046 0.16559722222222217
2 0.47739062499999996 0.2558958333333333 0.03985937500000007 0.1547638888888889
0 0.8115 0.45306944444444447 0.0564531249999999 0.18030555555555555
1 0.56758984375 0.4549722222222223 0.07152343749999997 0.13375
0 0.41698828125 0.45119444444444445 0.059992187499999974 0.1947777777777778
0 0.56858203125 0.7707708333333332 0.07638281249999998 0.21406944444444445
0 0.12280078125 0.7442430555555556 0.07692968749999998 0.22087500000000004
