0 0.636328125 0.4126111111111111 0.03920312500000005 0.18608333333333332
0 0.5997656250000001 0.8540763888888888 0.05846875000000003 0.23329166666666654
0 0.687328125 0.7169097222222222 0.04900000000000002 0.22979166666666664
0 0.8082499999999999 0.7515138888888889 0.05840625000000008 0.22608333333333339
0 0.57393359375 0.5114722222222222 0.04888281249999995 0.21055555555555558
2 0.76055859375 0.4512222222222222 0.06928906250000004 0.1925277777777778
1 0.48196874999999995 0.4402638888888889 0.053312500000000006 0.18450000000000005
0 0.65938671875 0.6629236111111111 0.062460937500000036 0.2120416666666666
0 0.6124921875 0.8241944444444446 0.06371874999999996 0.2235277777777777
0 0.347375 0.7511944444444445 0.05890624999999998 0.2248055555555555
