0 0.40268359374999996 0.3070277777777778 0.046585937499999994 0.12694444444444442
0 0.4016796875 0.38602777777777775 0.04706250000000001 0.1183888888888889
0 0.9245078124999999 0.8094722222222223 0.06912499999999984 0.23125000000000007
0 0.8787812500000001 0.3842083333333333 0.047765625000000075 0.10900000000000003
0 0.81840625 0.37045833333333333 0.05828124999999993 0.14755555555555558
0 0.17248437500000002 0.4749027777777778 0.063390625 0.14283333333333337
0 0.8204218749999999 0.6464930555555556 0.08025000000000002 0.16523611111111114
0 0.97080859375 0.4662638888888889 0.057476562500000127 0.12175000000000004
2 0.19966796874999998 0.7005902777777777 0.07241406250000001 0.20584722222222218
1 0.047015625 0.4733541666666667 0.06453125000000001 0.14095833333333335
