0 0.62939453125 0.5261458333333333 0.07547656249999993 0.15498611111111116
0 0.4745078125 0.21959027777777781 0.059218749999999966 0.1179027777777778
0 0.7566015625 0.6164930555555556 0.06398437499999998 0.17923611111111104
2 0.5180625 0.14602777777777778 0.042953125000000016 0.14519444444444443
0 0.53534765625 0.2523611111111111 0.05432031249999998 0.17561111111111108
1 0.6213124999999999 0.3318055555555555 0.07101562499999999 0.1829722222222222
0 0.7224296875 0.6675694444444444 0.089546875 0.1864722222222222
0 0.26306640625 0.43443750000000003 0.07574218749999999 0.16490277777777781
0 0.6557070312500001 0.2764513888888889 0.06077343750000006 0.08251388888888889
0 0.15508984374999998 0.7956805555555555 0.0763984375 0.2228611111111111
