0 0.52416015625 0.5818611111111112 0.06102343750000001 0.1651666666666666
0 0.196015625 0.4623888888888889 0.05190625 0.1769444444444444
0 0.28678515625 0.6361527777777778 0.06133593749999999 0.18802777777777785
0 0.4962578125 0.32268749999999996 0.053828124999999984 0.120625
0 0.49184765625000004 0.43361805555555555 0.05227343749999998 0.15395833333333336
0 0.6680234374999999 0.44556944444444446 0.06098437500000005 0.16463888888888883
0 0.9722421875 0.6377013888888888 0.0471562500000001 0.1979583333333333
0 0.4394335937499999 0.3696666666666667 0.06705468750000003 0.12122222222222222
2 0.8520468749999999 0.3919722222222223 0.03881250000000005 0.16572222222222222
1 0.8422148437499999 0.5232361111111111 0.044882812500000036 0.1820277777777778
