0 0.71658203125 0.42925694444444445 0.06961718750000001 0.15918055555555558
0 0.6984296875 0.48038888888888887 0.06135937499999997 0.16922222222222227
0 0.6226679687500001 0.39647222222222217 0.05714843749999998 0.1667777777777778
0 0.60159765625 0.4714722222222223 0.049789062500000016 0.19197222222222218
2 0.4113007812499999 0.24186111111111108 0.04135156249999996 0.16969444444444443
0 0.76359765625 0.458125 0.05874218750000004 0.17083333333333334
1 0.5037499999999999 0.45315277777777774 0.08253124999999999 0.1433888888888889
0 0.1580546875 0.5102638888888889 0.07396875 0.22194444444444447
0 0.42366796875000007 0.8690347222222221 0.09246093750000002 0.2592916666666666
0 0.09778125 0.7091736111111111 0.06007812500000002 0.24237499999999998
