0 0.6413203125 0.37710416666666663 0.03307812499999994 0.18273611111111115
0 0.6350117187500001 0.7148541666666666 0.06932031249999993 0.2085138888888889
0 0.7079453125 0.6973055555555555 0.05731250000000001 0.22005555555555556
0 0.7042734375 0.6509166666666666 0.05234375 0.18075000000000005
0 0.5823750000000001 0.44427777777777777 0.048562499999999974 0.18525
2 0.6853984375 0.3718055555555556 0.04078124999999995 0.17922222222222225
1 0.5040078125 0.4061527777777778 0.03696874999999995 0.1683055555555555
0 0.7916171875 0.6280347222222222 0.07871875000000009 0.19284722222222225
0 0.5653710937499999 0.6977569444444445 0.06800781250000006 0.18598611111111116
0 0.26416015625 0.8563333333333333 0.06605468749999996 0.2292500000000001
0 0.03503125 0.9512222222222222 0.0700625 0.09755555555555556
