0 0.24840625000000002 0.44116666666666665 0.060375000000000026 0.1693611111111111
0 0.40838671875 0.5176875 0.07600781250000002 0.1479583333333333
0 0.5368046874999999 0.9390138888888888 0.06632812499999999 0.12197222222222229
0 0.05550000000000001 0.5784444444444444 0.062921875 0.18077777777777781
0 0.42888671875 0.8097152777777777 0.07461718749999999 0.2221250000000001
0 0.32498828125 0.6543055555555556 0.06725781249999999 0.18469444444444447
0 0.7880429687499999 0.8451597222222224 0.08227343749999996 0.2234027777777778
2 0.744515625 0.25559027777777776 0.05354687499999997 0.13265277777777776
0 0.772546875 0.5588055555555556 0.08584375 0.1344166666666667
2 0.67534375 0.9478194444444445 0.059218750000000056 0.1043611111111111
