0 0.56892578125 0.63 0.08714843749999997 0.18661111111111106
0 0.24501171875 0.2477986111111111 0.05057031250000001 0.10954166666666668
0 0.881671875 0.6502152777777778 0.06603124999999999 0.18901388888888893
2 0.5764140624999999 0.17658333333333334 0.043031250000000035 0.1562222222222222
0 0.48305078125000006 0.2897638888888889 0.05036718749999993 0.1529722222222222
1 0.61184375 0.3325069444444444 0.06785937500000001 0.18190277777777777
0 0.68361328125 0.7184791666666666 0.09021093750000002 0.22320833333333331
0 0.2603125 0.4501597222222222 0.065234375 0.16681944444444446
0 0.6511210937499999 0.29534027777777777 0.054757812500000023 0.06270833333333334
0 0.25706640625 0.7976597222222223 0.09046093750000002 0.1771527777777778
