0 0.71775390625 0.4281736111111111 0.06802343749999995 0.1588194444444444
0 0.6989453125 0.47941666666666666 0.06135937499999997 0.16852777777777783
0 0.6220390625000001 0.39647222222222217 0.05589062499999997 0.1667777777777778
0 0.6019882812499999 0.46952777777777777 0.049789062500000016 0.19172222222222218
2 0.41022265625000004 0.24122916666666666 0.04135156249999996 0.170625
0 0.76376953125 0.45805555555555555 0.05792968750000007 0.17083333333333334
1 0.50216015625 0.4554097222222222 0.08375781250000003 0.14259722222222224
0 0.14765234375 0.5061805555555555 0.07682031249999999 0.2206388888888889
0 0.42025781250000005 0.8685763888888889 0.093640625 0.2599027777777779
0 0.0807578125 0.7109861111111111 0.060078124999999996 0.24236111111111103
