0 0.9297812499999999 0.4043055555555556 0.05865625000000012 0.12591666666666665
0 0.79164453125 0.4721597222222223 0.05977343749999999 0.13987499999999997
0 0.6556796874999999 0.39938194444444447 0.07774999999999999 0.1523472222222222
0 0.6448203125 0.4587777777777778 0.06999999999999992 0.1519444444444444
2 0.5713710937500001 0.19002083333333333 0.039664062499999986 0.142625
0 0.9716093749999999 0.49932638888888886 0.05678125000000005 0.1502638888888889
1 0.68094140625 0.34460416666666666 0.060148437500000006 0.15237500000000004
0 0.43943359375 0.5703402777777777 0.06155468749999997 0.1554861111111111
0 0.6887187499999999 0.8344583333333333 0.06178125000000003 0.13594444444444445
0 0.49868359375000004 0.7221041666666667 0.06916406250000007 0.19090277777777775
0 0.6334257812499999 0.8650069444444445 0.06307031250000002 0.13556944444444446
