0 0.18596093749999998 0.7208680555555556 0.053906249999999975 0.20765277777777777
0 0.35936328125 0.8331597222222222 0.06714843749999999 0.19740277777777793
0 0.5733007812500001 0.3831111111111112 0.045601562500000005 0.15300000000000002
0 0.47328515625000006 0.8125555555555555 0.057992187499999924 0.2011111111111112
0 0.10369921874999999 0.7639097222222222 0.06864843749999999 0.1943194444444445
0 0.64541015625 0.40325000000000005 0.04838281250000005 0.13875000000000004
2 0.37350390625 0.23043055555555556 0.03246093750000001 0.13441666666666668
1 0.6127109374999999 0.36832638888888886 0.05659375000000004 0.1329861111111111
0 0.025515624999999997 0.5747222222222222 0.05103124999999999 0.17413888888888887
0 0.40940624999999997 0.9061388888888888 0.07450000000000001 0.15347222222222223
