0 0.02146484375 0.9248680555555555 0.0429296875 0.15026388888888897
2 0.74590625 0.19370138888888888 0.03271875 0.13101388888888887
0 0.24310546875 0.5165 0.060820312500000015 0.1400555555555556
1 0.7645 0.34636805555555555 0.061421875 0.15773611111111113
0 0.13253125 0.5820902777777778 0.05931249999999999 0.16109722222222222
0 0.44760937500000003 0.5999166666666667 0.05337500000000004 0.15211111111111109
0 0.7866328125 0.2594930555555555 0.04859375000000003 0.07454166666666664
0 0.6086875 0.7922708333333333 0.06262500000000007 0.15629166666666677
0 0.58190625 0.8072638888888889 0.06609375000000002 0.15033333333333335
0 0.16517187500000002 0.7699791666666667 0.06768750000000001 0.18615277777777775
0 0.884453125 0.6628472222222223 0.053749999999999964 0.17097222222222216
