0 0.8296250000000001 0.7076388888888889 0.0627968749999999 0.1799722222222222
0 0.74584375 0.39705555555555555 0.062203125000000005 0.13547222222222216
2 0.9545781249999999 0.24056944444444445 0.021890624999999986 0.13219444444444445
2 0.3477890625 0.9341736111111112 0.07003124999999999 0.13165277777777773
0 0.02377734375 0.5576666666666666 0.0475546875 0.1820833333333333
0 0.12663671875 0.3516597222222222 0.05222656250000002 0.12101388888888888
0 0.4331796875 0.7314097222222222 0.05229687500000004 0.1859305555555555
0 0.22532812500000002 0.4985277777777778 0.07128125 0.13149999999999992
0 0.5404023437500001 0.36285416666666664 0.041007812500000004 0.11451388888888892
2 0.44621093749999996 0.41865277777777776 0.03862500000000004 0.14088888888888884
0 0.16710937499999998 0.5263541666666667 0.05626562500000001 0.16287500000000005
0 0.380296875 0.7617638888888889 0.06925000000000003 0.1754722222222222
0 0.27758203124999997 0.33747222222222223 0.0438984375 0.1152222222222222
