0 0.43695703125000007 0.35229166666666667 0.06121093750000002 0.136
0 0.59569921875 0.3951944444444444 0.05697656250000005 0.1178333333333333
0 0.25805859375 0.3615486111111111 0.05597656249999998 0.13243055555555558
0 0.5909609375 0.8706527777777778 0.08540625000000004 0.2014444444444444
0 0.0220859375 0.41942361111111115 0.044171875 0.17559722222222218
0 0.40251171875 0.6081111111111112 0.07625781249999997 0.14922222222222223
2 0.10501562499999999 0.22398611111111114 0.04467187499999999 0.13125000000000003
0 0.5456328125 0.6706111111111112 0.06875 0.1605
0 0.5098515625 0.7047708333333333 0.06273437499999997 0.1859027777777778
0 0.9233750000000001 0.8585972222222223 0.07795312499999998 0.23869444444444446
