0 0.6365937500000001 0.7079722222222222 0.05173437500000002 0.15441666666666676
0 0.68762109375 0.7950694444444445 0.054960937500000015 0.11061111111111109
0 0.61641796875 0.3661736111111111 0.03883593750000003 0.1587638888888889
0 0.57859375 0.5640000000000001 0.05823437499999997 0.16644444444444442
0 0.6420625 0.7624097222222221 0.05415625000000004 0.17454166666666662
0 0.596953125 0.3768055555555555 0.04543749999999998 0.1648611111111111
2 0.471375 0.21725694444444446 0.030281249999999992 0.15045833333333333
1 0.6441328125 0.3605277777777778 0.05449999999999999 0.15033333333333332
0 0.29005078125 0.6027291666666668 0.06286718750000002 0.18387500000000007
0 0.4477578125 0.8191111111111111 0.06328125 0.18325000000000008
