0 0.9887656249999999 0.25161805555555555 0.022468749999999992 0.134125
0 0.598140625 0.22004861111111113 0.03507812500000007 0.13251388888888888
0 0.8933867187500001 0.9472569444444444 0.06858593749999997 0.10548611111111117
0 0.4100703125 0.18664583333333332 0.03937500000000003 0.13106944444444443
0 0.48057421875 0.6329375 0.0636796875 0.1631527777777778
2 0.3154375 0.2276388888888889 0.03849999999999998 0.13091666666666668
0 0.3906640625 0.41277777777777785 0.05695312499999998 0.11463888888888892
0 0.11515624999999999 0.49777777777777776 0.047687499999999994 0.18752777777777782
0 0.64917578125 0.23768055555555556 0.05327343749999995 0.10613888888888891
0 0.07552734375 0.5821111111111111 0.056242187499999985 0.16338888888888886
