0 0.71541796875 0.4297291666666666 0.06986718750000005 0.16381944444444443
0 0.698171875 0.4771666666666667 0.06135937499999997 0.17841666666666672
0 0.6276875000000001 0.39647222222222217 0.0671875 0.1667777777777778
0 0.60288671875 0.47169444444444447 0.049789062499999925 0.19516666666666665
2 0.41410546875 0.2435 0.04135156250000001 0.16722222222222222
0 0.7677343750000001 0.4590347222222222 0.05667187500000006 0.17081944444444447
1 0.507875 0.4472916666666666 0.07935937500000004 0.14541666666666664
0 0.185109375 0.520875 0.06654687499999998 0.22536111111111118
0 0.43253125 0.870236111111111 0.08939062500000002 0.2577222222222223
0 0.14203125 0.7044513888888889 0.060078125 0.24237500000000006
