0 0.53119921875 0.6532013888888888 0.0954140625 0.1764027777777777
0 0.22189843750000002 0.27781249999999996 0.06318750000000002 0.11948611111111111
0 0.9531328125 0.6415902777777779 0.06071874999999984 0.18612500000000007
2 0.62977734375 0.17595833333333333 0.0376953125 0.15622222222222223
0 0.4911875 0.30494444444444446 0.054828124999999964 0.13850000000000004
1 0.65557421875 0.3224305555555556 0.0571328125 0.1758888888888889
0 0.66438671875 0.7046180555555556 0.08567968749999996 0.21629166666666677
0 0.29279296875 0.44120833333333337 0.0623046875 0.16333333333333336
0 0.6976171875 0.28231249999999997 0.055312500000000056 0.06270833333333334
0 0.2925546875 0.8189861111111112 0.08982812499999997 0.17366666666666677
