0 0.54328125 0.27999305555555554 0.06628125000000003 0.10804166666666669
0 0.7164375 0.3139166666666666 0.052671874999999965 0.10974999999999997
0 0.42722265625 0.2815625 0.05628906250000001 0.10840277777777779
0 0.6588007812500001 0.7235902777777778 0.07042968749999998 0.1828750000000001
0 0.22398437499999999 0.33736111111111106 0.039359374999999995 0.16772222222222216
0 0.478921875 0.6645277777777778 0.07107812500000002 0.17988888888888893
2 0.20909375 0.1921111111111111 0.0381875 0.13391666666666666
0 0.66897265625 0.5446597222222221 0.07707031249999999 0.14023611111111106
0 0.5484960937500001 0.7704097222222221 0.07492968749999998 0.18920833333333328
0 0.9724140625000001 0.8005416666666666 0.05392187499999999 0.2134722222222222
