0 0.9221406250000002 0.3982777777777778 0.05807812499999994 0.12719444444444447
0 0.7934453125 0.46074305555555556 0.057890625000000105 0.13806944444444447
0 0.669453125 0.3962986111111111 0.081640625 0.15851388888888884
0 0.6589609375000001 0.45505555555555555 0.07289062499999996 0.15477777777777776
2 0.5690625 0.18668749999999998 0.03965624999999999 0.142625
0 0.97298046875 0.4884305555555556 0.054039062500000054 0.1489722222222222
1 0.67675390625 0.34331944444444445 0.05985156249999992 0.1539166666666667
0 0.44528125 0.5559722222222222 0.062281250000000024 0.156
0 0.687203125 0.8358749999999999 0.06481250000000002 0.13877777777777772
0 0.5111640625 0.7123680555555555 0.07045312499999996 0.18629166666666674
0 0.6162656249999999 0.873736111111111 0.06335937500000002 0.13763888888888892
