0 0.9862460937499999 0.4997777777777778 0.027507812500000027 0.15447222222222218
0 0.6660742187500001 0.7167777777777776 0.06971093750000001 0.1742499999999999
0 0.2534453125 0.4162222222222222 0.058109375 0.16997222222222222
0 0.2745078125 0.5085902777777778 0.07270312500000001 0.16420833333333335
2 0.5891132812500001 0.24290277777777775 0.04299218750000007 0.14855555555555558
0 0.7415859375 0.7251805555555555 0.06464062500000001 0.17024999999999998
1 0.7647109375 0.3377777777777778 0.06143749999999999 0.1456111111111111
0 0.13525390625 0.902673611111111 0.07305468749999999 0.19465277777777776
0 0.7683125000000001 0.762173611111111 0.061765625000000046 0.13206944444444432
0 0.188234375 0.9320208333333334 0.06851562500000001 0.13595833333333332
0 0.7355234375 0.79725 0.05101562499999997 0.12133333333333335
