0 0.72450390625 0.4216111111111111 0.05821093749999999 0.15883333333333335
0 0.7020156249999999 0.4717638888888888 0.06135937500000006 0.16852777777777775
0 0.620515625 0.39647222222222217 0.05284374999999999 0.1667777777777778
0 0.6050625000000001 0.45751388888888883 0.049796875000000004 0.19172222222222224
2 0.4160078125 0.24302777777777776 0.041343750000000054 0.16794444444444445
0 0.7668320312500001 0.45805555555555555 0.05180468750000004 0.17083333333333334
1 0.5140859375 0.45203472222222224 0.07534375000000004 0.13695833333333327
0 0.12931640625000002 0.48360416666666667 0.06652343749999999 0.21004166666666668
0 0.47525781250000004 0.8580763888888889 0.088859375 0.2629027777777779
0 0.0223046875 0.7165833333333335 0.044609375 0.2423611111111112
