0 0.9866835937499999 0.5037222222222222 0.026632812499999936 0.15447222222222226
0 0.659734375 0.725923611111111 0.07034374999999997 0.1795972222222223
0 0.24478515625 0.4142222222222222 0.0581015625 0.16997222222222222
0 0.27092968749999996 0.50525 0.07357812500000001 0.1615277777777778
2 0.5935546875 0.24255555555555552 0.042984374999999984 0.14855555555555558
0 0.730484375 0.732548611111111 0.06903125000000002 0.17426388888888886
1 0.767 0.3369305555555555 0.06143749999999999 0.1456111111111111
0 0.122203125 0.9110416666666667 0.0740625 0.1779166666666667
0 0.7696953125 0.7604791666666666 0.061765625000000046 0.13576388888888882
0 0.180453125 0.9373819444444444 0.068515625 0.12523611111111105
0 0.7364296875 0.7962152777777778 0.05037500000000002 0.12256944444444444
