0 0.43440234375 0.7374583333333333 0.08555468749999999 0.17111111111111119
0 0.15362890624999997 0.3578888888888889 0.05767968750000001 0.14111111111111113
2 0.7902421875 0.16618055555555555 0.039406250000000045 0.13249999999999998
0 0.5338671875 0.3505763888888889 0.04835937499999998 0.1474583333333333
1 0.80755078125 0.3052638888888889 0.0672890625 0.15474999999999997
0 0.59691796875 0.6140069444444445 0.06772656249999995 0.15948611111111108
0 0.44264062499999995 0.4845138888888889 0.06512500000000002 0.14158333333333334
0 0.8391953125 0.2574513888888889 0.056984375000000045 0.07454166666666664
0 0.55097265625 0.8525347222222223 0.054289062500000006 0.13998611111111123
0 0.0100390625 0.5885069444444445 0.020078125 0.14451388888888891
0 0.52837109375 0.8749166666666668 0.06772656249999995 0.14583333333333334
