0 0.289703125 0.28236805555555555 0.054750000000000035 0.12901388888888887
0 0.27078515625 0.41449305555555555 0.06602343749999999 0.12923611111111108
0 0.8883906249999999 0.8842430555555555 0.09560937499999991 0.22215277777777784
0 0.73444921875 0.3482291666666667 0.048789062500000036 0.11873611111111117
0 0.69684375 0.2876944444444444 0.045218749999999995 0.09794444444444446
0 0.18051171875 0.5126111111111111 0.0672734375 0.13949999999999999
0 0.6332226562500001 0.6300486111111111 0.07532031249999997 0.18093055555555554
0 0.8234999999999999 0.42412500000000003 0.060843749999999995 0.12716666666666668
2 0.0887265625 0.6728819444444445 0.049312499999999995 0.2040972222222223
1 0.0969296875 0.42293749999999997 0.0685625 0.12643055555555552
