0 0.74217578125 0.3962916666666667 0.05432031249999998 0.14572222222222225
0 0.70224609375 0.4429166666666666 0.052054687500000085 0.1725833333333333
0 0.6342578125 0.3706597222222222 0.056984375000000045 0.14984722222222221
0 0.606140625 0.4377638888888889 0.04964062499999997 0.18483333333333335
2 0.43698437500000004 0.21335416666666668 0.04117187500000004 0.16115277777777778
0 0.8085078124999999 0.42983333333333335 0.04792187499999993 0.15377777777777774
1 0.53780859375 0.41237499999999994 0.06647656250000003 0.16244444444444442
0 0.291390625 0.5107083333333334 0.05414062500000001 0.17833333333333337
0 0.5014335937500001 0.8340208333333333 0.07611718749999996 0.1846250000000001
0 0.3421171875 0.6621319444444445 0.07039062499999997 0.17506944444444447
