0 0.40178515625 0.3702708333333334 0.060742187499999954 0.14906944444444442
0 0.5529375 0.42952083333333335 0.06709375 0.12434722222222218
0 0.18496484375 0.3950625 0.05597656249999998 0.13243055555555555
0 0.5946328125 0.8985486111111112 0.07435937500000005 0.17879166666666668
0 0.3349296875 0.5823611111111111 0.07073437500000002 0.1565555555555556
2 0.056246093750000004 0.22481250000000003 0.0428671875 0.1361527777777778
0 0.52424609375 0.7032916666666666 0.06644531249999996 0.1751944444444445
0 0.47858203125000004 0.6716527777777779 0.06271093749999998 0.18675000000000005
0 0.9056640625 0.8585833333333335 0.07564062500000013 0.24849999999999994
2 0.94513671875 0.2450833333333333 0.05828906249999992 0.12783333333333333
