0 0.6478125 0.5044027777777778 0.07726562499999998 0.15236111111111109
0 0.521875 0.22510416666666666 0.05428125000000002 0.13368055555555552
0 0.68296484375 0.6095902777777777 0.06397656249999999 0.17629166666666668
2 0.48130468749999994 0.1444097222222222 0.04018749999999995 0.1317361111111111
0 0.531578125 0.2502847222222222 0.04871875000000001 0.18659722222222222
1 0.6109960937500001 0.33618750000000003 0.07397656249999995 0.18843055555555555
0 0.684546875 0.6664305555555555 0.0810625 0.1668611111111111
0 0.251578125 0.44675 0.07795312500000003 0.1743888888888889
0 0.653515625 0.27313194444444444 0.06193749999999998 0.09256944444444441
0 0.061281249999999995 0.8299027777777778 0.069515625 0.2335
