0 0.97981640625 0.8360902777777778 0.040367187500000054 0.21573611111111102
0 0.8984453125 0.4052986111111111 0.058218749999999986 0.12923611111111108
2 0.3518984375 0.9292638888888888 0.05695312499999998 0.14147222222222225
0 0.18615234375 0.48111805555555553 0.052289062500000004 0.14998611111111104
0 0.39024609374999997 0.3084166666666667 0.043617187499999946 0.10758333333333335
0 0.5852929687499999 0.7732986111111112 0.04774218750000001 0.19598611111111114
0 0.346390625 0.4669166666666667 0.042593749999999986 0.15133333333333338
0 0.785203125 0.3528125 0.05103125000000004 0.10415277777777775
2 0.7107187500000001 0.41613194444444446 0.04375 0.13262500000000002
0 0.29936328125 0.4750763888888889 0.054132812499999974 0.1472361111111111
0 0.4595234375 0.8519583333333333 0.06039062500000005 0.21041666666666667
0 0.47827343750000006 0.2955763888888889 0.04559375000000001 0.10451388888888889
