0 0.63912109375 0.3803958333333333 0.033085937500000016 0.18273611111111115
0 0.642453125 0.7540208333333334 0.06512500000000002 0.2215694444444444
0 0.69786328125 0.6946180555555556 0.054054687500000045 0.22643055555555552
0 0.732703125 0.6602916666666666 0.05393749999999997 0.20172222222222216
0 0.5732773437500001 0.4565208333333333 0.04867968750000005 0.18906944444444443
2 0.7012304687500001 0.3897152777777778 0.0454140625 0.18154166666666663
1 0.4966640625 0.41409722222222217 0.03814062499999995 0.17261111111111116
0 0.7595273437500001 0.6307708333333333 0.06288281250000001 0.2085416666666667
0 0.58997265625 0.7204513888888889 0.05952343749999996 0.18879166666666675
0 0.27975000000000005 0.8233472222222221 0.0660625 0.2292500000000001
0 0.02430078125 0.9636875 0.0486015625 0.07262499999999995
