0 0.977703125 0.4328125 0.044593749999999946 0.12029166666666669
0 0.7561484375 0.5462708333333334 0.06400000000000006 0.14937499999999992
0 0.5318710937500001 0.41132638888888884 0.06063281250000001 0.1252638888888889
0 0.5337500000000001 0.49425694444444446 0.05639062499999996 0.1474861111111111
2 0.5931796874999999 0.21186805555555555 0.03965624999999999 0.14262499999999997
0 0.9520546875000001 0.5855277777777778 0.06976562499999997 0.17672222222222222
1 0.71190625 0.3518472222222222 0.06143749999999999 0.1456111111111111
0 0.4000390625 0.6833472222222222 0.06954687499999994 0.16355555555555554
0 0.72653515625 0.8087291666666668 0.04349218749999997 0.11954166666666674
0 0.4052109375 0.7984444444444444 0.061687499999999985 0.21758333333333338
0 0.723078125 0.8190694444444445 0.059562500000000004 0.11138888888888895
