0 0.746328125 0.39703472222222225 0.040390624999999944 0.1707361111111111
0 0.7002421875 0.44179166666666664 0.05510937500000006 0.17808333333333334
0 0.66503515625 0.40806944444444443 0.06192968749999998 0.17861111111111114
0 0.69119140625 0.43716666666666665 0.045195312500000015 0.17250000000000001
2 0.49693750000000003 0.2626736111111111 0.03885937500000001 0.15468055555555557
0 0.8250039062500001 0.4634097222222222 0.056726562499999925 0.18106944444444437
1 0.587265625 0.46094444444444443 0.06484375 0.12922222222222218
0 0.39793359375000004 0.44200694444444444 0.0533671875 0.19929166666666667
0 0.65386328125 0.7199722222222222 0.060945312499999994 0.18866666666666662
0 0.07859374999999999 0.6599652777777777 0.070515625 0.2107638888888888
