0 0.380015625 0.2943888888888889 0.04207812500000001 0.12486111111111116
0 0.36422265625 0.3811319444444445 0.04972656249999998 0.12259722222222223
0 0.9539687499999999 0.8440208333333332 0.09206249999999994 0.22434722222222234
0 0.8486640624999999 0.3592361111111111 0.04862500000000001 0.11763888888888888
0 0.81140234375 0.32760416666666664 0.044320312500000014 0.1298194444444445
0 0.18131640624999998 0.4822916666666667 0.07947656249999999 0.15150000000000005
0 0.8044218750000001 0.6605763888888889 0.08557812500000006 0.17609722222222218
0 0.93594921875 0.44293749999999993 0.0494140625 0.11640277777777779
2 0.1793046875 0.6909166666666667 0.05106249999999999 0.2229444444444445
1 0.09670703124999999 0.45299999999999996 0.06521093750000001 0.12658333333333338
