0 0.753296875 0.4403958333333334 0.050078125000000015 0.14504166666666668
0 0.7562148437499999 0.6055694444444444 0.06299218749999999 0.1909722222222222
0 0.4689609375 0.40205555555555555 0.05223437500000001 0.1368888888888889
0 0.66188671875 0.49602777777777773 0.06325781250000002 0.16902777777777775
2 0.40917578125 0.25795833333333335 0.04461718749999997 0.1559166666666667
0 0.7849765625 0.45616666666666666 0.0677656250000001 0.17461111111111116
1 0.5329453125 0.45149305555555563 0.07228124999999999 0.13409722222222223
0 0.35468359375 0.4644722222222222 0.058664062500000023 0.1811944444444444
0 0.4631484375 0.8946875 0.06251562499999999 0.2082638888888888
0 0.10481640625 0.9065694444444444 0.07522656250000001 0.18236111111111106
