0 0.6575078125 0.7069861111111111 0.05173437500000002 0.15838888888888883
0 0.6761914062500001 0.8106805555555556 0.05553906250000003 0.09622222222222235
0 0.6012187499999999 0.37054861111111115 0.039328125000000026 0.15973611111111113
0 0.5493125 0.5553333333333333 0.05767187499999995 0.16100000000000003
0 0.66828515625 0.7629027777777777 0.056398437500000044 0.16761111111111113
0 0.5805 0.38225000000000003 0.04543749999999998 0.1648611111111111
2 0.4666328125 0.22221527777777778 0.030281249999999992 0.15045833333333333
1 0.6339453125000001 0.36300000000000004 0.05699999999999994 0.14733333333333332
0 0.29689453125 0.6053055555555555 0.0666015625 0.18502777777777782
0 0.4223828125 0.7997708333333334 0.0605 0.18920833333333337
