0 0.75039453125 0.6711736111111111 0.06830468750000004 0.1647083333333333
0 0.5010351562500001 0.8719305555555555 0.08871093750000006 0.1790555555555555
0 0.523875 0.3891388888888889 0.041640625000000056 0.16080555555555556
0 0.41658984375 0.5066666666666666 0.06858593750000001 0.169
0 0.799796875 0.744826388888889 0.1005937499999999 0.13937500000000003
0 0.49701953125 0.3980416666666666 0.04705468749999993 0.18002777777777773
2 0.4542695312499999 0.24478472222222222 0.032882812500000025 0.16459722222222223
1 0.58048828125 0.3806597222222222 0.06616406250000004 0.15323611111111113
0 0.286984375 0.5759930555555556 0.05460937500000003 0.1658194444444445
0 0.2833671875 0.7167013888888889 0.05771875 0.19518055555555552
