0 0.7577929687499999 0.7670416666666666 0.056367187499999985 0.20277777777777778
0 0.35016015625 0.3285208333333333 0.052210937499999985 0.14659722222222224
0 0.5734648437500001 0.38013888888888886 0.05128906249999998 0.13222222222222224
2 0.8246132812500001 0.2382152777777778 0.03819531250000008 0.152875
0 0.82515625 0.7958888888888889 0.05792187499999999 0.15024999999999994
1 0.9785703125000002 0.3250972222222222 0.04285937499999992 0.1456111111111111
0 0.310796875 0.8751805555555555 0.056656249999999984 0.14263888888888895
0 0.9757382812500002 0.718201388888889 0.04852343749999992 0.16220833333333337
0 0.33159765625 0.9248819444444444 0.07180468749999998 0.15023611111111104
0 0.93112890625 0.7544930555555556 0.0475703124999999 0.15765277777777775
