0 0.6426640625 0.378375 0.039921875000000016 0.18188888888888893
0 0.5259140625 0.6366388888888889 0.07732812500000001 0.17672222222222222
0 0.7617499999999999 0.7234583333333333 0.05795312499999996 0.1769444444444445
0 0.6230078125 0.6019097222222223 0.05970312499999997 0.13640277777777782
0 0.59664453125 0.4298402777777778 0.0490234375 0.17215277777777777
2 0.64028515625 0.32609722222222226 0.03850781250000006 0.15541666666666668
1 0.51708203125 0.3978263888888889 0.053617187499999996 0.17226388888888888
0 0.8811757812500002 0.6543194444444445 0.0710859375 0.14644444444444452
0 0.46168750000000003 0.6647638888888889 0.06592187499999999 0.18602777777777776
0 0.19318749999999998 0.9284583333333334 0.055468749999999976 0.1430833333333333
