0 0.716671875 0.4292222222222222 0.06959375000000004 0.15883333333333335
0 0.698453125 0.4806388888888889 0.06135937499999997 0.16852777777777783
0 0.62228125 0.39647222222222217 0.056374999999999974 0.1667777777777778
0 0.6014999999999999 0.4714583333333334 0.049796875000000004 0.19172222222222224
2 0.41108984374999996 0.24172916666666666 0.04135156249999996 0.16987499999999997
0 0.76328125 0.45805555555555555 0.05890625000000007 0.17083333333333334
1 0.5034296875 0.4536041666666667 0.08278125000000003 0.14323611111111118
0 0.15597265624999998 0.5094444444444445 0.0745390625 0.22169444444444444
0 0.42298828125 0.8689444444444444 0.09269531249999999 0.25941666666666663
0 0.094375 0.7095347222222222 0.060078125 0.24237499999999998
