0 0.7129101562500001 0.43074999999999997 0.07042968749999998 0.17377777777777775
0 0.6976093750000001 0.4702083333333333 0.06134375000000007 0.19819444444444442
0 0.6310625 0.3905486111111111 0.06724999999999995 0.15195833333333328
0 0.6056640625 0.47216666666666673 0.049765625000000036 0.2020555555555555
2 0.42014843749999997 0.2470277777777778 0.04134375000000001 0.16194444444444445
0 0.776640625 0.46099999999999997 0.05218749999999996 0.17077777777777775
1 0.516765625 0.43466666666666665 0.07251562500000004 0.14983333333333332
0 0.23814843749999998 0.5241666666666667 0.05167187499999999 0.21416666666666664
0 0.45162109375000004 0.8728194444444445 0.08277343749999995 0.2543611111111111
0 0.23733593749999998 0.6942916666666666 0.060078125000000024 0.2423611111111111
