0 0.5302148437499999 0.6943055555555555 0.06299218749999999 0.16511111111111118
0 0.23689062500000002 0.30656944444444445 0.051843749999999966 0.11880555555555554
2 0.7969375 0.15281250000000002 0.039406249999999955 0.144375
0 0.5899218749999999 0.32010416666666663 0.06843750000000001 0.14006944444444439
1 0.80966015625 0.29470833333333335 0.06441406249999995 0.1598055555555556
0 0.6755585937499999 0.6400277777777778 0.07274218750000001 0.18772222222222218
0 0.44934765624999995 0.44655555555555554 0.06682031249999998 0.13716666666666666
0 0.8510781250000001 0.25271527777777775 0.05564062500000002 0.06506944444444443
0 0.479578125 0.8727638888888889 0.060125000000000026 0.1399722222222222
0 0.0602421875 0.5401666666666666 0.061890625 0.1638333333333333
0 0.44034375 0.8930625 0.07109375 0.14581944444444445
