0 0.8611835937500001 0.3774861111111111 0.06628906249999993 0.14005555555555552
0 0.78146484375 0.4377430555555556 0.05960156250000006 0.15612499999999996
0 0.6937265625 0.373875 0.06985937499999997 0.15630555555555553
0 0.6718867187500001 0.4378402777777778 0.0626015625 0.15406944444444445
2 0.5349140625000001 0.1899583333333333 0.039671875000000065 0.1499722222222222
0 0.9366054687500001 0.4511666666666667 0.059273437499999915 0.1494444444444444
1 0.63890234375 0.3481111111111111 0.05974218750000002 0.15452777777777776
0 0.40762109375 0.5174583333333334 0.06566406249999997 0.15347222222222223
0 0.6396953125 0.8326388888888889 0.06396874999999999 0.17591666666666678
0 0.49173828124999996 0.6784722222222223 0.07199218749999999 0.17616666666666664
0 0.47177734375 0.9104652777777779 0.0634765625 0.13845833333333324
