0 0.763953125 0.45339583333333333 0.05134375000000002 0.1443194444444444
0 0.7718906249999999 0.6397361111111112 0.06843749999999993 0.18500000000000005
0 0.436359375 0.4221041666666666 0.05223437500000001 0.15915277777777775
0 0.6351328125 0.5105277777777778 0.059890624999999975 0.17127777777777778
2 0.38912109375 0.2624166666666667 0.04461718750000001 0.15591666666666665
0 0.7768242187500001 0.47138888888888886 0.07067968749999994 0.16344444444444445
1 0.5275234375 0.451875 0.07393749999999999 0.13486111111111107
0 0.310171875 0.4704027777777778 0.05573437499999998 0.18711111111111114
0 0.41027734374999997 0.9147569444444444 0.06208593749999998 0.1696527777777779
0 0.06419921875 0.9381041666666666 0.07863281250000001 0.11731944444444432
