0 0.73094921875 0.41475 0.04613281249999997 0.17516666666666666
0 0.69035546875 0.46597916666666667 0.05602343750000003 0.1623472222222222
0 0.65809765625 0.4043819444444444 0.054054687500000045 0.1794027777777778
0 0.6400234375 0.4082083333333333 0.051515625000000044 0.16447222222222224
2 0.45677734374999995 0.2575138888888889 0.04135156249999996 0.16194444444444445
0 0.7851328125 0.4650208333333333 0.056343750000000005 0.17234722222222226
1 0.5500117187500001 0.4580833333333334 0.08153906250000001 0.12769444444444444
0 0.27909765625 0.4196597222222222 0.05616406249999999 0.18801388888888887
0 0.7033945312500001 0.7302708333333333 0.07219531249999997 0.20895833333333333
0 0.1063359375 0.9543263888888889 0.07500000000000001 0.09134722222222219
