0 0.74648828125 0.4207708333333333 0.04216406250000002 0.17515277777777777
0 0.68808984375 0.46647916666666667 0.03792968749999996 0.14123611111111112
0 0.65102734375 0.3953541666666666 0.04669531250000007 0.18137499999999995
0 0.69883984375 0.3976875 0.06505468749999999 0.17348611111111115
2 0.47374609375 0.2645555555555556 0.04135156250000005 0.16194444444444445
0 0.8018125000000002 0.4690486111111112 0.07160937500000006 0.17237499999999994
1 0.56810546875 0.4600972222222222 0.08153906250000001 0.12769444444444444
0 0.334796875 0.42368055555555556 0.05109375000000003 0.18599999999999997
0 0.7076328125 0.7081388888888889 0.06710937499999999 0.21697222222222226
0 0.07806640625 0.9452847222222223 0.0863046875 0.1094305555555555
