0 0.6456640625000001 0.3774166666666667 0.03982812500000001 0.18252777777777776
0 0.5434296875 0.6445347222222223 0.07762500000000001 0.17573611111111115
0 0.7584179687500001 0.7204027777777778 0.057320312500000005 0.17933333333333334
0 0.6314375 0.6086041666666666 0.06023437499999993 0.13576388888888888
0 0.5958671875 0.4307361111111111 0.048968749999999964 0.17358333333333337
2 0.64678515625 0.32713194444444443 0.03932031249999994 0.15493055555555557
1 0.51612109375 0.39821527777777777 0.051695312500000055 0.17148611111111112
0 0.8792031250000001 0.6508402777777778 0.073046875 0.14501388888888883
0 0.47684765625000003 0.6677916666666666 0.06785156249999993 0.18602777777777776
0 0.20390234375 0.9212499999999999 0.0552734375 0.15749999999999997
