0 0.9814882812499999 0.8384791666666666 0.037023437500000075 0.21573611111111116
0 0.90271875 0.4053541666666667 0.05923437500000013 0.12829166666666672
2 0.352796875 0.9292638888888888 0.05695312499999998 0.14147222222222225
0 0.19138281250000003 0.47856944444444444 0.051390625 0.14827777777777776
0 0.39756640625 0.3076111111111111 0.04332031249999999 0.10747222222222226
0 0.58884765625 0.7732430555555556 0.04732031249999995 0.1963194444444444
0 0.35063671875 0.4657430555555556 0.04175781250000003 0.15090277777777783
0 0.7898046875 0.3520625 0.05103124999999995 0.10415277777777779
2 0.7173554687499999 0.4162430555555555 0.04399218750000004 0.1328472222222222
0 0.30357812500000003 0.4738958333333333 0.055140624999999985 0.1472361111111111
0 0.46059765625000004 0.8525347222222223 0.05980468750000005 0.21051388888888894
0 0.48299609375 0.2956875 0.04594531249999996 0.1034583333333333
