0 0.8097890624999999 0.22552083333333334 0.035421875000000026 0.10870833333333332
0 0.903109375 0.4218958333333333 0.06471875000000012 0.13123611111111114
0 0.8992265625 0.2688888888888889 0.04576562499999994 0.12805555555555553
2 0.9733515624999999 0.14678472222222222 0.030906250000000135 0.11376388888888886
0 0.37258984375000004 0.2152361111111111 0.040132812500000004 0.1415
0 0.5712304687499999 0.9113958333333332 0.05953906249999994 0.15456944444444456
0 0.07961718749999999 0.20743750000000002 0.03096875 0.12806944444444446
0 0.035562500000000004 0.8091249999999999 0.07112500000000001 0.1731666666666666
2 0.028230468750000005 0.24561805555555555 0.046414062500000006 0.12954166666666664
0 0.02091015625 0.33040972222222226 0.0418203125 0.09534722222222226
