0 0.79798046875 0.6800625 0.06136718750000005 0.18245833333333342
0 0.75280859375 0.40165277777777775 0.04769531249999996 0.14405555555555555
2 0.9205156250000002 0.23192361111111112 0.026765624999999994 0.13090277777777778
2 0.4158515625 0.9285972222222221 0.0685 0.14280555555555563
0 0.025003906250000003 0.5811805555555556 0.050007812500000005 0.18869444444444447
0 0.13322265625000002 0.37493055555555554 0.04183593750000001 0.12597222222222224
0 0.404953125 0.6908194444444444 0.043421874999999985 0.17091666666666658
0 0.24943749999999998 0.5211666666666667 0.04965625 0.12600000000000003
0 0.46854687500000003 0.36331250000000004 0.041000000000000016 0.11451388888888887
2 0.4218125 0.4327916666666667 0.03515625 0.1516944444444445
0 0.21243359374999998 0.5433819444444444 0.053492187499999976 0.15493055555555557
0 0.4000703125 0.7382291666666666 0.047328124999999985 0.18654166666666658
0 0.27868359375 0.3655902777777778 0.04782031249999998 0.12440277777777776
