0 0.539625 0.68575 0.06256250000000003 0.1636388888888889
0 0.2370625 0.3009097222222222 0.058218749999999986 0.11701388888888885
2 0.78417578125 0.1539236111111111 0.038976562500000075 0.14956944444444445
0 0.58038671875 0.3165416666666666 0.06475781249999998 0.1400833333333333
1 0.79648046875 0.29280555555555554 0.06474218750000009 0.16105555555555556
0 0.68278125 0.64225 0.077140625 0.18772222222222226
0 0.42825781250000006 0.4400069444444444 0.06214062500000006 0.14070833333333332
0 0.8377343750000001 0.2541319444444445 0.055312499999999966 0.06270833333333334
0 0.44782421874999995 0.8713125 0.06849218749999997 0.14331944444444453
0 0.05220703125 0.5362916666666666 0.0692578125 0.15847222222222226
0 0.39825390625 0.906326388888889 0.07444531249999997 0.14023611111111098
