0 0.6182890624999999 0.7088333333333333 0.05173437500000002 0.15091666666666678
0 0.697625 0.7814027777777778 0.054468750000000024 0.12319444444444451
0 0.6297148437500001 0.3623472222222222 0.03839843749999998 0.15791666666666668
0 0.60421484375 0.5715902777777778 0.058710937499999984 0.1712083333333333
0 0.61912109375 0.7619652777777778 0.05219531249999996 0.1805972222222222
0 0.6113515625 0.3720277777777778 0.04543749999999998 0.1648611111111111
2 0.4755234375 0.21291666666666667 0.030281249999999992 0.15044444444444446
1 0.65304296875 0.3583680555555555 0.05230468750000004 0.15295833333333328
0 0.28406640625 0.6004652777777778 0.05960156250000002 0.182875
0 0.46996484375 0.8360208333333332 0.0657265625 0.1780416666666666
