2 0.630546875 0.3244652777777778 0.037171875000000035 0.14968055555555557
0 0.73959375 0.5928194444444445 0.063765625 0.1280833333333333
0 0.48976953125 0.6256875 0.058351562500000044 0.1850972222222222
0 0.2125 0.4338263888888889 0.056640625 0.1554305555555556
0 0.41068359374999996 0.5205208333333333 0.0502890625 0.13926388888888894
0 0.7119296875 0.6226180555555556 0.06970312500000002 0.15643055555555554
0 0.013828125 0.4958194444444445 0.02765625 0.14541666666666664
0 0.34624609375000004 0.3819375 0.04175781249999999 0.1418472222222222
0 0.42326171874999996 0.41475694444444444 0.04782031249999998 0.14765277777777774
1 0.77821875 0.5226249999999999 0.05692187499999992 0.14413888888888893
