0 0.9825156249999999 0.4630694444444444 0.03496874999999999 0.15202777777777776
0 0.6949609375 0.6408958333333334 0.068265625 0.16595833333333343
0 0.36249609375 0.41616666666666663 0.05828906250000001 0.14877777777777773
0 0.37058984375000004 0.5142777777777777 0.05482031250000001 0.16405555555555548
2 0.5931796874999999 0.23465972222222223 0.03965624999999999 0.14262500000000003
0 0.84820703125 0.6822291666666668 0.0671796875 0.17676388888888894
1 0.7426054687500001 0.34591666666666665 0.06144531249999998 0.14561111111111116
0 0.2856328125 0.8024791666666666 0.07925 0.1725416666666667
0 0.76246484375 0.7738611111111112 0.06016406249999999 0.11608333333333339
0 0.28245703125 0.8889166666666667 0.06791406250000001 0.21344444444444452
0 0.72794921875 0.8070208333333334 0.05685156249999999 0.10929166666666658
