0 0.34871484375 0.34468750000000004 0.07185156249999998 0.14468055555555553
0 0.44914453125 0.381375 0.06280468749999998 0.12575000000000003
0 0.5362148437500001 0.5740625 0.05992968750000003 0.15884722222222222
0 0.69594140625 0.4105138888888889 0.04841406249999993 0.15830555555555553
0 0.4798828125 0.42432638888888885 0.05954687500000002 0.15751388888888893
0 0.10741796875000001 0.4265416666666667 0.055367187500000005 0.13333333333333333
0 0.41516015624999997 0.4716458333333333 0.04578906250000001 0.14634722222222224
0 0.68348828125 0.5458194444444444 0.08108593749999997 0.1446666666666666
2 0.90148046875 0.3337777777777778 0.046195312500000085 0.1621388888888889
0 0.98040625 0.4088333333333333 0.03562500000000011 0.1723333333333333
