0 0.7182929687499999 0.4276527777777777 0.06724218750000004 0.15883333333333333
0 0.6991875000000001 0.4788055555555556 0.06135937499999997 0.16852777777777783
0 0.6219140624999999 0.39647222222222217 0.05564062499999993 0.1667777777777778
0 0.602234375 0.4685694444444444 0.049796875000000004 0.19172222222222218
2 0.41026171875 0.24118055555555556 0.04135156250000001 0.17069444444444443
0 0.7640156250000001 0.45805555555555555 0.05743750000000007 0.17083333333333334
1 0.5023515625 0.4557013888888889 0.08364062499999995 0.14220833333333333
0 0.14443359375 0.5045000000000001 0.0762734375 0.21958333333333335
0 0.42275390625 0.8683888888888889 0.08639843749999998 0.2601388888888888
0 0.0754375 0.7117152777777779 0.060078124999999996 0.24237500000000006
