2 0.71623046875 0.30233333333333334 0.041976562500000016 0.14030555555555557
0 0.7803515625 0.6084791666666667 0.06885937500000008 0.1587638888888889
0 0.55263671875 0.6809305555555555 0.06341406250000006 0.19025000000000003
0 0.26290234375 0.395875 0.043210937500000005 0.1290555555555556
0 0.40279296875000004 0.49925 0.04808593750000001 0.1644444444444445
0 0.75343359375 0.7865625 0.06299218749999999 0.21323611111111115
0 0.06925390625 0.42053472222222227 0.051539062499999996 0.14448611111111112
0 0.544359375 0.38326388888888885 0.044500000000000026 0.14125000000000001
0 0.6507265625 0.4520555555555556 0.04504687499999997 0.16647222222222224
1 0.8719179687499998 0.49777083333333333 0.06710156250000007 0.1650138888888889
