0 0.60857421875 0.5795138888888889 0.06417968749999999 0.14736111111111114
0 0.376 0.4702013888888889 0.047375000000000035 0.17293055555555553
0 0.42591406249999997 0.5623750000000001 0.05842187499999998 0.15469444444444444
0 0.528328125 0.30456944444444445 0.050999999999999976 0.12669444444444442
0 0.3990859375 0.5194444444444445 0.04018749999999995 0.16391666666666665
0 0.025640625 0.33858333333333335 0.049515625 0.12925
0 0.49909765625 0.38672222222222224 0.04710156249999997 0.1421666666666667
0 0.10170703125 0.7535694444444444 0.06111718750000002 0.22174999999999995
0 0.5009414062499999 0.8443124999999999 0.05647656250000006 0.1979027777777778
0 0.6166875 0.3438541666666666 0.04865624999999998 0.13979166666666665
2 0.71668359375 0.27174305555555556 0.037820312499999974 0.1472361111111111
1 0.7739375 0.4405138888888888 0.06696875000000002 0.10702777777777778
