0 0.75225 0.6035763888888889 0.06906250000000007 0.15381944444444445
0 0.31188671875 0.8455208333333333 0.08908593750000002 0.20620833333333338
0 0.43972656250000003 0.39461111111111113 0.05795312500000005 0.16080555555555556
0 0.29783593750000004 0.45336111111111105 0.0665625 0.14730555555555555
0 0.81842578125 0.6540833333333333 0.09061718749999992 0.14669444444444446
0 0.43141796874999994 0.42332638888888885 0.050492187499999994 0.18206944444444442
2 0.44332421874999994 0.2698541666666667 0.038710937500000056 0.16823611111111114
1 0.5196992187499999 0.4112152777777778 0.06616406249999995 0.15323611111111113
0 0.21712109374999997 0.5573263888888889 0.06472656249999997 0.18990277777777773
0 0.1370546875 0.6371388888888889 0.063703125 0.19438888888888894
