0 0.73703125 0.4171111111111111 0.044578124999999955 0.17516666666666666
0 0.68946875 0.46618055555555554 0.04893749999999999 0.15408333333333332
0 0.6553320312500001 0.4008541666666667 0.051179687499999994 0.1801805555555556
0 0.6630390625 0.40408333333333335 0.05681249999999993 0.168
2 0.46341796874999996 0.2602708333333333 0.04135156249999996 0.16195833333333332
0 0.7916601562500001 0.4665972222222222 0.06232031249999999 0.17236111111111113
1 0.5570937499999999 0.45886805555555554 0.08153125000000001 0.1277083333333333
0 0.30089453125 0.42123611111111103 0.054179687499999976 0.18722222222222223
0 0.7050546875 0.721611111111111 0.070203125 0.21208333333333332
0 0.0952734375 0.9507916666666666 0.079421875 0.09841666666666668
