0 0.74141015625 0.6380277777777777 0.05980468749999997 0.1755555555555556
0 0.74294921875 0.4237083333333333 0.0391640625 0.1433055555555556
2 0.8812929687500001 0.23869444444444446 0.027601562499999944 0.12916666666666668
2 0.48268359375000003 0.933625 0.0556640625 0.13275000000000006
0 0.057832031250000006 0.6163819444444445 0.0553828125 0.1784861111111111
0 0.16034375 0.39838888888888885 0.035687500000000004 0.1368055555555555
0 0.37083203125 0.6493680555555555 0.05039843749999999 0.15968055555555552
0 0.30645703125 0.5287916666666667 0.04378906250000001 0.12925
0 0.368171875 0.39016666666666666 0.045218749999999995 0.1144166666666667
2 0.39089843750000003 0.468125 0.043984375000000006 0.1451388888888889
0 0.31633984374999996 0.5424930555555556 0.04661718750000001 0.15831944444444437
0 0.40626171875 0.667125 0.04541406250000004 0.16719444444444445
0 0.34792187500000005 0.41010416666666666 0.042625 0.13359722222222223
