0 0.7158632812500001 0.4295486111111111 0.06977343750000005 0.1620416666666667
0 0.6982734374999999 0.47840277777777784 0.06135937499999997 0.1748888888888889
0 0.6257578125000001 0.39647222222222217 0.06332812499999996 0.1667777777777778
0 0.602390625 0.4716111111111111 0.04978124999999993 0.19394444444444442
2 0.41302734374999994 0.24286805555555557 0.04135156250000001 0.16818055555555556
0 0.7661445312499999 0.45868749999999997 0.05746093750000005 0.17081944444444447
1 0.5062890624999999 0.4495486111111111 0.08057812499999999 0.14465277777777774
0 0.17470703125 0.5167916666666668 0.06939843750000001 0.22405555555555554
0 0.42912109374999996 0.8697777777777778 0.0905703125 0.25833333333333336
0 0.12500781249999998 0.7062708333333333 0.060078125 0.24237499999999998
