0 0.30451953125 0.2824097222222222 0.05432031250000002 0.12612500000000001
0 0.28433984375000004 0.40875694444444444 0.06530468749999999 0.12895833333333337
0 0.9082734375000001 0.8808124999999999 0.09560937499999991 0.2234027777777778
0 0.7555039062500001 0.3486458333333333 0.048789062499999945 0.11873611111111108
0 0.72038671875 0.29175 0.04510156250000001 0.0992777777777778
0 0.1790546875 0.5070138888888889 0.06889062499999998 0.13894444444444448
0 0.6655859375000001 0.6395416666666667 0.07581250000000006 0.18433333333333338
0 0.8421953125 0.42561805555555565 0.057421875 0.1287361111111111
2 0.10902734375 0.6733472222222222 0.0492734375 0.2092222222222222
1 0.10128515624999998 0.4295902777777778 0.0652109375 0.12518055555555554
