0 0.6416640625 0.3787013888888888 0.03995312499999999 0.18168055555555557
0 0.5200781250000001 0.6340069444444445 0.07723437500000001 0.17706944444444445
0 0.762859375 0.7244791666666667 0.05815624999999995 0.17615277777777777
0 0.6201992187500001 0.5996874999999999 0.05952343750000004 0.136625
0 0.59690234375 0.4295486111111111 0.04903906249999999 0.17168055555555553
2 0.63812109375 0.3257569444444445 0.03824218749999995 0.15556944444444448
1 0.5173984375 0.3976944444444444 0.05425000000000004 0.17252777777777778
0 0.8818398437500001 0.6554791666666667 0.0704296874999999 0.1469305555555556
0 0.4566328125 0.6637638888888888 0.06528124999999996 0.18602777777777776
0 0.18961718749999998 0.9308611111111111 0.05553125000000001 0.1382777777777777
