0 0.74469140625 0.6422430555555556 0.05785156250000005 0.17754166666666674
0 0.74462109375 0.4210625 0.03869531249999998 0.14495833333333338
2 0.8816640625 0.23740972222222223 0.027046874999999915 0.13031944444444443
2 0.47815624999999995 0.9332083333333334 0.05895312500000003 0.13358333333333328
0 0.051070312500000006 0.6166736111111111 0.055296875 0.17948611111111112
0 0.15439453125 0.39673611111111107 0.035320312499999985 0.1368055555555555
0 0.374734375 0.6471805555555555 0.046390625 0.15852777777777777
0 0.2985703125 0.5300972222222222 0.04431249999999998 0.12944444444444442
0 0.37594140625 0.3857986111111111 0.041007812500000004 0.11451388888888887
2 0.3919375 0.4639027777777778 0.04364062500000001 0.14625000000000002
0 0.30578125 0.5446805555555555 0.0484375 0.16133333333333336
0 0.40527734375 0.6748541666666666 0.04572656249999998 0.17043055555555553
0 0.33987500000000004 0.40690972222222227 0.04403125000000001 0.13387500000000002
