0 0.64544140625 0.37710416666666663 0.037351562500000046 0.18273611111111115
0 0.57405859375 0.6631180555555556 0.07557031250000001 0.1845972222222222
0 0.74209375 0.7128888888888889 0.058328125000000064 0.19311111111111107
0 0.653109375 0.6243541666666667 0.06042187500000003 0.14962499999999995
0 0.5935312500000001 0.4334166666666667 0.048812500000000016 0.1778888888888889
2 0.65838671875 0.3391180555555556 0.03958593750000006 0.16290277777777776
1 0.51324609375 0.3993888888888889 0.04594531250000004 0.1691388888888889
0 0.85557421875 0.6412916666666667 0.08071093749999995 0.1569722222222222
0 0.5054804687500001 0.6742083333333333 0.07061718749999998 0.18599999999999994
0 0.22405468749999996 0.9055972222222222 0.05915624999999998 0.18663888888888888
0 0.03512890625 0.9448819444444445 0.0702578125 0.11023611111111112
