0 0.6121953125 0.6474236111111111 0.07345312499999998 0.15951388888888893
0 0.34265625 0.5317083333333333 0.06846875000000004 0.14322222222222222
0 0.35589843749999994 0.6657083333333333 0.07728125000000001 0.16652777777777775
0 0.3418828125 0.37384027777777773 0.042874999999999996 0.16451388888888888
0 0.4449296875 0.5842152777777778 0.06865625 0.18254166666666669
0 0.50809765625 0.4850555555555556 0.0571328125 0.16011111111111107
0 0.57519921875 0.8495833333333334 0.06852343750000003 0.22025000000000006
0 0.4344023437500001 0.417625 0.04857031249999997 0.15744444444444447
2 0.63871875 0.3562083333333333 0.045187500000000026 0.15502777777777774
1 0.64052734375 0.5342916666666666 0.0658203125 0.15461111111111117
