0 0.38042578125 0.36841666666666667 0.05638281249999997 0.15691666666666665
0 0.4926562499999999 0.42904861111111103 0.05418750000000001 0.14579166666666662
0 0.44758984375 0.5355902777777778 0.05555468750000001 0.1322638888888889
0 0.6734648437499999 0.44554861111111116 0.06675781250000004 0.15329166666666666
0 0.41523046875 0.44979861111111114 0.05953906250000003 0.14859722222222224
0 0.1208046875 0.4270625 0.05753124999999999 0.16520833333333332
0 0.3156171875 0.4699027777777778 0.052281250000000015 0.14547222222222222
0 0.7885195312500001 0.5860625 0.06433593750000002 0.1824305555555555
2 0.9241914062500001 0.3148611111111111 0.046195312499999905 0.16213888888888886
0 0.93855078125 0.4116666666666666 0.0672734375000001 0.15083333333333332
