0 0.7363515625 0.4168472222222222 0.04474999999999998 0.17516666666666666
0 0.68956640625 0.4661597222222222 0.04972656249999998 0.1550138888888889
0 0.655640625 0.4012430555555555 0.05149999999999997 0.18009722222222224
0 0.660484375 0.40454166666666663 0.05621874999999994 0.16761111111111113
2 0.46268359375 0.2599652777777778 0.04135156250000005 0.16195833333333332
0 0.7909335937499999 0.4664305555555555 0.06164843749999989 0.17236111111111113
1 0.5563046875 0.45877777777777784 0.08153125000000001 0.12769444444444444
0 0.29847265625 0.4210555555555555 0.054398437499999994 0.18730555555555553
0 0.7048671875 0.7225694444444445 0.070421875 0.21175000000000005
0 0.09650390625000001 0.9511805555555556 0.07892968749999998 0.09763888888888883
