0 0.6116406249999999 0.708 0.052749999999999984 0.15233333333333335
0 0.70057421875 0.7766875000000001 0.05446093750000003 0.12562500000000007
0 0.63776953125 0.3593541666666667 0.03725781250000004 0.1577916666666667
0 0.617171875 0.57525 0.060218749999999946 0.17155555555555552
0 0.61177734375 0.7600972222222222 0.05191406249999995 0.1821111111111112
0 0.61971484375 0.36900694444444443 0.0450234375 0.16420833333333335
2 0.47973046874999997 0.20921527777777776 0.030460937500000007 0.15004166666666666
1 0.65972265625 0.3549791666666666 0.0509765625 0.15331944444444442
0 0.28149609375 0.5995 0.058195312500000006 0.18244444444444446
0 0.4762734375 0.8408611111111112 0.06614062500000006 0.17505555555555566
