0 0.76796484375 0.6507222222222222 0.07480468749999991 0.167
0 0.41752343750000004 0.8684791666666668 0.10042187500000002 0.18906944444444443
0 0.4987109375 0.3906805555555556 0.041640624999999966 0.16080555555555556
0 0.37992578125000004 0.4904513888888889 0.07247656250000004 0.156625
0 0.8193203125 0.713576388888889 0.10318749999999995 0.14629166666666674
0 0.47683593750000003 0.40612499999999996 0.04923437499999998 0.18083333333333332
2 0.45166796875 0.2544236111111111 0.03549218750000005 0.1669027777777778
1 0.56009765625 0.38990972222222225 0.06616406249999995 0.1532361111111111
0 0.2646484375 0.5721319444444445 0.05504687500000003 0.1797083333333333
0 0.2369453125 0.6881666666666667 0.05771875 0.19516666666666665
