0 0.7348515625 0.6295972222222223 0.06371874999999996 0.17158333333333337
0 0.73960546875 0.4289861111111111 0.040101562500000035 0.13999999999999993
2 0.88055078125 0.24125694444444443 0.028726562499999986 0.12684722222222225
2 0.49174609374999995 0.9344444444444444 0.04908593750000003 0.13111111111111107
0 0.07135546875000001 0.6157986111111111 0.055570312499999996 0.17651388888888894
0 0.17224609375 0.4017013888888889 0.036429687499999995 0.13681944444444447
0 0.37159765624999996 0.6428680555555556 0.05124218749999998 0.16151388888888885
0 0.3259140625 0.5217222222222222 0.041703124999999994 0.12849999999999998
0 0.35665625 0.39987500000000004 0.0620625 0.1140555555555556
2 0.3933046875 0.47723611111111114 0.04251562499999997 0.14252777777777778
0 0.33683203125 0.53375 0.039070312499999996 0.1490277777777778
0 0.41159765625 0.6513333333333333 0.04646093750000002 0.15791666666666657
0 0.36412890625 0.41326388888888893 0.039070312499999996 0.1324722222222222
