0 0.38003125 0.7094444444444444 0.04857812499999996 0.1973888888888889
0 0.5632109375000001 0.7915555555555557 0.05943750000000003 0.1789444444444445
0 0.6578125 0.34791666666666665 0.044296875000000034 0.13491666666666666
0 0.65953125 0.7160555555555557 0.07621875000000004 0.1799166666666667
0 0.349578125 0.7451319444444444 0.057656250000000006 0.20006944444444438
0 0.6809101562500001 0.3773819444444445 0.048117187500000026 0.13204166666666667
2 0.46319140625 0.19937500000000002 0.03277343750000004 0.13102777777777777
1 0.7003515625000001 0.3356111111111111 0.05298437500000004 0.14358333333333334
0 0.15451171875 0.5687430555555556 0.055523437499999995 0.17215277777777785
0 0.48033984375000005 0.8705208333333333 0.07485156250000005 0.15248611111111107
0 0.04625 0.8615555555555555 0.06693750000000001 0.22922222222222233
