0 0.57850390625 0.6020694444444444 0.061742187499999976 0.17616666666666672
0 0.28082421875 0.46093055555555557 0.04919531249999998 0.17569444444444443
0 0.34304296875 0.6232083333333333 0.0595703125 0.18666666666666665
0 0.48084375 0.3289097222222222 0.053000000000000026 0.11765277777777779
0 0.544296875 0.46202083333333327 0.054000000000000006 0.15609722222222228
0 0.70251953125 0.46036111111111117 0.055242187500000026 0.17138888888888892
0 0.9746132812500001 0.6823194444444445 0.050773437500000004 0.19944444444444448
0 0.46712890625 0.3703194444444444 0.06628906250000002 0.1253611111111111
2 0.8733203125 0.3860138888888889 0.037812499999999895 0.16661111111111115
1 0.8681367187500001 0.5302083333333333 0.04760156250000005 0.17308333333333334
