0 0.63920703125 0.7078472222222222 0.05172656249999994 0.15491666666666662
0 0.6861914062500001 0.7970208333333334 0.055039062499999944 0.10881944444444448
0 0.61451953125 0.3667222222222222 0.03889843749999997 0.15888888888888889
0 0.57493359375 0.5629236111111111 0.05816406249999995 0.16576388888888893
0 0.6453398437500001 0.7624652777777778 0.054445312499999954 0.17368055555555556
0 0.5948984375 0.3774861111111111 0.04543749999999998 0.1648611111111111
2 0.47078125000000004 0.217875 0.030281249999999992 0.15044444444444446
1 0.642859375 0.3608402777777778 0.05481250000000006 0.14995833333333336
0 0.29090625000000003 0.6030486111111111 0.063328125 0.1840138888888889
0 0.4445859375 0.8166875 0.06293750000000005 0.18398611111111116
