0 0.7394765624999999 0.4082152777777777 0.043031250000000035 0.16276388888888887
0 0.7147187500000001 0.48299305555555555 0.056640625 0.1689583333333333
0 0.6111328125 0.3866041666666667 0.052515625000000024 0.16381944444444443
0 0.68683984375 0.4412361111111111 0.04586718750000003 0.16702777777777778
2 0.48391015625 0.2572569444444444 0.03922656250000003 0.15459722222222222
0 0.813890625 0.4538472222222222 0.05640625000000012 0.1808888888888889
1 0.57187890625 0.45545833333333324 0.07152343749999997 0.13375
0 0.42153124999999997 0.45084722222222223 0.06203124999999998 0.19483333333333333
0 0.57487890625 0.754875 0.07769531250000003 0.20883333333333343
0 0.11725 0.7254444444444446 0.07498437499999999 0.22019444444444447
