0 0.73940625 0.4092430555555555 0.04353124999999993 0.1625416666666667
0 0.71533984375 0.4867986111111111 0.05678906250000004 0.16993055555555558
0 0.6063632812499999 0.3861111111111111 0.0522421875 0.16236111111111107
0 0.68645703125 0.4417083333333333 0.04725781250000001 0.16655555555555557
2 0.481734375 0.25680555555555556 0.039437500000000014 0.15466666666666667
0 0.81309375 0.45358333333333334 0.056421874999999934 0.18069444444444446
1 0.57044921875 0.45529166666666665 0.07152343750000005 0.13374999999999992
0 0.420015625 0.4509652777777778 0.06134374999999999 0.1948194444444444
0 0.57277734375 0.7601736111111111 0.0772578125 0.21056944444444448
0 0.11909765624999999 0.7317083333333332 0.0756328125 0.22041666666666657
