0 0.7463632812500001 0.39812499999999995 0.040460937499999974 0.17094444444444443
0 0.6996875 0.4429166666666666 0.054296875 0.1763611111111111
0 0.66438671875 0.40747222222222224 0.061226562500000005 0.17875000000000002
0 0.69165625 0.4353472222222222 0.04612500000000006 0.17255555555555552
2 0.49591796875000005 0.2627777777777778 0.03897656249999999 0.155
0 0.823984375 0.46367361111111116 0.05743749999999999 0.1806805555555555
1 0.58643359375 0.46090972222222226 0.06560156250000002 0.12915277777777778
0 0.39483203125 0.4411597222222222 0.053367187499999955 0.19929166666666667
0 0.6571484375000001 0.7188541666666667 0.06082812500000001 0.19090277777777767
0 0.07475000000000001 0.6581666666666667 0.06925 0.21075000000000002
