0 0.6156328125 0.6450347222222221 0.07375000000000007 0.1611249999999999
0 0.34539453125 0.5271041666666666 0.06936718750000001 0.14393055555555556
0 0.3593359375 0.6619930555555555 0.0751875 0.1665416666666667
0 0.35109765625 0.3708263888888889 0.044367187500000016 0.16059722222222222
0 0.46067187500000006 0.5772222222222223 0.06885937499999999 0.17916666666666667
0 0.5238320312500001 0.48558333333333337 0.0571328125 0.16011111111111107
0 0.5984570312499999 0.8415277777777779 0.06852343750000003 0.22025000000000006
0 0.4410273437500001 0.41488194444444443 0.051851562500000004 0.15690277777777778
2 0.65680078125 0.35815277777777776 0.044289062499999955 0.1564444444444444
1 0.6574140625 0.5346458333333334 0.06412499999999995 0.15462500000000007
