0 0.6538046875 0.502 0.08421874999999997 0.15511111111111103
0 0.5325898437500001 0.22870833333333335 0.0529296875 0.1381388888888889
0 0.6646210937499999 0.6159444444444445 0.06589843750000002 0.18352777777777776
2 0.469234375 0.15265277777777778 0.040750000000000064 0.129
0 0.52801171875 0.2532083333333333 0.047757812499999996 0.18694444444444447
1 0.60858203125 0.34099305555555554 0.07532031250000007 0.1925694444444444
0 0.670546875 0.6739791666666667 0.07468750000000002 0.16684722222222229
0 0.24665234375000003 0.45309722222222226 0.07930468750000004 0.1767777777777778
0 0.65230859375 0.2748263888888889 0.06192968749999998 0.094875
0 0.0366640625 0.8408611111111111 0.065828125 0.2367777777777778
