0 0.6251328125000001 0.5728819444444445 0.06528125000000004 0.14865277777777783
0 0.39645703125 0.46177083333333335 0.047757812499999996 0.16401388888888885
0 0.4526875 0.5534444444444445 0.05842187500000007 0.15469444444444444
0 0.5636523437500001 0.30193055555555554 0.052492187500000044 0.12669444444444444
0 0.41414453125 0.5138194444444444 0.04019531250000004 0.16391666666666665
0 0.07435546875 0.32734722222222223 0.0495078125 0.12925000000000003
0 0.52010546875 0.3807777777777777 0.04710156249999997 0.14216666666666664
0 0.1376796875 0.7339027777777777 0.060562500000000005 0.21083333333333326
0 0.5034492187499999 0.8378958333333333 0.061742187499999976 0.1979027777777778
0 0.6514609375 0.34500694444444446 0.050156250000000034 0.13945833333333338
2 0.74717578125 0.2667847222222222 0.037820312500000064 0.1472361111111111
1 0.8066601562500001 0.43672222222222223 0.06399218749999998 0.1106666666666666
