0 0.9834531250000002 0.45757638888888896 0.03309374999999992 0.14104166666666668
0 0.7078671875 0.6153055555555556 0.06557812499999996 0.16069444444444442
0 0.40216796875 0.41401388888888896 0.059101562500000024 0.14063888888888892
0 0.41241015625 0.5130902777777778 0.05510156249999998 0.16073611111111114
2 0.5966796875 0.22891666666666666 0.03965624999999999 0.1426111111111111
0 0.8772539062500002 0.6602430555555555 0.0671796875 0.17676388888888886
1 0.7357421875 0.34844444444444445 0.061437500000000075 0.1456111111111111
0 0.3211328125 0.7761805555555555 0.07925 0.1725277777777778
0 0.75937109375 0.7800763888888889 0.05291406250000001 0.11609722222222227
0 0.31337890625 0.8676458333333332 0.0652265625 0.21679166666666672
0 0.7304999999999999 0.808923611111111 0.057125 0.10548611111111102
