0 0.6079687500000001 0.6470416666666666 0.07210937500000006 0.1609166666666666
0 0.335078125 0.5327777777777778 0.06493750000000001 0.14933333333333337
0 0.3493515625 0.6679444444444443 0.07501562499999999 0.17011111111111105
0 0.33661328125 0.37549305555555557 0.042414062499999974 0.16143055555555558
0 0.4288125 0.588 0.06778124999999999 0.185
0 0.49306640625 0.48420138888888886 0.05511718749999996 0.16098611111111108
0 0.55845703125 0.8569305555555555 0.07136718750000001 0.22052777777777774
0 0.4285546875 0.4171319444444445 0.04723437499999994 0.15784722222222228
2 0.6265703125 0.35299305555555555 0.04435937499999998 0.1544583333333333
1 0.6326328125 0.5311041666666666 0.06548437499999996 0.1513472222222222
