0 0.37522265624999995 0.36378472222222225 0.05936718749999996 0.1522916666666667
0 0.485 0.42160416666666667 0.0538125 0.14215277777777782
0 0.45707031249999996 0.5392152777777778 0.05481249999999997 0.13356944444444446
0 0.6711406249999999 0.43943055555555555 0.06396874999999999 0.15361111111111114
0 0.41668359375 0.44752083333333337 0.05953906250000003 0.14859722222222216
0 0.1152265625 0.4260763888888889 0.05753125 0.16520833333333332
0 0.3270546875 0.4712152777777777 0.05284374999999999 0.14876388888888883
0 0.76491015625 0.5807708333333333 0.06841406250000004 0.17779166666666674
2 0.9152695312500001 0.3168472222222222 0.046195312499999905 0.1621388888888889
0 0.9409453124999999 0.4098333333333334 0.06417187500000007 0.15561111111111114
