0 0.7384140625 0.423625 0.05059374999999999 0.15927777777777782
0 0.7295742187500001 0.5429999999999999 0.05889843749999999 0.18352777777777776
0 0.53808984375 0.3843611111111111 0.05030468750000008 0.14194444444444443
0 0.6846523437500001 0.4599444444444444 0.061789062500000026 0.16380555555555557
2 0.45044140625000006 0.2513402777777778 0.04239843750000007 0.155375
0 0.8019296875 0.4499652777777778 0.056625000000000016 0.17798611111111115
1 0.5504492187500001 0.4530277777777777 0.07152343750000005 0.13375
0 0.39881640625000003 0.4525763888888889 0.05185156249999996 0.1945694444444444
0 0.54340625 0.8343611111111111 0.07110937500000007 0.23505555555555557
0 0.145 0.8194375 0.08471875 0.22365277777777773
