0 0.34951171875 0.289 0.04641406249999998 0.12524999999999997
0 0.33006250000000004 0.3911527777777778 0.05593749999999997 0.12541666666666665
0 0.9354648437499999 0.8605972222222222 0.09560156249999992 0.22341666666666654
0 0.80939453125 0.3539097222222222 0.048789062500000036 0.11873611111111113
0 0.7745312500000001 0.3119513888888889 0.04364062500000001 0.11681944444444446
0 0.18028515625000002 0.4929513888888889 0.07532031250000001 0.14595833333333338
0 0.74741015625 0.6531597222222222 0.08224218750000008 0.17993055555555548
0 0.8963281249999999 0.4348333333333333 0.05196874999999999 0.12080555555555558
2 0.15081250000000002 0.6834444444444444 0.048796875 0.2188888888888889
1 0.10177734375 0.44277777777777777 0.06521093749999998 0.12516666666666668
