0 0.63069921875 0.5238263888888889 0.07453906249999998 0.15420833333333336
0 0.478640625 0.21968055555555557 0.05882812499999997 0.11913888888888889
0 0.7504570312500001 0.6145694444444445 0.06366406250000001 0.1776666666666667
2 0.5154804687500001 0.1444513888888889 0.04250781249999998 0.14398611111111112
0 0.5354765625000001 0.2516111111111111 0.053781250000000023 0.17691666666666667
1 0.6204296875 0.3315555555555555 0.07115625000000003 0.1829722222222222
0 0.7226132812499999 0.6661736111111111 0.0895546875 0.1840138888888889
0 0.262453125 0.4349166666666667 0.07579687499999999 0.16569444444444445
0 0.6556367187500001 0.27575000000000005 0.06091406250000002 0.08338888888888887
0 0.14746874999999998 0.7981319444444444 0.07615625 0.22365277777777773
