0 0.6289453125 0.7666319444444445 0.056374999999999974 0.20279166666666665
0 0.21160937500000002 0.3835416666666666 0.05421875 0.16219444444444447
0 0.30870312499999997 0.4562847222222222 0.07062499999999998 0.14129166666666662
2 0.6290820312500001 0.23981250000000004 0.04299218749999998 0.14856944444444445
0 0.6822578125 0.771263888888889 0.07817187500000004 0.1975833333333334
1 0.78529296875 0.33018055555555553 0.06144531249999998 0.14561111111111108
0 0.09929296875 0.9517569444444445 0.0771015625 0.09648611111111115
0 0.80095703125 0.7332083333333332 0.061742187499999976 0.15177777777777773
0 0.1593203125 0.9528333333333333 0.05784374999999999 0.09433333333333328
0 0.76008984375 0.7842777777777779 0.047585937499999974 0.1279722222222222
