0 0.71980078125 0.41213194444444445 0.047867187499999984 0.1751805555555556
0 0.7086953125 0.4667916666666666 0.06389062499999998 0.17152777777777778
0 0.63428125 0.4046319444444444 0.05668749999999996 0.1629861111111111
0 0.60219140625 0.4203888888888889 0.04561718749999999 0.1605555555555556
2 0.43493359374999996 0.2493125 0.04135156249999996 0.16195833333333334
0 0.7645703125000001 0.45400694444444445 0.049703125 0.17234722222222226
1 0.5297031249999999 0.4489722222222222 0.07748437500000005 0.12769444444444444
0 0.19903906249999997 0.43129166666666663 0.054312499999999986 0.1971388888888889
0 0.6605078125 0.7844027777777778 0.07912500000000007 0.23588888888888893
0 0.14896875 0.9635069444444445 0.07007812499999999 0.07298611111111104
