0 0.599015625 0.5952291666666667 0.06274999999999994 0.15387499999999996
0 0.35992968750000004 0.4779722222222222 0.046812500000000014 0.17563888888888887
0 0.40699218750000005 0.5774027777777778 0.05518749999999999 0.16313888888888886
0 0.49401953125000003 0.3123611111111111 0.04924218749999998 0.1303611111111111
0 0.38767968750000004 0.5270486111111111 0.04284374999999998 0.1629027777777778
0 0.48132421875000003 0.3926458333333333 0.03872656250000004 0.1525972222222222
0 0.060046875 0.7872916666666667 0.05034375 0.23433333333333337
0 0.4960078125000001 0.8498819444444444 0.05515625000000002 0.1979027777777778
0 0.58182421875 0.35128472222222223 0.04866406249999997 0.13979166666666668
2 0.6929375 0.2791180555555555 0.03829687499999999 0.14840277777777777
1 0.7461757812500001 0.4484652777777777 0.0662109375 0.11076388888888888
