0 0.38588281250000006 0.7646180555555555 0.07717187500000003 0.19418055555555547
0 0.12119921874999999 0.3943402777777778 0.06480468750000001 0.14115277777777777
2 0.8015390625000001 0.16693055555555555 0.039406250000000045 0.13249999999999998
0 0.5246640625 0.36768055555555557 0.04835937499999998 0.14747222222222223
1 0.8157109374999999 0.3089791666666667 0.0660312499999999 0.1517638888888889
0 0.5465 0.6114166666666667 0.06395312500000001 0.16174999999999998
0 0.46438671875 0.4919652777777778 0.06096093749999998 0.15054166666666674
0 0.8429570312500001 0.25075694444444446 0.05697656250000005 0.07454166666666664
0 0.600546875 0.834298611111111 0.053031249999999995 0.12879166666666653
0 0.571453125 0.8459236111111111 0.06104687499999999 0.14584722222222238
