0 0.91633984375 0.3941458333333333 0.058554687500000036 0.12895833333333329
0 0.79399609375 0.4551875 0.05802343750000007 0.13890277777777776
0 0.6766015624999999 0.39311805555555557 0.081828125 0.16056944444444446
0 0.6659726562499999 0.452625 0.07341406249999993 0.15580555555555556
2 0.56629296875 0.1856111111111111 0.039664062499999986 0.14302777777777775
0 0.9722734375 0.48198611111111106 0.05337500000000013 0.1485833333333333
1 0.67338671875 0.3426805555555556 0.05974218749999993 0.1545277777777778
0 0.4453984375 0.5484027777777778 0.06274999999999994 0.1560555555555555
0 0.68514453125 0.8358819444444445 0.06591406250000001 0.1419027777777777
0 0.51480078125 0.7067986111111111 0.07102343749999998 0.18398611111111107
0 0.60175390625 0.8790694444444446 0.0634765625 0.13844444444444437
