0 0.63912109375 0.39245138888888886 0.033085937500000016 0.18273611111111115
0 0.6390625 0.7884722222222222 0.06512499999999992 0.22158333333333335
0 0.6915546875 0.7019583333333332 0.05499999999999998 0.23250000000000004
0 0.75160546875 0.686125 0.057835937500000066 0.22066666666666673
0 0.5706015625 0.4741666666666666 0.04914062500000007 0.20025
2 0.716484375 0.4052222222222222 0.057515625 0.18155555555555555
1 0.48915234375 0.4231319444444444 0.04249218749999999 0.17690277777777774
0 0.7283398437499999 0.6371388888888889 0.06288281250000001 0.20852777777777767
0 0.6042617187499999 0.7463055555555554 0.0541953125 0.19916666666666663
0 0.2929453125 0.807375 0.068296875 0.2292500000000001
