0 0.71971484375 0.41213194444444445 0.047867187499999984 0.1751805555555556
0 0.7080546875 0.46675 0.06389062500000006 0.17152777777777778
0 0.6350703125000001 0.4045138888888889 0.05671875000000002 0.16305555555555554
0 0.6023554687500001 0.4200416666666667 0.04561718749999999 0.1605555555555556
2 0.43547265625 0.24949999999999997 0.04135156249999996 0.16194444444444445
0 0.7650625 0.45435416666666667 0.049703125 0.17234722222222226
1 0.53016015625 0.4492777777777778 0.07763281250000001 0.12769444444444444
0 0.20110546874999996 0.43079861111111106 0.05446093749999999 0.1968194444444444
0 0.6619921875 0.7826041666666667 0.07889062500000002 0.23506944444444444
0 0.14808203125000002 0.9632013888888888 0.0700859375 0.07359722222222223
