0 0.40925 0.7072569444444444 0.04728125000000003 0.19706944444444444
0 0.5886328125 0.7829930555555555 0.05854687499999996 0.17173611111111114
0 0.66865234375 0.3410486111111111 0.04391406250000003 0.13379166666666673
0 0.6780078125 0.6949375 0.07196875 0.18115277777777786
0 0.382234375 0.7382847222222223 0.056640625 0.19712499999999994
0 0.6888945312500001 0.37085416666666665 0.04633593750000005 0.13701388888888885
2 0.47298046875 0.19508333333333333 0.03277343749999995 0.13266666666666665
1 0.71290234375 0.3309861111111111 0.0498046875 0.14561111111111116
0 0.17946484375 0.5590069444444444 0.05477343749999999 0.1735138888888889
0 0.48851562499999995 0.8664722222222222 0.07320312499999995 0.1511388888888888
0 0.05870703125 0.8648472222222223 0.0776484375 0.23255555555555546
