0 0.36741406249999997 0.35684027777777777 0.06382812499999999 0.14534722222222224
0 0.47350781249999996 0.41044444444444445 0.05324999999999998 0.13669444444444448
0 0.47129296875 0.5446597222222221 0.053695312500000016 0.13554166666666664
0 0.6676484375 0.4302569444444444 0.05978124999999999 0.15409722222222222
0 0.42650781249999997 0.4428680555555556 0.05954687499999998 0.14859722222222224
0 0.106859375 0.42459027777777775 0.05753125 0.16520833333333335
0 0.34421093750000004 0.4731944444444444 0.05368749999999998 0.1536944444444444
0 0.7294921875 0.5728333333333333 0.07454687500000005 0.17086111111111107
2 0.90187890625 0.31981944444444443 0.046195312500000085 0.16213888888888886
0 0.9445429687499999 0.4070902777777778 0.059523437499999866 0.16276388888888887
