0 0.7189296875 0.41213194444444445 0.047859374999999996 0.1751805555555556
0 0.702265625 0.46641666666666665 0.06389062499999998 0.17152777777777778
0 0.6421601562499999 0.40342361111111114 0.05689843750000003 0.16359722222222225
0 0.60381640625 0.41683333333333333 0.04561718749999999 0.1605555555555556
2 0.44029296875 0.25122222222222224 0.04135156249999996 0.16194444444444445
0 0.7695000000000001 0.45743750000000005 0.049703125 0.17234722222222218
1 0.5343125000000001 0.4520277777777778 0.07898437500000002 0.12769444444444444
0 0.21971875000000002 0.4263333333333333 0.05581249999999997 0.1940833333333333
0 0.6754492187500001 0.7665972222222223 0.07686718749999999 0.22727777777777775
0 0.13865234375000002 0.9611319444444444 0.0700859375 0.07773611111111114
