0 0.38684375000000004 0.3720833333333333 0.055374999999999994 0.15999999999999998
0 0.508609375 0.4379444444444445 0.05625 0.1506111111111111
0 0.4401171875 0.5344027777777778 0.05784374999999997 0.13197222222222219
0 0.684078125 0.45386111111111105 0.06829687500000006 0.15433333333333327
0 0.42119921875 0.45307638888888896 0.05953906250000003 0.14859722222222216
0 0.13198828125 0.4297916666666666 0.057476562499999995 0.16599999999999998
0 0.3053671875 0.4710902777777778 0.053421874999999994 0.14379166666666662
0 0.8247617187500002 0.5927777777777778 0.06127343750000005 0.18591666666666667
2 0.93873828125 0.31326388888888884 0.04464843750000007 0.16052777777777777
0 0.9420937500000001 0.4154375 0.06767187500000009 0.14656944444444445
