0 0.7428203124999999 0.40153472222222225 0.04121875000000008 0.16676388888888888
0 0.7072773437500001 0.4590486111111111 0.05594531250000001 0.17270833333333335
0 0.6420390625 0.39752777777777776 0.05746875000000005 0.17238888888888887
0 0.68904296875 0.4393402777777778 0.04378906249999996 0.1699027777777778
2 0.49265234375 0.2602986111111111 0.03880468749999997 0.1545138888888889
0 0.8202812500000001 0.45862500000000006 0.056374999999999974 0.18127777777777784
1 0.58048046875 0.45814583333333336 0.0684609375 0.13168055555555555
0 0.41401562500000005 0.44761111111111107 0.057078125 0.19649999999999998
0 0.6128828125 0.7308333333333334 0.07104687500000004 0.1893888888888889
0 0.09821093750000001 0.691861111111111 0.07275000000000001 0.2164166666666666
