2 0.7542382812499999 0.2760416666666667 0.03649218749999994 0.15063888888888885
0 0.8026875 0.5341319444444445 0.05262499999999992 0.14806944444444448
0 0.61212109375 0.5423888888888888 0.05036718750000002 0.13169444444444445
0 0.30915625 0.40284722222222225 0.049046875000000024 0.157
0 0.55675 0.5049236111111111 0.06559375000000003 0.14381944444444447
0 0.73653515625 0.48833333333333334 0.04471093750000001 0.17588888888888896
0 0.17379296875 0.4804583333333333 0.05963281250000001 0.14177777777777784
0 0.382484375 0.3246736111111111 0.050078125000000015 0.11745833333333336
0 0.43035546875 0.3688472222222222 0.05399218750000001 0.1286111111111111
1 0.88065625 0.46175694444444443 0.05162499999999994 0.18245833333333333
