2 0.685125 0.3166597222222222 0.045015625000000004 0.1395416666666667
0 0.7732890625 0.6135 0.07214062500000003 0.15161111111111114
0 0.5241484375 0.6718333333333334 0.06565624999999997 0.18922222222222224
0 0.24705859375 0.4117777777777778 0.0448203125 0.14322222222222228
0 0.398671875 0.5054861111111111 0.04573437500000006 0.15569444444444447
0 0.7635273437500001 0.7518680555555556 0.06975781250000006 0.19479166666666667
0 0.04398046875 0.44800694444444444 0.0496328125 0.14448611111111107
0 0.47766796874999995 0.3965416666666667 0.049507812500000005 0.13805555555555551
0 0.5780390625 0.4428680555555556 0.04520312500000001 0.16281944444444446
1 0.8425 0.5176458333333334 0.06682812499999997 0.15309722222222225
