0 0.91820703125 0.7762222222222223 0.06419531250000006 0.19238888888888886
0 0.8098906249999999 0.40294444444444444 0.05065624999999994 0.13824999999999998
2 0.3333125 0.9342430555555555 0.0589375 0.13151388888888896
0 0.09217578124999999 0.5175555555555555 0.0601953125 0.17383333333333337
0 0.25066015625000004 0.3243958333333333 0.04800781249999999 0.11343055555555553
0 0.5092343749999999 0.7633819444444444 0.055906250000000046 0.18984722222222222
0 0.27184375 0.48087500000000005 0.05692187500000001 0.14972222222222223
0 0.6791679687500001 0.363375 0.046242187499999955 0.10911111111111116
2 0.570875 0.4135972222222222 0.050484375000000005 0.1318333333333333
0 0.21862499999999999 0.4957986111111111 0.05360937499999998 0.1472361111111111
0 0.41851171874999993 0.8177708333333332 0.06439843749999996 0.20034722222222223
0 0.38108593749999997 0.30257638888888894 0.04232812500000001 0.11306944444444444
