0 0.33912890625 0.2874791666666667 0.0482421875 0.12545833333333334
0 0.319515625 0.39521527777777776 0.05809375000000001 0.1262361111111111
0 0.9291875 0.8652638888888889 0.09560937499999991 0.22341666666666668
0 0.7969570312500001 0.35270138888888886 0.048789062499999945 0.11873611111111113
0 0.76203515625 0.3072916666666667 0.04397656249999997 0.1127777777777778
0 0.18000390625 0.4962013888888889 0.07383593750000002 0.14434722222222224
0 0.7285273437500001 0.6500138888888889 0.0807578125 0.1809444444444444
0 0.8838359375 0.43270833333333325 0.05323437500000008 0.12263888888888891
2 0.141171875 0.6811180555555555 0.04890625 0.21665277777777772
1 0.10166015625 0.4397361111111111 0.06521093750000001 0.12516666666666668
