0 0.7590351562500001 0.4473958333333333 0.05075781249999993 0.14465277777777774
0 0.76465625 0.6239652777777778 0.06592187499999999 0.1877638888888889
0 0.45140624999999995 0.4128472222222222 0.05223437500000001 0.1488888888888889
0 0.6474804687500001 0.5038333333333334 0.06144531249999998 0.17024999999999998
2 0.39837890625 0.2603611111111111 0.04461718750000001 0.15591666666666665
0 0.78058984375 0.4643680555555556 0.0693359375 0.1685972222222223
1 0.5300234375 0.4516944444444445 0.07317187499999997 0.13449999999999995
0 0.33071484375 0.46766666666666673 0.05708593750000004 0.18438888888888896
0 0.43467968749999997 0.9055000000000001 0.062281250000000024 0.18747222222222223
0 0.0829453125 0.923548611111111 0.0770625 0.14734722222222227
