0 0.12175390625 0.900076388888889 0.07271093749999999 0.1998472222222222
2 0.765421875 0.1870138888888889 0.039406250000000045 0.13249999999999998
0 0.35167187499999997 0.48196527777777776 0.07207812499999999 0.15862499999999996
1 0.77896875 0.3374930555555556 0.06365624999999993 0.15176388888888886
0 0.24595703124999999 0.590625 0.06983593749999999 0.15833333333333333
0 0.47508203125000004 0.5612222222222222 0.05811718749999999 0.13819444444444445
0 0.8009960937499999 0.25943750000000004 0.048585937499999954 0.07454166666666664
0 0.63394921875 0.7979097222222222 0.05985156250000001 0.13398611111111114
0 0.61377734375 0.8014444444444444 0.05086718750000001 0.14894444444444446
0 0.080953125 0.7650138888888888 0.082734375 0.20894444444444443
0 0.9085859375 0.6589166666666666 0.0579218749999999 0.16699999999999993
