0 0.64150390625 0.6222708333333333 0.06919531249999995 0.18379166666666671
0 0.36132421875 0.47961805555555553 0.05925781250000002 0.16179166666666667
0 0.38812109375000003 0.6264652777777777 0.05924218750000003 0.1809027777777777
0 0.434921875 0.34754861111111107 0.05514062500000003 0.12456944444444444
0 0.5804882812500001 0.5101041666666666 0.0635859375 0.15968055555555552
0 0.6828671875 0.4846388888888889 0.05265624999999998 0.17127777777777783
0 0.8605859375 0.7419166666666668 0.0703125 0.2091111111111112
0 0.4976914062500001 0.38595138888888886 0.06478906249999997 0.14748611111111115
2 0.8407421875000001 0.37856944444444446 0.037812499999999895 0.16661111111111113
1 0.8345429687500001 0.5403958333333333 0.05191406250000004 0.15781944444444443
