0 0.54508203125 0.644888888888889 0.07210156250000006 0.18961111111111117
0 0.22477734375000002 0.2602708333333333 0.052257812500000014 0.1132361111111111
0 0.91158203125 0.6472430555555555 0.06896093749999999 0.1890138888888888
2 0.59649609375 0.17658333333333334 0.03883593750000003 0.1562222222222222
0 0.48119140624999995 0.2953888888888889 0.06253906250000005 0.14172222222222222
1 0.625234375 0.3280277777777778 0.06534374999999999 0.18038888888888888
0 0.66876953125 0.7210694444444445 0.09232031249999997 0.2209444444444445
0 0.26847656249999996 0.44495833333333334 0.06062499999999997 0.16683333333333333
0 0.66347265625 0.2901388888888889 0.05519531250000007 0.06269444444444443
0 0.27003125 0.8050972222222224 0.09296875 0.17713888888888898
