0 0.9865351562499999 0.5024097222222222 0.02692968750000002 0.15448611111111113
0 0.66184765625 0.722875 0.07013281249999999 0.17783333333333337
0 0.24767187499999999 0.4148888888888889 0.058109375 0.16997222222222225
0 0.27212109375000004 0.5063611111111112 0.0732890625 0.16241666666666665
2 0.59207421875 0.2426736111111111 0.04299218749999998 0.14856944444444448
0 0.73418359375 0.7300902777777777 0.06757031250000001 0.17293055555555548
1 0.766234375 0.33720833333333333 0.06143749999999999 0.14561111111111108
0 0.12655078125 0.9082500000000001 0.0737265625 0.1835
0 0.7692343750000001 0.761048611111111 0.061765625000000046 0.13454166666666667
0 0.183046875 0.9355902777777778 0.068515625 0.12881944444444443
0 0.73612890625 0.7965555555555556 0.0505859375 0.12216666666666672
