0 0.986828125 0.5050416666666666 0.02634375000000002 0.15447222222222226
0 0.65762890625 0.7289722222222222 0.07055468749999996 0.18138888888888885
0 0.2418984375 0.41354861111111113 0.058109375 0.16995833333333335
0 0.26973828125 0.5041319444444444 0.07388281249999999 0.16062500000000005
2 0.59503515625 0.24244444444444443 0.04299218749999998 0.14855555555555555
0 0.7267812499999999 0.7350000000000001 0.07050000000000001 0.17561111111111102
1 0.7677617187499999 0.33665277777777775 0.06144531249999998 0.1456111111111111
0 0.11784765625 0.9138263888888888 0.0743984375 0.17234722222222226
0 0.77015625 0.7599166666666667 0.061765624999999956 0.13700000000000007
0 0.177859375 0.9391666666666667 0.068515625 0.1216666666666667
0 0.7367265625 0.7958680555555555 0.050156250000000034 0.12298611111111105
