0 0.64483203125 0.37710416666666663 0.0361328125 0.18273611111111115
0 0.5864570312499999 0.6710972222222221 0.0745078125 0.18919444444444442
0 0.734484375 0.7096458333333332 0.058937500000000045 0.1995972222222222
0 0.6625390624999999 0.6311180555555556 0.06042187500000003 0.1566527777777778
0 0.59249609375 0.4346041666666666 0.04874218749999999 0.17979166666666666
2 0.6631015625 0.3449375 0.03959375000000005 0.1669583333333333
1 0.5119648437500001 0.3999097222222222 0.04338281250000007 0.16809722222222223
0 0.8440937500000001 0.6370902777777778 0.08421874999999997 0.16318055555555563
0 0.51726953125 0.6769097222222222 0.0716796875 0.1860138888888889
0 0.23234375 0.8989652777777778 0.061125000000000006 0.19881944444444458
0 0.03680078125 0.9448819444444445 0.0736015625 0.11023611111111112
