2 0.74509765625 0.2793055555555556 0.03610156250000003 0.15075
0 0.79548046875 0.5383125000000001 0.05263281250000009 0.14726388888888892
0 0.6048515625 0.5461041666666666 0.04998437500000001 0.13112499999999996
0 0.30114453124999996 0.40479166666666666 0.0483359375 0.15791666666666668
0 0.54931640625 0.5073819444444444 0.06605468749999996 0.14301388888888894
0 0.73080859375 0.49427777777777776 0.044320312499999924 0.17588888888888887
0 0.16481249999999997 0.48297222222222225 0.06021875000000001 0.14155555555555557
0 0.376625 0.3282222222222222 0.05034374999999995 0.11744444444444449
0 0.42466015625000003 0.3711388888888889 0.053804687500000004 0.12883333333333336
1 0.8727031249999999 0.4650694444444445 0.05193750000000001 0.18291666666666664
