0 0.71649609375 0.42929861111111106 0.0696328125 0.15954166666666664
0 0.6984140625 0.4801388888888889 0.06135937499999997 0.16994444444444445
0 0.6230546875 0.39647222222222217 0.05792187499999999 0.1667777777777778
0 0.60169921875 0.4714930555555556 0.049789062500000016 0.1922083333333334
2 0.41151953125 0.2419861111111111 0.04135156250000005 0.1695
0 0.7639179687500001 0.4581944444444444 0.05858593749999992 0.17083333333333334
1 0.50406640625 0.4527013888888889 0.08228906250000004 0.1435416666666667
0 0.16013671875 0.5110833333333333 0.0733984375 0.2222222222222222
0 0.42434765625 0.8691319444444445 0.09222656250000005 0.2591805555555556
0 0.10117968749999999 0.7088125000000001 0.060078125 0.24237500000000006
