0 0.48290625 0.3171388888888889 0.06401562500000005 0.1200833333333333
0 0.6497109375000001 0.3556944444444445 0.054203125 0.1131111111111111
0 0.33481640625 0.3229375 0.058273437500000025 0.12015277777777776
0 0.6170703125 0.8035625 0.07673437500000002 0.19373611111111105
0 0.11483203125000001 0.3808333333333334 0.0448828125 0.17316666666666666
0 0.4477421875 0.6357847222222222 0.07309374999999996 0.16326388888888882
2 0.1554140625 0.20798611111111112 0.04117187499999999 0.13
0 0.59401171875 0.6136805555555556 0.07447656250000004 0.1509722222222222
0 0.5317695312499999 0.7351527777777777 0.06961718750000001 0.18988888888888886
0 0.9470468749999998 0.8340833333333333 0.07171874999999997 0.22802777777777772
