0 0.61548828125 0.5519930555555554 0.08488281249999999 0.163625
0 0.42615625 0.22053472222222223 0.06182812499999994 0.10687499999999998
0 0.797234375 0.6247291666666667 0.07323437499999992 0.17234722222222226
2 0.5427226562499999 0.16134027777777776 0.04685156249999993 0.1562361111111111
0 0.5311796875000001 0.26097916666666665 0.05871874999999997 0.16348611111111108
1 0.620796875 0.33714583333333337 0.06970312500000002 0.18301388888888886
0 0.718953125 0.6826875 0.08948437499999998 0.20965277777777777
0 0.26762109375 0.43175694444444446 0.07483593749999998 0.15845833333333337
0 0.65538671875 0.283875 0.05910156249999998 0.07383333333333333
0 0.19389453125 0.7866944444444444 0.0793046875 0.2131111111111111
