0 0.6032500000000001 0.6458958333333332 0.07039062500000001 0.16320833333333323
0 0.32570703125 0.5329791666666667 0.06047656250000002 0.15768055555555552
0 0.3415390625 0.6699375 0.0714375 0.17487499999999995
0 0.33204296875 0.3768888888888889 0.04219531249999999 0.1562777777777778
0 0.41151953125 0.5911805555555555 0.06666406249999998 0.1873888888888889
0 0.47722265625000004 0.48320138888888886 0.05242968750000001 0.1621805555555556
0 0.54228125 0.8646597222222223 0.07517187500000003 0.22093055555555563
0 0.42252734375 0.41575000000000006 0.0463359375 0.15825
2 0.6151953125 0.3492222222222222 0.04301562500000004 0.15405555555555553
1 0.62660546875 0.5269444444444444 0.06458593749999997 0.14699999999999996
