0 0.72184375 0.41213194444444445 0.047859374999999996 0.1751805555555556
0 0.6939062500000001 0.46591666666666665 0.06389062500000006 0.17152777777777778
0 0.6557734375 0.40601388888888884 0.05717187500000005 0.17275
0 0.61065234375 0.41340277777777773 0.04561718749999999 0.16055555555555553
2 0.44726171875 0.25369444444444444 0.04135156250000005 0.16194444444444445
0 0.7759101562499999 0.46189583333333334 0.049710937499999996 0.17234722222222226
1 0.54030078125 0.45598611111111104 0.08092968750000003 0.12769444444444444
0 0.24660546874999997 0.41990277777777774 0.05777343749999999 0.1901111111111111
0 0.69540625 0.7461805555555555 0.07498437500000002 0.21061111111111117
0 0.12333984375 0.9589374999999999 0.0700859375 0.08212499999999999
