0 0.63341015625 0.5695625 0.06583593749999998 0.14929166666666668
0 0.40668359375000007 0.45755555555555555 0.047945312500000004 0.1595277777777778
0 0.46607421875000005 0.5489861111111111 0.05841406249999999 0.15469444444444444
0 0.5813124999999999 0.30061805555555554 0.05323437499999999 0.1267083333333333
0 0.42167578125 0.5110138888888889 0.04019531250000004 0.16391666666666665
0 0.0987109375 0.32172222222222224 0.049515624999999994 0.12925
0 0.53061328125 0.37779861111111107 0.04710156250000006 0.14215277777777777
0 0.15566796875 0.7240625 0.060273437500000006 0.205375
0 0.50469921875 0.8346944444444445 0.06438281250000007 0.19788888888888892
0 0.66884765625 0.3455902777777778 0.050898437500000074 0.1392916666666667
2 0.762421875 0.26430555555555557 0.03782812499999997 0.14725000000000002
1 0.8230195312500002 0.4348194444444444 0.0625078125 0.1125
