2 0.80906640625 0.2564722222222222 0.03880468750000006 0.1499444444444444
0 0.8459296875 0.5090902777777777 0.05260937500000011 0.15290277777777775
0 0.65575390625 0.5200902777777778 0.05267968750000005 0.1351527777777778
0 0.357234375 0.39116666666666666 0.053265625000000004 0.15150000000000002
0 0.6013437500000001 0.4901527777777778 0.06287500000000001 0.1486111111111111
0 0.7708984375 0.45263194444444443 0.04701562500000005 0.175875
0 0.22766406250000001 0.46534722222222213 0.056171875 0.1431388888888889
0 0.41762109375000006 0.3033888888888889 0.048539062499999994 0.11744444444444449
0 0.46453124999999995 0.3551111111111111 0.05515625000000002 0.12722222222222226
1 0.9283671874999999 0.4418402777777778 0.04973437500000007 0.1797083333333333
