0 0.7307109374999999 0.3990625 0.05201562500000003 0.1490416666666667
0 0.6912382812500001 0.44641666666666663 0.05553906250000003 0.17530555555555552
0 0.62760546875 0.37137499999999996 0.05569531249999997 0.14927777777777776
0 0.597859375 0.44154861111111116 0.04954687500000006 0.1921805555555556
2 0.42430859375 0.21872222222222223 0.04135156250000005 0.16194444444444445
0 0.79212109375 0.43100694444444443 0.046757812499999926 0.15568055555555557
1 0.5271484375 0.42093749999999996 0.06740624999999997 0.15990277777777778
0 0.2732265625 0.5127152777777777 0.05246875000000002 0.1840138888888888
0 0.47967578125 0.8371527777777777 0.08033593749999994 0.1885277777777778
0 0.31578906250000005 0.6618541666666666 0.06935937500000003 0.17573611111111107
