2 0.37567578125 0.9225694444444444 0.06864843749999996 0.15486111111111112
0 0.34008984375 0.4256527777777778 0.05946093750000001 0.13383333333333328
0 0.65840234375 0.2946944444444445 0.04182031249999998 0.10691666666666665
0 0.7237500000000001 0.7789305555555556 0.04520312500000001 0.19791666666666674
0 0.5278984375 0.4234583333333333 0.048453124999999986 0.13241666666666663
0 0.9425000000000001 0.3431666666666667 0.05103124999999995 0.10855555555555559
2 0.948828125 0.4026527777777778 0.05859375 0.1413611111111111
0 0.4334140625 0.42788194444444444 0.06692187500000002 0.1234027777777778
0 0.49192578124999997 0.82275 0.0936484375 0.16644444444444434
0 0.6923515625000001 0.28358333333333335 0.04607812500000001 0.10558333333333335
