0 0.39269921874999997 0.3003680555555555 0.04446093750000002 0.12554166666666663
0 0.3885078125 0.3841111111111111 0.04775 0.11980555555555554
0 0.9508281249999999 0.8263958333333333 0.07771875000000002 0.22856944444444435
0 0.8719140625000001 0.3698541666666667 0.047843750000000004 0.11270833333333334
0 0.823140625 0.3446180555555556 0.051468749999999994 0.13970833333333335
0 0.18076562499999999 0.47511111111111115 0.07679687499999999 0.1531666666666667
0 0.82409375 0.6552777777777777 0.08279687499999992 0.17113888888888884
0 0.9608046874999999 0.4538541666666666 0.052999999999999936 0.11851388888888886
2 0.19179296875000001 0.6965416666666666 0.06257031250000003 0.21447222222222223
1 0.07252734375 0.4625208333333333 0.0651953125 0.13293055555555552
