0 0.748375 0.4343888888888889 0.04950000000000001 0.1453888888888889
0 0.7489804687499999 0.5897986111111111 0.060476562499999977 0.19373611111111105
0 0.48400781249999997 0.3927986111111111 0.05223437500000001 0.126625
0 0.67423828125 0.48933333333333334 0.06480468750000004 0.16800000000000004
2 0.4184375 0.25590277777777776 0.044624999999999956 0.15591666666666665
0 0.7887421874999999 0.4491458333333333 0.0664218749999999 0.1797638888888889
1 0.53544921875 0.4513194444444445 0.07152343749999997 0.13375
0 0.3752265625 0.46173611111111107 0.06001562500000004 0.17847222222222223
0 0.48755078125000006 0.8854305555555555 0.06271093750000008 0.2260833333333333
0 0.12356249999999999 0.8920069444444445 0.07365625 0.21237500000000012
