0 0.40827734375 0.7520833333333333 0.08103906250000001 0.18352777777777785
0 0.136171875 0.37751388888888887 0.061515624999999984 0.1411388888888889
2 0.7963281249999999 0.16658333333333333 0.039406249999999955 0.13249999999999998
0 0.5289140625 0.35978472222222224 0.04835937500000007 0.1474583333333333
1 0.8119453125 0.3072638888888889 0.06660937500000008 0.1531388888888889
0 0.5697695312500001 0.6126111111111112 0.06569531250000002 0.16069444444444442
0 0.4543515625 0.48852083333333335 0.06287499999999993 0.14640277777777783
0 0.8412226562499999 0.25384027777777773 0.05697656250000005 0.07454166666666664
0 0.5776679687499999 0.8427152777777778 0.053617187499999996 0.1339583333333334
0 0.5515703125 0.8593055555555557 0.06414062499999992 0.14583333333333334
