0 0.5308945312500001 0.7016944444444445 0.053648437499999965 0.17719444444444443
0 0.7009218749999999 0.7442916666666667 0.052734375 0.14444444444444443
0 0.71312109375 0.3201527777777778 0.0345703125 0.14116666666666663
0 0.73103125 0.6267361111111112 0.07490625 0.1743333333333333
0 0.521796875 0.7291666666666666 0.05242187500000002 0.1878055555555556
0 0.7120078125 0.3429652777777778 0.03959375000000005 0.155875
2 0.52388671875 0.17277083333333332 0.03278906249999993 0.14120833333333332
1 0.7398906249999999 0.3166736111111111 0.03775000000000004 0.15331944444444442
0 0.261171875 0.5647638888888888 0.04950000000000001 0.1786944444444444
0 0.5137265624999999 0.8455555555555555 0.06693749999999996 0.14602777777777776
0 0.08165625 0.910375 0.0695625 0.17924999999999994
