0 0.07809374999999999 0.9094999999999999 0.07078124999999999 0.18100000000000008
2 0.7573359375 0.18998611111111113 0.039406250000000045 0.1325
0 0.31178515625000003 0.49387500000000006 0.07991406250000002 0.1516944444444444
1 0.7692070312499999 0.3414583333333333 0.06253906249999996 0.15475000000000003
0 0.1918125 0.5941111111111111 0.058093749999999986 0.16630555555555557
0 0.46155078125 0.5708888888888889 0.057835937499999976 0.13175
0 0.7920703125 0.25992361111111106 0.04859375000000003 0.07454166666666664
0 0.62613671875 0.7958333333333333 0.06167968749999995 0.1376944444444446
0 0.6083203125000001 0.8006319444444445 0.050078125000000015 0.14965277777777777
0 0.10925390625 0.76825 0.0768984375 0.20647222222222225
0 0.89589453125 0.6601458333333332 0.05708593749999995 0.17045833333333327
