0 0.395390625 0.3735347222222222 0.06065624999999999 0.1514583333333334
0 0.5451640624999999 0.43575694444444446 0.06893749999999992 0.12554166666666663
0 0.171671875 0.4011597222222222 0.05596875000000001 0.13243055555555555
0 0.59530078125 0.903625 0.07235156250000001 0.17466666666666666
0 0.322640625 0.5776805555555555 0.06973437499999999 0.1578888888888889
2 0.047382812499999996 0.22495833333333334 0.042546875 0.13705555555555557
0 0.5203554687499999 0.7092361111111111 0.06602343749999999 0.17786111111111103
0 0.47289453125 0.6656319444444444 0.06271093750000008 0.1869027777777777
0 0.9024453125 0.8585833333333335 0.07521874999999997 0.2502777777777777
2 0.9358164062500001 0.24519444444444446 0.056351562500000084 0.12669444444444444
