0 0.4455234375 0.5330972222222223 0.06325000000000003 0.15405555555555558
0 0.019453124999999998 0.4885486111111111 0.038906249999999996 0.17570833333333333
0 0.15891015625 0.6891944444444444 0.0702890625 0.20877777777777776
0 0.49472265625 0.3383541666666667 0.061101562500000026 0.13123611111111114
0 0.3569296875 0.39353472222222224 0.05256249999999998 0.16348611111111108
0 0.55626171875 0.43175 0.06802343749999995 0.1613611111111111
0 0.97158203125 0.6183472222222222 0.04999218749999983 0.15816666666666665
0 0.40976953125 0.38584722222222223 0.056398437499999995 0.14263888888888893
2 0.7977500000000001 0.4159166666666667 0.04695312500000002 0.16536111111111113
1 0.76290234375 0.5268194444444444 0.043679687500000064 0.19038888888888894
