0 0.6003359375 0.5868263888888888 0.09173437499999997 0.17440277777777777
0 0.34819140625 0.2327361111111111 0.05535156250000002 0.1068611111111111
0 0.8313671875 0.6390902777777777 0.06798437500000007 0.18098611111111104
2 0.5526171875 0.16924305555555555 0.046453125000000026 0.1562361111111111
0 0.50977734375 0.27425694444444443 0.05550781249999996 0.16131944444444446
1 0.61110546875 0.33642361111111113 0.06969531250000002 0.1830138888888889
0 0.7062304687500001 0.7002708333333333 0.0890703125 0.21754166666666666
0 0.26075390625 0.4432708333333333 0.07160156249999998 0.16279166666666664
0 0.648515625 0.29178472222222224 0.05668749999999996 0.06806944444444443
0 0.2217578125 0.7895763888888889 0.084140625 0.19445833333333332
