0 0.42093749999999996 0.7063819444444445 0.04676562500000001 0.19693055555555558
0 0.598796875 0.7795694444444444 0.05818750000000002 0.16886111111111116
0 0.67298828125 0.3382986111111111 0.04377343750000007 0.1333472222222222
0 0.6853984375 0.6864930555555555 0.07026562499999996 0.18165277777777772
0 0.39529296875000003 0.7355486111111111 0.056242187500000006 0.1959583333333333
0 0.69208984375 0.3682361111111111 0.045632812500000064 0.139
2 0.47689453125 0.19336805555555556 0.03277343749999995 0.13331944444444443
1 0.7179179687499999 0.32914583333333336 0.048539062499999994 0.14643055555555554
0 0.188015625 0.5571111111111111 0.054468749999999976 0.17405555555555555
0 0.4917851562499999 0.8648472222222223 0.07253906250000001 0.15061111111111103
0 0.06251953125000001 0.8674375000000001 0.07958593750000001 0.2313472222222223
