0 0.7215351562500001 0.4245 0.06252343750000007 0.15883333333333333
0 0.7006640625 0.475125 0.06135937499999997 0.16852777777777775
0 0.62118359375 0.39647222222222217 0.05417968749999993 0.1667777777777778
0 0.6037109375 0.4628055555555556 0.049796875000000004 0.19172222222222224
2 0.41326171875 0.24214583333333334 0.04135156250000005 0.1692638888888889
0 0.76548828125 0.45805555555555555 0.0544921875 0.17083333333333334
1 0.5084765625000001 0.4537916666666667 0.07931249999999998 0.13947222222222225
0 0.13169140625 0.4940069444444444 0.0642265625 0.21068055555555557
0 0.447703125 0.8625069444444444 0.09198437499999992 0.2615972222222221
0 0.0438671875 0.7158263888888888 0.060078124999999996 0.24237499999999998
