0 0.8269453125 0.5237361111111112 0.06915624999999999 0.1399444444444445
0 0.5648359375 0.4173958333333333 0.05018750000000001 0.13570833333333335
0 0.7006249999999999 0.5021180555555556 0.06350000000000007 0.14737499999999995
0 0.8624375000000001 0.31600694444444444 0.05768749999999993 0.12673611111111108
0 0.538046875 0.4891180555555556 0.05159375000000006 0.16248611111111114
0 0.46698046875 0.28752777777777777 0.04921093750000001 0.12827777777777777
0 0.68812890625 0.3544513888888889 0.0498046875 0.1403194444444445
0 0.40847265625 0.6246458333333333 0.05997656250000003 0.16320833333333332
0 0.4966679687499999 0.7990416666666665 0.08077343749999999 0.19441666666666663
0 0.9339492187499999 0.38575694444444447 0.05846093749999994 0.14029166666666665
2 0.37021875 0.9510763888888889 0.057734374999999984 0.09784722222222228
