0 0.48921093750000005 0.7151388888888889 0.07803125 0.1691111111111111
0 0.2036953125 0.32986805555555554 0.05573437499999998 0.13368055555555555
2 0.7969375 0.15677083333333333 0.039406249999999955 0.13645833333333332
0 0.565390625 0.33744444444444444 0.057296875000000025 0.15094444444444446
1 0.8096562500000001 0.30225694444444445 0.06351562499999996 0.15745833333333334
0 0.64795703125 0.6236666666666666 0.07777343749999996 0.17286111111111108
0 0.4459921875 0.46095138888888887 0.06568749999999994 0.14009722222222223
0 0.8515234375 0.255875 0.0565312500000001 0.07138888888888889
0 0.50902734375 0.8672083333333334 0.06011718749999995 0.1399722222222222
0 0.03541796875 0.5649583333333333 0.0513046875 0.1638333333333333
0 0.48118359374999997 0.8819583333333333 0.06885156249999999 0.14583333333333334
