0 0.7841171875 0.6708958333333334 0.059765625000000086 0.18526388888888887
0 0.7587578125000001 0.4030486111111111 0.04215625000000003 0.14545833333333333
2 0.90941796875 0.22980555555555557 0.026773437499999986 0.1308888888888889
2 0.4445859375 0.9303611111111111 0.07682812500000002 0.13927777777777775
0 0.0232734375 0.5840138888888889 0.046546875 0.20008333333333334
0 0.1381875 0.3806597222222222 0.040015625 0.12893055555555558
0 0.40256640625000006 0.6703888888888889 0.04419531250000004 0.154
0 0.25993750000000004 0.523986111111111 0.04528124999999998 0.12880555555555556
0 0.44080078125 0.3626111111111111 0.041007812500000004 0.11452777777777778
2 0.4134921875 0.4391319444444445 0.03515625 0.15170833333333336
0 0.23542187500000003 0.5444305555555555 0.04875000000000003 0.16688888888888884
0 0.4078046875 0.7234375 0.05170312500000005 0.18231944444444442
0 0.28957812499999996 0.37580555555555556 0.04978124999999998 0.13213888888888886
