0 0.25846484375 0.2836458333333333 0.054242187500000004 0.13673611111111109
0 0.24317578125 0.42654861111111114 0.06602343749999999 0.12923611111111113
0 0.8394648437500001 0.8894027777777778 0.0956015625 0.2186944444444445
0 0.6879453124999999 0.3482291666666667 0.04879687499999994 0.11873611111111117
0 0.6435625 0.2808055555555556 0.045218749999999995 0.09794444444444446
0 0.184765625 0.5250416666666666 0.06420312499999999 0.1425555555555556
0 0.56153515625 0.6068125 0.07532031250000007 0.17062499999999994
0 0.78353515625 0.42198611111111106 0.06907031250000006 0.12116666666666667
2 0.041734375000000004 0.6737569444444444 0.049296875 0.19206944444444446
1 0.0850703125 0.4074375 0.07778125 0.12987500000000002
