0 0.7463828125 0.39867361111111116 0.04049999999999994 0.17104166666666668
0 0.69941015625 0.4434722222222222 0.05388281250000002 0.17550000000000002
0 0.6640625 0.40717361111111117 0.060875000000000054 0.17881944444444448
0 0.691890625 0.43444444444444447 0.04659375000000008 0.17258333333333337
2 0.49540625 0.2628194444444445 0.03903125000000003 0.15516666666666667
0 0.8234726562500001 0.46381250000000007 0.05778906250000002 0.1804861111111111
1 0.586015625 0.4608958333333334 0.06598437500000003 0.12912499999999996
0 0.39327734375 0.4407361111111111 0.053367187499999955 0.1993055555555555
0 0.6587890625 0.718298611111111 0.060765624999999976 0.19201388888888882
0 0.07283203125 0.6572638888888889 0.06861718749999998 0.21075000000000002
