0 0.7401992187499999 0.4053194444444444 0.04186718750000003 0.16388888888888886
0 0.7123437499999999 0.47241666666666665 0.056265624999999986 0.1680277777777778
0 0.62455078125 0.3894097222222222 0.053851562499999964 0.16776388888888888
0 0.6876093750000001 0.4402847222222222 0.04307812499999999 0.16798611111111117
2 0.48905078125 0.25855555555555554 0.03880468750000006 0.15450000000000003
0 0.816359375 0.45513888888888887 0.056374999999999974 0.18127777777777776
1 0.57578125 0.45620138888888895 0.07096874999999994 0.13337500000000005
0 0.4235234375 0.45062500000000005 0.06131250000000001 0.19486111111111112
0 0.5845039062499999 0.7405625 0.07774218749999999 0.19790277777777787
0 0.1110390625 0.7114236111111112 0.07368749999999999 0.21973611111111116
