0 0.75263671875 0.6488055555555555 0.05733593750000008 0.1798611111111111
0 0.7481171875 0.4167638888888889 0.03890624999999996 0.14577777777777778
2 0.8864140625000001 0.2354236111111111 0.026765624999999994 0.13090277777777778
2 0.471359375 0.9325972222222223 0.06389062499999998 0.13480555555555548
0 0.04343359375 0.6102361111111111 0.05438281250000001 0.18555555555555558
0 0.14921484375 0.3933680555555556 0.03594531249999999 0.13548611111111114
0 0.38226953125 0.6497430555555556 0.04446093749999998 0.1564583333333333
0 0.2894921875 0.5287291666666666 0.04431250000000002 0.12943055555555555
0 0.39061328125 0.3799652777777778 0.041007812500000004 0.11451388888888892
2 0.3968671875 0.4580694444444445 0.041515624999999945 0.14761111111111108
0 0.28946875 0.5446666666666666 0.048249999999999994 0.16338888888888894
0 0.40633984375 0.6861736111111111 0.0474609375 0.1731527777777778
0 0.32790625 0.3997013888888889 0.04557812499999998 0.13387500000000002
