0 0.74678515625 0.410125 0.041257812499999956 0.1731388888888889
0 0.6935625 0.45527083333333335 0.0453125 0.1574861111111111
0 0.6572265625 0.40091666666666664 0.05345312500000006 0.18016666666666661
0 0.69676171875 0.41538194444444443 0.056351562499999994 0.1732361111111111
2 0.4846875 0.26386111111111116 0.04021875000000001 0.15863888888888888
0 0.81275 0.46658333333333335 0.06520312499999995 0.1763333333333334
1 0.57724609375 0.4605277777777778 0.07394531250000007 0.12838888888888889
0 0.36067968749999996 0.4318194444444445 0.05335937500000001 0.1993055555555556
0 0.69328515625 0.7065972222222222 0.05953906250000003 0.21541666666666662
0 0.03246484375 0.6383125000000001 0.055304687500000005 0.21076388888888897
0 0.0481328125 0.9370208333333333 0.087546875 0.1255138888888889
