0 0.9267226562499999 0.40189583333333334 0.05842968749999997 0.12643055555555555
0 0.7923671875 0.46759027777777773 0.059015624999999974 0.13915277777777776
0 0.6611874999999999 0.3981458333333333 0.07931250000000008 0.1548194444444444
0 0.6504765625 0.45729166666666665 0.07115624999999995 0.15308333333333338
2 0.5704453125 0.18868749999999998 0.03965624999999999 0.14262499999999997
0 0.97215625 0.4949722222222222 0.05568749999999998 0.14975
1 0.679265625 0.3440902777777778 0.06003125000000002 0.15298611111111113
0 0.44177343750000003 0.5645902777777778 0.061843749999999975 0.15570833333333337
0 0.68811328125 0.8350277777777778 0.06299218749999999 0.1370833333333334
0 0.5036757812499999 0.7182083333333333 0.06967968749999995 0.18905555555555548
0 0.6265625 0.8684999999999999 0.06318750000000009 0.13638888888888878
