0 0.05938281250000001 0.9135347222222222 0.06996875 0.17293055555555553
2 0.7538671875 0.1912638888888889 0.039406249999999955 0.13249999999999998
0 0.29490234375 0.4978263888888889 0.0767578125 0.1479583333333333
1 0.7650234375 0.3431666666666666 0.06206250000000004 0.1560277777777778
0 0.17555468749999997 0.5940555555555556 0.05826562500000001 0.16661111111111107
0 0.45575390625 0.5750277777777778 0.057710937500000004 0.12897222222222224
0 0.78824609375 0.26014583333333335 0.048585937499999954 0.07454166666666664
0 0.62279296875 0.7949375000000001 0.062460937499999945 0.13929166666666662
0 0.602375 0.8002916666666667 0.056937499999999995 0.1499444444444445
0 0.1213828125 0.769625 0.07439062499999999 0.20541666666666672
0 0.8904570312499999 0.6606736111111112 0.056726562499999925 0.1719305555555556
