0 0.66796875 0.7064930555555555 0.05173437500000002 0.16037499999999996
0 0.6704765625 0.8184930555555556 0.05581249999999995 0.08904166666666669
0 0.59362109375 0.3727361111111111 0.03958593749999997 0.16022222222222224
0 0.53467578125 0.551 0.057398437500000024 0.15827777777777774
0 0.6813945312499999 0.7631597222222223 0.057523437499999996 0.16415277777777784
0 0.5722734375 0.3849861111111111 0.04543750000000006 0.16486111111111112
2 0.46426171875 0.22469444444444445 0.0302734375 0.15044444444444444
1 0.62885546875 0.36422916666666666 0.05825781250000004 0.1458472222222222
0 0.30032031249999996 0.6065902777777777 0.06846875000000004 0.18559722222222222
0 0.40969140625 0.7901111111111111 0.059101562500000024 0.19219444444444453
