0 0.729 0.5650138888888889 0.06007812500000007 0.1400555555555556
0 0.254296875 0.8240069444444444 0.07195312500000002 0.2170694444444444
0 0.39450390625000004 0.396625 0.07155468749999998 0.16099999999999995
0 0.23529687499999996 0.42236111111111113 0.05882812500000001 0.14513888888888893
0 0.80457421875 0.606201388888889 0.07446093749999996 0.142625
0 0.39855078125 0.43806249999999997 0.05050781250000003 0.18279166666666666
2 0.44004296875 0.28322916666666664 0.04035156250000007 0.16904166666666665
1 0.49076953124999995 0.42911111111111117 0.06694531249999995 0.1530277777777778
0 0.17055859375 0.5436041666666667 0.07124218750000003 0.1945138888888889
0 0.0541171875 0.5963055555555556 0.066671875 0.19308333333333338
