0 0.63912109375 0.3836736111111111 0.033085937500000016 0.18273611111111107
0 0.6415234375000001 0.7634166666666666 0.06512500000000002 0.22158333333333327
0 0.6961445312500001 0.6966180555555554 0.054320312500000065 0.2280694444444444
0 0.737859375 0.6673333333333333 0.05499999999999998 0.20688888888888893
0 0.57254296875 0.46134027777777775 0.04880468750000002 0.192125
2 0.70538671875 0.3939375 0.048710937500000016 0.18154166666666668
1 0.49461328125000004 0.4165625 0.03932031249999994 0.17379166666666665
0 0.75101953125 0.6325069444444444 0.06288281250000001 0.2085416666666667
0 0.59387109375 0.7275069444444444 0.05807031250000003 0.19162499999999996
0 0.283015625 0.8193333333333335 0.0660625 0.2292500000000001
0 0.020179687499999998 0.9691041666666667 0.040359374999999996 0.06179166666666668
