0 0.63753125 0.4109097222222223 0.04160937499999999 0.18948611111111113
0 0.5586484374999999 0.8728541666666666 0.05846875000000003 0.2317638888888889
0 0.68326953125 0.7147847222222222 0.051382812499999986 0.23404166666666665
0 0.82384375 0.7642708333333333 0.050156249999999944 0.20059722222222223
0 0.583484375 0.5195486111111112 0.04504687500000006 0.20459722222222224
2 0.783265625 0.4711736111111111 0.06593749999999998 0.19673611111111108
1 0.48197656250000004 0.43727083333333333 0.06384374999999994 0.18193055555555554
0 0.6246367187499999 0.6859999999999999 0.05546093750000001 0.25308333333333327
0 0.5828359375 0.8535416666666666 0.05892187499999997 0.23802777777777778
0 0.3755859375 0.7189027777777778 0.06178124999999999 0.2248055555555555
