0 0.6383281249999999 0.6292847222222222 0.07574999999999994 0.1716805555555556
0 0.36348437499999997 0.49671527777777774 0.07529687500000004 0.14862499999999998
0 0.382015625 0.6374444444444444 0.061375 0.16652777777777775
0 0.41190625000000003 0.3509513888888889 0.05423437500000006 0.13487500000000002
0 0.564546875 0.5310416666666667 0.07018749999999993 0.15694444444444444
0 0.6277070312499999 0.48909027777777775 0.0571328125 0.1600972222222222
0 0.7569765625 0.7794305555555556 0.06851562499999994 0.22025000000000006
0 0.48474609374999994 0.3967708333333333 0.07355468749999998 0.15340277777777775
2 0.77610546875 0.37102777777777773 0.038351562500000026 0.16577777777777775
1 0.7688359375 0.536986111111111 0.05293749999999999 0.1546111111111111
