0 0.9885781250000001 0.5208125 0.022843750000000006 0.15448611111111113
0 0.63228515625 0.7655486111111112 0.07308593750000006 0.20279166666666673
0 0.20725781250000003 0.40551388888888895 0.05810937500000002 0.16997222222222225
0 0.255421875 0.49073611111111115 0.07740625000000004 0.14991666666666667
2 0.61280078125 0.24106944444444445 0.04299218749999998 0.14855555555555558
0 0.68236328125 0.7644444444444444 0.0880859375 0.19166666666666668
1 0.7769101562499999 0.33327777777777773 0.06144531249999998 0.1456111111111111
0 0.065640625 0.9472986111111112 0.07840624999999998 0.10540277777777776
0 0.7756875000000001 0.7531458333333333 0.06175000000000006 0.15176388888888886
0 0.146734375 0.9605833333333333 0.068515625 0.07883333333333332
0 0.74034765625 0.7917083333333333 0.047585937499999974 0.1279722222222222
