0 0.9343789062500001 0.40710416666666666 0.05964843750000011 0.12537500000000001
2 0.357765625 0.9284722222222223 0.05496875000000001 0.14305555555555555
0 0.2312890625 0.4617569444444445 0.049203125000000014 0.1386805555555555
0 0.45729296875000003 0.30172916666666666 0.04182031249999998 0.10693055555555557
0 0.6171171875000001 0.7737916666666667 0.04520312500000001 0.19791666666666666
0 0.38880859375 0.4557152777777778 0.03953906250000001 0.14581944444444445
0 0.8254414062500001 0.3478055555555556 0.05103906250000003 0.10413888888888892
2 0.77410546875 0.4163819444444445 0.04610156249999999 0.13473611111111114
0 0.33575390625 0.46359027777777784 0.057195312499999984 0.14479166666666668
0 0.46355078125000004 0.8548541666666667 0.0611328125 0.20579166666666676
0 0.5251601562499999 0.29472916666666665 0.04742968749999994 0.09948611111111115
