0 0.7180234375 0.4279166666666666 0.06762500000000005 0.15883333333333333
0 0.6990703125 0.47911111111111115 0.06135937500000006 0.16852777777777775
0 0.6219765625000001 0.39647222222222217 0.055765625 0.1667777777777778
0 0.6021132812500001 0.4690555555555556 0.049789062500000016 0.19172222222222224
2 0.41001171875000003 0.24110416666666667 0.04135156249999996 0.17081944444444447
0 0.7638945312500001 0.45805555555555555 0.057679687500000035 0.17083333333333334
1 0.50184375 0.45586111111111116 0.08399999999999999 0.14244444444444446
0 0.14557031250000002 0.5053680555555555 0.077390625 0.22037500000000002
0 0.42150390625 0.8684791666666668 0.09002343749999997 0.26001388888888877
0 0.0781015625 0.7113472222222221 0.06007812499999998 0.24236111111111103
