0 0.53776171875 0.6494236111111111 0.07103906249999996 0.1888750000000001
0 0.22073828124999997 0.2656458333333333 0.053882812499999974 0.11481944444444443
0 0.9262382812500001 0.6459513888888888 0.06803906250000011 0.18870833333333334
2 0.6050625000000001 0.1765138888888889 0.03770312499999999 0.15622222222222223
0 0.4822578125 0.29788888888888887 0.06545312499999997 0.13849999999999996
1 0.6318515625 0.3263125 0.06381250000000005 0.1795138888888889
0 0.6646835937500001 0.7198749999999999 0.09210156249999998 0.21988888888888897
0 0.27315234374999997 0.4432777777777777 0.05969531249999997 0.16644444444444442
0 0.6702578125 0.28800694444444447 0.055312500000000056 0.06270833333333334
0 0.27567578125000003 0.8084444444444445 0.09322656249999998 0.17675
