0 0.39974609375000003 0.30368055555555556 0.04578906250000001 0.1259166666666667
0 0.39649999999999996 0.3845486111111111 0.046656249999999976 0.11826388888888886
0 0.9367304687499999 0.8176805555555556 0.07153906249999994 0.23091666666666666
0 0.8765859375000001 0.37819444444444444 0.04742187500000004 0.1099722222222222
0 0.82141796875 0.3589513888888889 0.05544531250000011 0.14520833333333338
0 0.17701562499999998 0.4748125 0.06842187500000001 0.14670833333333333
0 0.8235859375000001 0.6512638888888889 0.08125 0.1683888888888888
0 0.9677460937500001 0.4599236111111111 0.05499218750000008 0.11968055555555558
2 0.19873828124999998 0.6996597222222222 0.06896093749999999 0.20976388888888886
1 0.059089843749999996 0.46780555555555553 0.0651953125 0.13647222222222222
