0 0.63776953125 0.40475694444444443 0.0357421875 0.18406944444444445
0 0.6225703125 0.8259444444444445 0.062078125000000026 0.22702777777777766
0 0.688296875 0.710736111111111 0.052359374999999986 0.23249999999999996
0 0.7812890625 0.7217222222222222 0.059609375000000055 0.22927777777777766
0 0.570921875 0.49514583333333334 0.04935937499999996 0.20806944444444445
2 0.7391406249999999 0.4289791666666667 0.06607812500000003 0.1863472222222222
1 0.48401171875000004 0.4333819444444445 0.047914062500000035 0.18159722222222227
0 0.69115234375 0.6495763888888889 0.06288281250000001 0.20854166666666663
0 0.61325390625 0.7866875 0.057523437499999996 0.21206944444444445
0 0.3200546875 0.779 0.06534374999999999 0.2272222222222222
