0 0.6406875 0.6263611111111111 0.07414062499999999 0.1756111111111112
0 0.36411328125 0.490125 0.07141406249999997 0.15244444444444444
0 0.38515625 0.6328819444444445 0.05989062500000002 0.17034722222222218
0 0.42209765625000006 0.3487222222222222 0.05513281250000004 0.13041666666666663
0 0.5757187500000001 0.5223819444444444 0.06851562499999994 0.15618055555555554
0 0.6493359375000001 0.48813888888888896 0.055937500000000015 0.16308333333333336
0 0.79517578125 0.7652847222222222 0.06899218750000005 0.2172638888888889
0 0.49111328125 0.39267361111111115 0.07266406249999999 0.15159722222222222
2 0.8012968749999999 0.3738958333333333 0.037812499999999895 0.166625
1 0.79378515625 0.5380555555555555 0.05191406249999995 0.1554722222222222
