0 0.577328125 0.6220902777777777 0.058812499999999976 0.1717638888888889
0 0.32458203125 0.4950763888888889 0.0455546875 0.18156944444444448
0 0.36536328124999995 0.6104861111111111 0.04808593750000001 0.18169444444444444
0 0.42498046874999995 0.3337847222222222 0.04439843750000003 0.1404861111111111
0 0.36258984375000003 0.5437847222222222 0.0486796875 0.16068055555555555
0 0.4462617187499999 0.41913888888888884 0.03872656250000004 0.15258333333333332
0 0.4841796875 0.8607847222222222 0.05515624999999993 0.1979027777777778
0 0.511265625 0.36764583333333334 0.04865624999999998 0.13979166666666665
2 0.64144140625 0.2993958333333333 0.03961718749999994 0.15154166666666669
1 0.68509765625 0.46595833333333336 0.06453906250000001 0.11897222222222217
