0 0.3633515625 0.29103472222222226 0.043984375000000006 0.12498611111111109
0 0.3441328125 0.38574305555555555 0.05304687499999998 0.12431944444444447
0 0.94383203125 0.8543750000000001 0.09560156249999992 0.22341666666666668
0 0.8259765625 0.35553472222222227 0.04879687500000003 0.11873611111111113
0 0.79119140625 0.31816666666666665 0.0431796874999999 0.12222222222222218
0 0.1806640625 0.48863194444444447 0.07729687500000001 0.14812499999999998
0 0.7725859374999999 0.6573472222222223 0.08421874999999997 0.17855555555555563
0 0.912984375 0.43767361111111114 0.05029687499999991 0.11837500000000002
2 0.163671875 0.6865555555555556 0.04865624999999998 0.2218611111111112
1 0.1019296875 0.44683333333333336 0.06521875 0.1251666666666666
