0 0.746765625 0.40957638888888886 0.04121874999999999 0.17304166666666668
0 0.69383984375 0.4547083333333333 0.04571093749999999 0.15833333333333333
0 0.65755078125 0.40121527777777777 0.053804687500000004 0.18009722222222221
0 0.69652734375 0.41629166666666667 0.055882812500000066 0.1732222222222222
2 0.48519921875000005 0.26381944444444444 0.04016406249999997 0.1584722222222222
0 0.81326171875 0.46645833333333336 0.06485156249999999 0.17652777777777773
1 0.57766015625 0.4605486111111112 0.07357031249999997 0.12843055555555552
0 0.36223046875 0.43224305555555553 0.0533671875 0.19929166666666664
0 0.691640625 0.7071527777777777 0.05959375000000007 0.2143055555555555
0 0.034390624999999994 0.6392152777777778 0.055937499999999994 0.2107638888888889
0 0.04669921875 0.9366319444444444 0.0875859375 0.126263888888889
