0 0.78103515625 0.6688611111111111 0.05941406249999996 0.18588888888888885
0 0.76008203125 0.4033680555555555 0.04092968749999999 0.14576388888888886
2 0.90694921875 0.22934027777777777 0.026773437499999986 0.13090277777777778
2 0.45097265625 0.93075 0.07867968750000003 0.13850000000000004
0 0.022890625 0.5846458333333333 0.04578125 0.20262499999999997
0 0.1392890625 0.3819236111111111 0.03960937499999999 0.1295972222222222
0 0.40203515625 0.6658472222222221 0.044367187500000016 0.15025000000000002
0 0.26226953124999997 0.5246111111111111 0.044320312500000014 0.12944444444444442
0 0.43463671875000004 0.36245138888888895 0.041007812500000004 0.11451388888888887
2 0.411640625 0.44054166666666666 0.03515625 0.1516944444444445
0 0.24053125 0.5446666666666666 0.04768749999999997 0.16955555555555554
0 0.40952343750000003 0.7201458333333334 0.052671874999999965 0.18137499999999995
0 0.292 0.3780694444444444 0.05021874999999998 0.13386111111111107
