0 0.311734375 0.8099930555555555 0.060484375000000014 0.2276805555555555
0 0.07730859375 0.4494722222222222 0.07533593749999998 0.14208333333333328
2 0.8051875 0.1708611111111111 0.039406249999999955 0.1325
0 0.5049648437500001 0.4004166666666666 0.056648437499999996 0.14402777777777775
1 0.8226992187500001 0.31519444444444444 0.06477343749999998 0.1487777777777778
0 0.46680078125 0.5966805555555555 0.06017968749999998 0.16399999999999998
0 0.496125 0.5072430555555556 0.055312500000000056 0.1577916666666666
0 0.8395703125 0.2469513888888889 0.055343749999999935 0.07454166666666664
0 0.660859375 0.8108541666666668 0.05178124999999998 0.11759722222222216
0 0.6281992187500001 0.8099861111111112 0.05438281250000001 0.14586111111111125
