0 0.9860976562499999 0.49846527777777777 0.027804687499999935 0.15448611111111113
0 0.66818359375 0.7137361111111111 0.06949218750000004 0.17247222222222222
0 0.25633203125000004 0.41689583333333335 0.0581015625 0.16995833333333338
0 0.275703125 0.5097152777777778 0.07240625 0.16509722222222223
2 0.5876328125 0.2430138888888889 0.042984374999999984 0.14855555555555555
0 0.7452890625 0.7227291666666666 0.06317187500000002 0.1689027777777777
1 0.76394921875 0.3380555555555555 0.06144531249999998 0.1456111111111111
0 0.13960546875 0.8998819444444444 0.07272656250000001 0.20023611111111106
0 0.7678515625 0.7627430555555554 0.061765624999999956 0.1308472222222222
0 0.190828125 0.930236111111111 0.06851562500000001 0.13952777777777783
0 0.73522265625 0.7975972222222222 0.05122656250000004 0.12091666666666659
