0 0.7468046875000001 0.4106736111111111 0.04129687500000001 0.17323611111111115
0 0.69328515625 0.4558333333333333 0.04489843750000002 0.1566111111111111
0 0.6568984375 0.4006180555555555 0.05309374999999994 0.1802361111111111
0 0.6969921875 0.41447222222222224 0.05681250000000002 0.1732777777777778
2 0.48417578125 0.26391666666666663 0.04027343749999997 0.15880555555555556
0 0.81223828125 0.4667152777777777 0.06555468749999989 0.176125
1 0.5768281249999999 0.4605138888888889 0.074328125 0.12836111111111106
0 0.35912890624999994 0.43139583333333337 0.0533671875 0.19929166666666667
0 0.69492578125 0.7060416666666666 0.059476562499999996 0.21652777777777774
0 0.030546875 0.6374097222222221 0.054671875 0.2107638888888888
0 0.04956640625 0.9374166666666668 0.0875078125 0.12475000000000007
