0 0.35296875 0.2895069444444444 0.04581249999999999 0.12518055555555554
0 0.33358203125 0.3898055555555555 0.055210937500000015 0.12513888888888886
0 0.9375546875000002 0.8590416666666667 0.09560937499999991 0.22341666666666668
0 0.8135390625 0.3543263888888889 0.04879687499999994 0.11873611111111113
0 0.7786953125 0.31350694444444444 0.04351562499999995 0.11818055555555552
0 0.18038281250000002 0.49187499999999995 0.07581250000000002 0.14649999999999994
0 0.753703125 0.6542083333333333 0.08273437500000007 0.17958333333333326
0 0.9004921875 0.4355416666666667 0.0515625 0.12019444444444448
2 0.15402734375 0.6842222222222222 0.04875781250000002 0.21963888888888894
1 0.10181640624999999 0.44379166666666664 0.0652109375 0.1251666666666666
