0 0.52678125 0.6623888888888889 0.06554687499999998 0.15158333333333332
0 0.228796875 0.29666666666666663 0.07521875 0.12280555555555558
2 0.70914453125 0.1655 0.0376953125 0.15622222222222223
0 0.5410546875 0.3135486111111111 0.050718749999999965 0.13912499999999997
1 0.72498046875 0.3083472222222222 0.06469531249999996 0.1668611111111111
0 0.673140625 0.6673819444444444 0.08021875000000005 0.2018750000000001
0 0.36466796874999996 0.4348888888888889 0.0626015625 0.15358333333333338
0 0.76465625 0.26856944444444447 0.055312499999999966 0.06269444444444443
0 0.35615625 0.8474513888888888 0.10051562500000003 0.16284722222222223
0 0.028707031249999997 0.5437222222222222 0.057414062499999995 0.15986111111111106
