0 0.29821875000000003 0.28202083333333333 0.05489062500000004 0.12690277777777778
0 0.27831640625 0.4112013888888889 0.06602343749999999 0.12923611111111108
0 0.9017304687500001 0.8828402777777777 0.0956015625000001 0.22309722222222222
0 0.7471289062500001 0.3482291666666667 0.048789062499999945 0.11873611111111117
0 0.711375 0.28957638888888887 0.045218749999999995 0.09793055555555555
0 0.17934765625 0.5092152777777778 0.06811718750000002 0.13868055555555558
0 0.6527773437500001 0.6363819444444445 0.07532031249999997 0.18373611111111113
0 0.8343984375 0.42470833333333335 0.05859375 0.12880555555555556
2 0.10154296874999999 0.6726388888888889 0.0493046875 0.20738888888888896
1 0.10016796875 0.4271666666666667 0.06605468750000001 0.12547222222222226
