0 0.6376835937499999 0.4106944444444444 0.04191406249999998 0.18991666666666665
0 0.5535078125 0.8752013888888889 0.05846874999999994 0.23156944444444447
0 0.6827617187499999 0.7145208333333333 0.05167968749999998 0.2345694444444444
0 0.82450390625 0.7658611111111112 0.05171093750000004 0.19741666666666666
0 0.5846796875 0.5205625 0.04456249999999997 0.2038472222222222
2 0.7861015625000001 0.47367361111111106 0.0655156250000001 0.19726388888888893
1 0.48197656250000004 0.4368958333333333 0.06515624999999999 0.18159722222222222
0 0.6196953125 0.686763888888889 0.055765625 0.25397222222222215
0 0.57912890625 0.8572083333333335 0.058320312499999985 0.23983333333333326
0 0.37911328125 0.7148611111111112 0.06213281249999998 0.22480555555555556
