0 0.40081249999999996 0.7562638888888888 0.07975000000000003 0.18708333333333332
0 0.1311796875 0.38312500000000005 0.062609375 0.14113888888888892
2 0.7980625 0.16669444444444445 0.039406250000000045 0.1325
0 0.5274921875 0.36241666666666666 0.04835937499999998 0.1474722222222222
1 0.81319921875 0.3078402777777778 0.06641406250000008 0.15268055555555557
0 0.56201171875 0.6122152777777777 0.06511718749999992 0.16104166666666664
0 0.45769531249999995 0.4896666666666667 0.062234374999999974 0.14777777777777776
0 0.8418007812500001 0.2528125 0.05697656250000005 0.07454166666666669
0 0.5852929687499999 0.8399097222222223 0.053414062500000005 0.13223611111111117
0 0.5581953125 0.8548402777777778 0.06310937499999998 0.1458472222222222
