0 0.6601250000000001 0.7068611111111112 0.05173437500000002 0.15888888888888886
0 0.6747617187499999 0.8126319444444445 0.055601562499999965 0.09443055555555557
0 0.5993203125 0.37109722222222224 0.039390625000000054 0.15986111111111115
0 0.5456523437499999 0.5542569444444444 0.057601562499999925 0.16031944444444438
0 0.6715625000000001 0.7629722222222223 0.05668749999999996 0.16675
0 0.5784453125000001 0.3829305555555556 0.04543749999999998 0.1648611111111111
2 0.4660390625 0.22283333333333333 0.030281249999999992 0.15044444444444444
1 0.632671875 0.36330555555555555 0.05731250000000001 0.14697222222222225
0 0.29775 0.605625 0.06706250000000002 0.18516666666666665
0 0.41920703125000003 0.7973541666666667 0.060148437500000054 0.1899583333333334
