0 0.21774999999999997 0.8706527777777778 0.06610937499999998 0.23061111111111107
0 0.029640625000000004 0.5372013888888888 0.055453125000000006 0.13673611111111109
2 0.78225 0.18040277777777775 0.039406250000000045 0.1325
0 0.43149999999999994 0.4490625 0.06960937500000001 0.15229166666666663
1 0.8112421874999999 0.3248611111111111 0.0647656249999999 0.14877777777777773
0 0.35423828124999995 0.5757083333333333 0.062335937500000015 0.14049999999999996
0 0.5020078124999999 0.5293680555555556 0.04990625 0.14137500000000003
0 0.8181015625000001 0.2556319444444445 0.05045312500000003 0.07454166666666664
0 0.6506796874999999 0.8023750000000001 0.055953125000000006 0.12605555555555553
0 0.62548046875 0.8031736111111112 0.05257031249999997 0.14745833333333327
0 0.04109375 0.7450347222222221 0.077625 0.20170833333333327
0 0.9492617187500001 0.6544444444444445 0.05875781250000003 0.16355555555555562
