0 0.6183828124999999 0.643125 0.07400000000000002 0.16238888888888892
0 0.34758984374999996 0.5234166666666666 0.07008593749999999 0.14450000000000002
0 0.3620859375 0.6590138888888889 0.07351562499999997 0.16652777777777783
0 0.35846875 0.3684236111111111 0.04556249999999999 0.1574861111111111
0 0.47326171875000006 0.571625 0.06902343750000002 0.17647222222222222
0 0.53642578125 0.4860069444444445 0.05713281250000009 0.1600972222222222
0 0.617671875 0.8340000000000001 0.06851562500000004 0.2202499999999999
0 0.44632812499999996 0.4126875 0.05448437500000001 0.15648611111111113
2 0.6712617187500001 0.3597152777777778 0.043570312499999986 0.15756944444444446
1 0.6709179687500001 0.5349305555555556 0.06277343750000001 0.1546111111111111
