0 0.48583203125 0.5583541666666666 0.06138281249999995 0.16218055555555552
0 0.11133203124999999 0.47219444444444447 0.05260156249999999 0.17633333333333331
0 0.22771484375 0.6572638888888889 0.06367968750000001 0.19813888888888884
0 0.49324218750000004 0.3292361111111111 0.05784374999999997 0.12661111111111112
0 0.43294531249999996 0.41370833333333334 0.052953124999999976 0.15816666666666665
0 0.62100390625 0.43811805555555555 0.0653359375 0.16165277777777776
0 0.9712304687500002 0.6272777777777777 0.049179687500000034 0.17711111111111108
0 0.42621484375000007 0.3768125 0.056679687500000055 0.13193055555555558
2 0.8249375000000001 0.4017847222222223 0.04082812499999999 0.1639027777777778
1 0.8063984375000001 0.5235416666666667 0.04420312500000003 0.18619444444444444
