0 0.6314570312500001 0.7671736111111112 0.056367187499999985 0.20279166666666665
0 0.2120078125 0.38154861111111116 0.05385937499999997 0.16148611111111114
0 0.31355078125 0.45315972222222217 0.07000781249999996 0.1405138888888889
2 0.6305625 0.23969444444444443 0.042984374999999984 0.14855555555555558
0 0.68472265625 0.7724513888888889 0.07825781249999997 0.19609722222222223
1 0.7860546875000001 0.32990277777777777 0.06143749999999999 0.14561111111111108
0 0.1045 0.9502708333333333 0.0758125 0.09945833333333336
0 0.8052265625 0.732173611111111 0.06175000000000006 0.15176388888888886
0 0.16046484374999997 0.952125 0.05686718749999999 0.09575000000000007
0 0.76326953125 0.7827847222222223 0.047585937500000064 0.12795833333333334
