0 0.72180078125 0.4242361111111111 0.06213281249999998 0.15883333333333333
0 0.7007890625 0.47481944444444446 0.06135937499999997 0.16852777777777783
0 0.6211249999999999 0.39647222222222217 0.054062499999999944 0.1667777777777778
0 0.60383203125 0.46231944444444445 0.049789062500000016 0.19172222222222218
2 0.41351171875 0.24222222222222223 0.04135156250000001 0.16913888888888887
0 0.765609375 0.45805555555555555 0.05425000000000004 0.17083333333333334
1 0.50898828125 0.45363194444444443 0.07894531249999996 0.13923611111111112
0 0.13147265625 0.4930625 0.06442968750000001 0.21062499999999998
0 0.44985937499999995 0.8619791666666666 0.09281250000000005 0.26170833333333343
0 0.0415625 0.7159513888888889 0.060078125 0.24237499999999998
