0 0.98408203125 0.4438472222222222 0.0318359375 0.1202777777777778
0 0.73776953125 0.5622083333333333 0.061304687500000024 0.15041666666666667
0 0.48973828125 0.4102638888888889 0.06063281250000001 0.1252777777777778
0 0.5011796875 0.5070138888888889 0.05579687500000006 0.15283333333333335
2 0.6009492187500001 0.21664583333333334 0.039664062499999986 0.14262500000000003
0 0.9367148437499999 0.6110486111111111 0.0677734375 0.17676388888888886
1 0.7202734375000001 0.35290277777777773 0.06143749999999999 0.1456111111111111
0 0.390921875 0.716548611111111 0.07701562499999999 0.17045833333333327
0 0.747296875 0.7957152777777777 0.04018749999999995 0.11690277777777772
0 0.3795078125 0.8207708333333333 0.06051562499999998 0.22184722222222233
0 0.7324999999999999 0.8140347222222223 0.05807812500000002 0.1013194444444445
