0 0.7405859375 0.28208333333333335 0.03528124999999997 0.15186111111111109
0 0.65269140625 0.2367013888888889 0.0392578125 0.1532916666666667
0 0.7539453125 0.4757777777777778 0.06021875000000003 0.16344444444444436
2 0.3071171875 0.2571805555555556 0.04862500000000001 0.13955555555555554
0 0.8623749999999999 0.56825 0.07106250000000003 0.16508333333333336
0 0.4053984375 0.375 0.05979687499999997 0.1441944444444445
0 0.70527734375 0.3507152777777778 0.03788281250000001 0.15298611111111107
0 0.6786523437499999 0.30679861111111106 0.04435156249999998 0.13681944444444444
0 0.9861054687500002 0.26429166666666665 0.02778906249999995 0.14427777777777778
0 0.025511718750000002 0.453125 0.051023437500000005 0.18608333333333335
