0 0.2804921875 0.8322708333333334 0.05648437500000001 0.2350972222222222
0 0.062265625000000005 0.4748263888888889 0.074484375 0.1413472222222222
2 0.796453125 0.17448611111111112 0.039406250000000045 0.1325
0 0.48569140624999996 0.4184583333333334 0.06488281250000005 0.14291666666666666
1 0.8213593749999999 0.31805555555555554 0.06476562499999998 0.1487777777777778
0 0.42918359375000004 0.5842361111111111 0.058835937500000005 0.15783333333333338
0 0.5041367187500001 0.5147222222222223 0.05250781249999994 0.1527777777777778
0 0.831390625 0.25025694444444446 0.05348437500000003 0.07454166666666669
0 0.6651835937499999 0.8062430555555555 0.05257031250000006 0.11918055555555548
0 0.63562109375 0.8046805555555555 0.05403906249999997 0.14616666666666667
0 0.02005078125 0.7061180555555555 0.0401015625 0.1808472222222222
0 0.979703125 0.6486597222222221 0.035578124999999974 0.15901388888888882
