0 0.9315859374999998 0.7867013888888889 0.06454687500000009 0.19548611111111103
0 0.8247187500000001 0.40347222222222223 0.05049999999999999 0.13788888888888884
2 0.33642578125 0.9328819444444444 0.0583984375 0.13423611111111108
0 0.10640234374999999 0.5131875 0.0599921875 0.17104166666666665
0 0.2727578125 0.3217847222222222 0.04746874999999999 0.1120694444444444
0 0.5222265625 0.7661944444444445 0.054593749999999996 0.19080555555555556
0 0.282921875 0.4796111111111111 0.05484374999999999 0.1510833333333333
0 0.698046875 0.36211111111111116 0.04754687499999992 0.10774999999999998
2 0.5945390625 0.41404861111111113 0.04812499999999993 0.13156944444444446
0 0.23144921875 0.49270138888888887 0.05152343750000003 0.1472361111111111
0 0.4273515625 0.8258194444444443 0.064609375 0.2028611111111112
0 0.39729296875000003 0.3004375 0.04244531250000003 0.11304166666666665
