0 0.56251171875 0.5982291666666667 0.06133593749999999 0.17184722222222218
0 0.2615234375 0.45936805555555554 0.05026562500000002 0.17640277777777777
0 0.33089843750000003 0.6242986111111111 0.059843750000000015 0.18498611111111118
0 0.48853515625000005 0.32459722222222226 0.052460937499999985 0.11763888888888888
0 0.53384375 0.45363888888888887 0.05306249999999997 0.15416666666666667
0 0.69752734375 0.45532638888888893 0.05686718749999997 0.16901388888888888
0 0.97547265625 0.6731944444444444 0.04905468749999997 0.19944444444444448
0 0.4575468750000001 0.36839583333333337 0.06900000000000003 0.12104166666666667
2 0.8698125000000001 0.3864930555555555 0.037812499999999895 0.166625
1 0.8644960937499999 0.5269722222222223 0.046523437499999966 0.17619444444444446
