0 0.74670703125 0.4079444444444445 0.0411171875 0.17275000000000004
0 0.69467578125 0.4530277777777778 0.046945312500000023 0.16091666666666668
0 0.65853125 0.4021111111111111 0.05485937500000002 0.1799166666666667
0 0.6958320312499999 0.4190069444444445 0.0544921875 0.17312499999999997
2 0.48673046875 0.26366666666666666 0.03999218750000004 0.15797222222222224
0 0.8147890625 0.46605555555555556 0.06379687499999998 0.17711111111111108
1 0.5789140625 0.4605972222222222 0.07243750000000002 0.12852777777777774
0 0.36688671875 0.4335208333333333 0.0533671875 0.19929166666666667
0 0.68671484375 0.7088263888888889 0.05977343749999999 0.21095833333333325
0 0.04015625 0.6419236111111111 0.057843750000000006 0.2107638888888888
0 0.0426875 0.9358402777777777 0.085375 0.12779166666666666
