0 0.5652539062499999 0.6970000000000001 0.0644453125 0.1743333333333334
0 0.7180859374999999 0.7449444444444444 0.055109374999999974 0.13299999999999998
0 0.7085664062499999 0.33125 0.024867187500000033 0.15780555555555556
0 0.7171484375 0.6020972222222222 0.07670312499999996 0.1678333333333334
0 0.56504296875 0.7393125 0.05191406250000004 0.18945833333333328
0 0.69221875 0.3420972222222222 0.04021875000000001 0.15683333333333332
2 0.5213125 0.17377083333333335 0.032515625000000006 0.145125
1 0.72193359375 0.31954166666666667 0.03927343749999999 0.1533333333333333
0 0.27498828125 0.5787083333333334 0.047476562499999986 0.1791388888888889
0 0.5028515625 0.840548611111111 0.06684374999999995 0.1493750000000001
0 0.0667265625 0.9337222222222222 0.06734375 0.13255555555555562
