0 0.605609375 0.6464722222222222 0.07124999999999995 0.16205555555555548
0 0.330390625 0.532875 0.062703125 0.15349999999999997
0 0.3454453125 0.6689375 0.07321874999999997 0.17248611111111112
0 0.33432421875 0.3761875 0.04230468749999998 0.15884722222222228
0 0.42016406250000005 0.5895833333333333 0.06721875000000002 0.18619444444444436
0 0.48514453125 0.4836944444444444 0.053773437499999945 0.16158333333333338
0 0.55037109375 0.8607916666666666 0.07327343749999997 0.22072222222222232
0 0.42553906250000006 0.41643750000000007 0.046781249999999996 0.1580416666666667
2 0.6208828125 0.35111111111111115 0.04368750000000006 0.15424999999999997
1 0.6296171875 0.5290208333333333 0.06503125000000001 0.1491805555555556
