0 0.63912109375 0.39792361111111113 0.033085937500000016 0.18273611111111115
0 0.637515625 0.8041250000000001 0.06512500000000002 0.22158333333333335
0 0.6886875 0.7052916666666667 0.05543750000000003 0.23525
0 0.7601992187500001 0.6978611111111112 0.05960156250000006 0.22927777777777775
0 0.56938671875 0.4821875 0.04935156249999997 0.20534722222222226
2 0.72341796875 0.4122708333333333 0.06300781249999998 0.18156944444444442
1 0.485734375 0.42723611111111115 0.04446875000000006 0.1788611111111111
0 0.71416015625 0.6400347222222222 0.06288281250000001 0.20854166666666663
0 0.6107578124999999 0.7580555555555555 0.051765624999999996 0.20388888888888898
0 0.299921875 0.7991180555555556 0.07109375 0.22926388888888888
