0 0.44453515625 0.5322222222222223 0.06400781250000005 0.15149999999999997
0 0.0159375 0.48973611111111115 0.031875 0.1757222222222222
0 0.15404296875 0.6946041666666667 0.0724140625 0.20904166666666665
0 0.49696484375 0.33963888888888893 0.06072656250000001 0.1305555555555556
0 0.34837109375 0.39340277777777777 0.05203906250000001 0.1640277777777778
0 0.5473984375 0.4322916666666667 0.0671875 0.16269444444444442
0 0.97226953125 0.6190833333333333 0.04938281249999985 0.15911111111111112
0 0.40816015624999996 0.38679861111111113 0.06144531249999998 0.14265277777777782
2 0.79771484375 0.41809027777777774 0.04900781250000001 0.16698611111111109
1 0.7590625 0.5283055555555556 0.04376562499999999 0.19038888888888894
