0 0.64128125 0.6233819444444445 0.07054687499999997 0.18156944444444448
0 0.36208203125000005 0.4824791666666667 0.06257031249999997 0.15923611111111108
0 0.3873125 0.6282152777777777 0.05942187499999996 0.17801388888888883
0 0.43142578125000003 0.347875 0.05513281249999995 0.12616666666666662
0 0.5791835937500001 0.5134513888888889 0.06492968750000001 0.15873611111111105
0 0.67372265625 0.4855902777777778 0.05355468749999996 0.16904166666666673
0 0.84275 0.7482916666666667 0.06995312499999998 0.21133333333333337
0 0.4958984375 0.3877847222222222 0.06693750000000005 0.1485972222222222
2 0.8299843750000001 0.37729861111111107 0.037812499999999895 0.166625
1 0.8234257812500001 0.5397569444444444 0.05191406250000004 0.1571805555555555
