0 0.48408203125 0.71775 0.07991406249999997 0.16961111111111113
0 0.19954687499999998 0.3327847222222222 0.056218749999999984 0.13554166666666664
2 0.7969375 0.15726388888888887 0.039406249999999955 0.13547222222222224
0 0.5623203125 0.33961111111111114 0.055906249999999956 0.15230555555555558
1 0.80966015625 0.3032013888888889 0.06339843750000007 0.15715277777777778
0 0.64450390625 0.621625 0.07839843750000001 0.171
0 0.44557031249999995 0.46275 0.06554687499999998 0.1404722222222222
0 0.851578125 0.2562638888888889 0.056640625 0.07216666666666668
0 0.5127109375 0.8665138888888889 0.060125000000000026 0.1399722222222222
0 0.03231640625 0.5680555555555555 0.049976562499999995 0.1638333333333334
0 0.48628515624999996 0.8805694444444444 0.06857031250000008 0.14583333333333334
