0 0.9826171875 0.46245833333333336 0.034765625 0.15080555555555553
0 0.696390625 0.6380486111111111 0.06796875 0.1653749999999999
0 0.36690234374999997 0.4159375 0.05838281250000001 0.14787499999999995
0 0.37523046875 0.5141458333333333 0.054851562499999985 0.16368055555555558
2 0.5935703125 0.23402083333333334 0.03965624999999999 0.142625
0 0.85143359375 0.6797916666666667 0.0671796875 0.1767777777777778
1 0.7418437499999999 0.3462083333333333 0.06143749999999999 0.1456111111111111
0 0.28957812499999996 0.7995555555555557 0.07925 0.17252777777777767
0 0.7621249999999999 0.7745555555555557 0.05935937500000001 0.11608333333333339
0 0.28589453125000003 0.8865555555555554 0.06761718750000001 0.21383333333333324
0 0.728234375 0.8072291666666666 0.05689062499999995 0.10887499999999999
