2 0.7524921875 0.2008125 0.03671875 0.1309861111111111
0 0.1975078125 0.5383472222222222 0.07537500000000001 0.14983333333333332
1 0.7776406250000001 0.34878472222222223 0.061421875 0.15773611111111113
0 0.07770703125 0.5705972222222222 0.06880468749999999 0.14586111111111108
0 0.45562500000000006 0.6284166666666667 0.05337500000000004 0.15211111111111117
0 0.7956953125 0.2570763888888889 0.04859374999999995 0.07454166666666669
0 0.5983828125 0.7937777777777778 0.07346875000000005 0.15633333333333327
0 0.57949609375 0.8059375 0.08503906249999993 0.1524583333333333
0 0.25284765625 0.7718055555555556 0.0673828125 0.1612222222222222
0 0.8913203124999999 0.6628472222222223 0.053749999999999964 0.17097222222222216
