2 0.74844140625 0.19643750000000001 0.03425781249999993 0.13101388888888887
0 0.22985937500000003 0.5268611111111111 0.062437500000000014 0.1411388888888889
1 0.7695546875 0.3472986111111111 0.06142187499999992 0.15773611111111105
0 0.1100625 0.5761666666666667 0.060343749999999995 0.14747222222222223
0 0.45069140625 0.610875 0.053382812499999946 0.15211111111111109
0 0.7901171875 0.25856250000000003 0.04859375000000003 0.07454166666666664
0 0.6041796875000001 0.7937777777777778 0.07346874999999997 0.15633333333333327
0 0.58127734375 0.7991805555555557 0.07789843750000003 0.1532222222222223
0 0.19906640625 0.7682152777777778 0.062492187500000004 0.1715138888888889
0 0.88709375 0.6628472222222223 0.053750000000000145 0.17097222222222216
