0 0.71991015625 0.42606944444444445 0.06488281249999997 0.15883333333333333
0 0.6999296875 0.47696527777777775 0.06135937499999997 0.16851388888888888
0 0.6215507812500001 0.39647222222222217 0.05491406249999997 0.1667777777777778
0 0.6029726562500001 0.4656874999999999 0.049789062499999925 0.19173611111111113
2 0.41176171874999995 0.24166666666666667 0.04135156250000001 0.16997222222222222
0 0.76475 0.45805555555555555 0.05596875000000008 0.17083333333333334
1 0.5054140625000001 0.4547430555555555 0.08146875000000006 0.14084722222222226
0 0.13759765625 0.4992916666666667 0.0695859375 0.21475
0 0.43477734375 0.8656666666666666 0.08696093749999996 0.26086111111111115
0 0.059476562499999996 0.7138888888888889 0.060078125 0.2423611111111111
