0 0.73901953125 0.41488888888888886 0.04630468750000007 0.16125
0 0.71876171875 0.5077152777777777 0.0576171875 0.17526388888888889
0 0.58014453125 0.38338194444444446 0.050773437500000004 0.15434722222222225
0 0.6843359375 0.4443194444444444 0.05492187500000005 0.1639166666666667
2 0.46978515625000006 0.25430555555555556 0.04060156249999993 0.15494444444444444
0 0.8087109375000001 0.45216666666666666 0.05649999999999995 0.17963888888888893
1 0.56258984375 0.4544027777777777 0.07152343749999997 0.13375
0 0.41169140625 0.4515972222222222 0.05761718750000004 0.1947222222222222
0 0.56123828125 0.7893194444444446 0.07483593749999998 0.22019444444444447
0 0.1292734375 0.766173611111111 0.079203125 0.22168055555555566
