0 0.73297265625 0.41554166666666664 0.04561718749999999 0.17516666666666666
0 0.69005859375 0.4660486111111111 0.05366406250000004 0.15959722222222217
0 0.6571796875 0.40320833333333334 0.05309374999999994 0.1796666666666667
0 0.6476953125 0.4068333333333334 0.05328124999999995 0.16563888888888892
2 0.4589921875 0.25843055555555555 0.041343750000000054 0.16194444444444445
0 0.78730859375 0.4655486111111111 0.05833593749999997 0.17234722222222226
1 0.55237109375 0.4583472222222222 0.08153906250000001 0.12769444444444444
0 0.28635937499999997 0.4201805555555555 0.055500000000000015 0.18775
0 0.7039453124999999 0.7273819444444445 0.07153125000000005 0.21001388888888894
0 0.10265234375000001 0.9531458333333334 0.0764765625 0.09370833333333337
