0 0.44502734374999997 0.5326527777777778 0.06363281250000004 0.1527777777777778
0 0.017695312499999998 0.48914583333333334 0.035390624999999995 0.17570833333333333
0 0.15647265625 0.6919027777777778 0.0713515625 0.2089166666666667
0 0.49584375 0.33899999999999997 0.06090624999999994 0.13088888888888886
0 0.35265234375 0.3934722222222222 0.05230468749999999 0.16375
0 0.55183203125 0.4320138888888889 0.06760156249999998 0.16202777777777777
0 0.9719218749999999 0.6187083333333334 0.049687499999999926 0.15863888888888886
0 0.40896875 0.38631944444444444 0.058921875000000054 0.14263888888888887
2 0.7977343749999999 0.41700000000000004 0.04798437499999997 0.16616666666666668
1 0.76098046875 0.5275625 0.043726562499999934 0.190375
