0 0.8646015625000001 0.5177986111111111 0.05407812500000002 0.1399583333333333
0 0.58604296875 0.4144305555555555 0.05239843749999995 0.14163888888888887
0 0.74551171875 0.4961527777777778 0.061851562500000054 0.1413888888888889
0 0.9048281249999999 0.3269097222222222 0.05768749999999993 0.1267361111111111
0 0.54801171875 0.4904722222222222 0.05524218749999994 0.1565555555555556
0 0.523046875 0.28655555555555556 0.0453125 0.12633333333333335
0 0.69804296875 0.34941666666666665 0.05522656250000004 0.1366388888888889
0 0.433015625 0.6107777777777778 0.06443750000000001 0.1592777777777778
0 0.46849999999999997 0.7930763888888889 0.08690625 0.1963472222222223
0 0.97690234375 0.39815972222222223 0.046195312500000085 0.14131944444444444
2 0.40703125 0.9500833333333333 0.057734375000000025 0.09983333333333333
