0 0.35176562499999997 0.3462777777777778 0.07078125000000002 0.1433888888888889
0 0.45309375 0.38631249999999995 0.06029687499999996 0.12734722222222222
0 0.522953125 0.5678472222222223 0.05814062500000006 0.15344444444444438
0 0.688140625 0.4135347222222222 0.05037499999999993 0.15734722222222222
0 0.4685859375 0.4279930555555555 0.05954687500000002 0.15529166666666666
0 0.10553515625000001 0.4257361111111111 0.05591406250000001 0.14130555555555552
0 0.40099609375 0.4724513888888888 0.047945312500000045 0.14920833333333333
0 0.68761328125 0.5509236111111111 0.08072656249999995 0.14976388888888886
2 0.8987929687499999 0.3309097222222222 0.046195312499999905 0.16212500000000002
0 0.97121484375 0.4092569444444445 0.04867968749999996 0.16981944444444447
