2 0.6970859375 0.3111527777777778 0.04384375 0.13983333333333334
0 0.776234375 0.6119791666666666 0.0711875000000001 0.1546527777777778
0 0.534984375 0.6755555555555556 0.06489062499999995 0.18922222222222224
0 0.25257421874999997 0.40568750000000003 0.04369531250000001 0.13645833333333338
0 0.39953515624999997 0.5034583333333333 0.04669531249999999 0.15974999999999998
0 0.7607773437500001 0.7665763888888888 0.06500781249999994 0.2045972222222223
0 0.052726562500000004 0.43718749999999995 0.05115625 0.14448611111111115
0 0.50216796875 0.3924722222222223 0.04672656249999996 0.13983333333333334
0 0.6046601562499999 0.44641666666666663 0.04444531249999999 0.16519444444444445
1 0.8534375000000001 0.5110486111111112 0.06779687499999998 0.15681944444444448
