0 0.7406679687500001 0.4297847222222222 0.052023437500000026 0.1550138888888889
0 0.74066015625 0.5697361111111111 0.05980468750000005 0.18936111111111106
0 0.5071875 0.3891875 0.051406250000000056 0.13318055555555558
0 0.68259375 0.4774305555555556 0.06351562499999996 0.1661944444444444
2 0.43215234375 0.2539444444444445 0.04366406249999999 0.1556944444444444
0 0.7959453125 0.4488888888888889 0.05912500000000005 0.17777777777777778
1 0.54187890625 0.45204861111111116 0.07152343749999997 0.1337638888888889
0 0.38568749999999996 0.45745833333333336 0.055828124999999985 0.18608333333333335
0 0.51488671875 0.8663402777777778 0.07022656249999999 0.23634722222222232
0 0.13459375 0.8606041666666666 0.079203125 0.21781944444444434
