0 0.73432421875 0.41605555555555557 0.045273437499999944 0.17516666666666666
0 0.6898593749999999 0.46609027777777784 0.05209375000000005 0.15776388888888884
0 0.6565625 0.4024166666666667 0.05245312499999999 0.17983333333333335
0 0.6528125 0.4059236111111111 0.05445312500000003 0.16643055555555558
2 0.46046484374999996 0.25904166666666667 0.04135156250000005 0.16194444444444445
0 0.78875390625 0.4659027777777778 0.059664062500000004 0.17236111111111113
1 0.5539453125 0.4585138888888889 0.08153125000000001 0.12769444444444444
0 0.291203125 0.42053472222222216 0.055062500000000014 0.18756944444444446
0 0.70431640625 0.7254652777777778 0.0710859375 0.2107083333333334
0 0.10019140625 0.9523611111111112 0.0774609375 0.09527777777777781
