0 0.577359375 0.6998680555555555 0.06139062499999994 0.1685972222222223
0 0.713515625 0.7532222222222221 0.05493750000000004 0.13108333333333333
0 0.6900976562500001 0.3385833333333333 0.028101562499999934 0.15780555555555553
0 0.69618359375 0.5971944444444445 0.07239843750000005 0.1688055555555556
0 0.5772304687500001 0.7447361111111112 0.05191406250000004 0.1875555555555556
0 0.6733046874999999 0.3491180555555556 0.04146875000000003 0.15876388888888884
2 0.51046484375 0.1830208333333333 0.03197656250000005 0.14640277777777777
1 0.705703125 0.32878472222222227 0.04232812499999996 0.15331944444444445
0 0.27353515625 0.5873333333333334 0.05027343750000002 0.18000000000000002
0 0.497828125 0.8462916666666666 0.06665625000000004 0.15608333333333332
