0 0.68884765625 0.27286805555555554 0.03569531250000004 0.14220833333333333
0 0.55928515625 0.23514583333333333 0.0392578125 0.15329166666666666
0 0.66134375 0.48880555555555555 0.06692187499999998 0.1651666666666666
2 0.21863671875000001 0.24868055555555557 0.04382031249999998 0.14652777777777778
0 0.7358085937500001 0.5835555555555555 0.06353906250000003 0.17177777777777778
0 0.3779375 0.36436805555555557 0.05810937500000004 0.13320833333333337
0 0.66523828125 0.3550277777777778 0.03789843749999999 0.15766666666666665
0 0.9732968750000002 0.26750694444444445 0.04037500000000005 0.15915277777777778
0 0.61098046875 0.27727777777777773 0.048117187500000026 0.13308333333333336
0 0.9864921875 0.7078472222222222 0.027015624999999942 0.19172222222222218
