0 0.63465625 0.38093055555555555 0.04017187500000006 0.1801944444444444
0 0.47921484375 0.6155833333333334 0.07655468750000001 0.17938888888888893
0 0.770640625 0.7316111111111111 0.05962499999999995 0.17058333333333325
0 0.60053515625 0.5840694444444444 0.05825781250000004 0.1381111111111111
0 0.5987148437500001 0.42746527777777776 0.04916406250000005 0.16834722222222223
2 0.62294921875 0.32334722222222223 0.036351562499999976 0.15669444444444447
1 0.51963671875 0.3967847222222222 0.05872656250000006 0.17434722222222224
0 0.8864492187499999 0.6636041666666667 0.06585156249999997 0.1502638888888889
0 0.42125 0.6567013888888888 0.06078125000000001 0.18604166666666658
0 0.16462109375 0.9476805555555554 0.05599218750000001 0.10463888888888893
