0 0.72032421875 0.41213194444444445 0.047867187499999984 0.1751805555555556
0 0.7125546875 0.4670138888888889 0.06389062500000006 0.17152777777777778
0 0.6295507812500001 0.40536805555555555 0.056570312499999977 0.16262500000000005
0 0.60121484375 0.4225277777777777 0.04561718749999999 0.16055555555555553
2 0.43172265625 0.24816666666666667 0.04135156250000005 0.16194444444444445
0 0.76161328125 0.45195138888888886 0.049710937499999996 0.17234722222222218
1 0.52693359375 0.44715277777777784 0.07658593749999998 0.12769444444444444
0 0.1866328125 0.4342638888888889 0.05340624999999999 0.19897222222222224
0 0.6515625 0.7952291666666668 0.08053124999999994 0.24079166666666668
0 0.15427734375000002 0.9653402777777779 0.0700859375 0.0693194444444444
