0 0.7387343749999999 0.419 0.04832812500000001 0.1603333333333333
0 0.7212500000000001 0.5229374999999999 0.058218749999999986 0.1791527777777778
0 0.5610781250000001 0.38138888888888894 0.049703125 0.14850000000000002
0 0.682796875 0.44621527777777775 0.06050000000000004 0.16201388888888893
2 0.46108984374999995 0.25249305555555557 0.04144531250000005 0.15515277777777778
0 0.8055195312500001 0.451125 0.05655468749999999 0.17886111111111108
1 0.55687890625 0.45375000000000004 0.07152343750000005 0.13375
0 0.40563281250000005 0.4520555555555556 0.054906250000000024 0.19463888888888892
0 0.55284765625 0.8105208333333334 0.07308593749999996 0.22718055555555555
0 0.136671875 0.7912361111111111 0.08179687499999999 0.22261111111111115
