0 0.76769921875 0.6248541666666666 0.07474218749999997 0.16251388888888887
0 0.34663671875 0.8581111111111112 0.0998984375 0.1993333333333333
0 0.4664921875 0.3927777777777778 0.048171875000000065 0.16080555555555556
0 0.33451953125 0.4700625 0.07144531250000004 0.14865277777777774
0 0.8256523437500001 0.6790625 0.09905468749999997 0.14881944444444442
0 0.45175 0.41577083333333337 0.050484375000000005 0.18159722222222227
2 0.44743750000000004 0.26390277777777776 0.03767187500000002 0.16822222222222222
1 0.53694921875 0.40160416666666665 0.06616406249999995 0.1532361111111111
0 0.23797656250000002 0.5648888888888889 0.059078125 0.18855555555555562
0 0.18107421875000002 0.6579722222222222 0.06011718749999999 0.19486111111111112
