0 0.7918203125 0.6759861111111112 0.0606562499999999 0.18372222222222226
0 0.7554531250000001 0.4022708333333333 0.04523437499999998 0.1446805555555556
2 0.9155820312499999 0.23097916666666668 0.026773437499999986 0.13090277777777778
2 0.428625 0.9293819444444444 0.072203125 0.14123611111111117
0 0.024234375 0.5824444444444444 0.04846875 0.19375
0 0.1354296875 0.3774791666666667 0.041031250000000005 0.12729166666666666
0 0.403890625 0.6817361111111111 0.04376562499999999 0.16338888888888886
0 0.25410546875 0.5224166666666666 0.047710937499999995 0.12725
0 0.45621484375000004 0.3630069444444445 0.041007812500000004 0.11451388888888887
2 0.41811718750000004 0.4356111111111111 0.03515625 0.1516944444444445
0 0.22265234375 0.5438472222222223 0.051382812499999986 0.16025
0 0.40351171875 0.7316527777777777 0.049273437499999996 0.18466666666666665
0 0.2835234375 0.37013194444444447 0.048687499999999995 0.1278472222222222
