0 0.6416875 0.56625 0.06637500000000003 0.1499444444444444
0 0.41691015625 0.45334027777777774 0.04813281250000005 0.15506944444444448
0 0.4794609375 0.5445208333333333 0.05842187499999998 0.1547083333333333
0 0.5989765625000001 0.2992986111111111 0.05396875000000003 0.12670833333333337
0 0.42920703125 0.5082083333333333 0.04019531250000004 0.1639166666666667
0 0.1230703125 0.3161111111111111 0.049515624999999994 0.12925
0 0.5411171875 0.37482638888888886 0.047093749999999976 0.14215277777777782
0 0.17365234375 0.7142291666666667 0.059992187500000016 0.1999305555555556
0 0.50595703125 0.8314930555555555 0.06702343749999998 0.1979027777777778
0 0.68623046875 0.34615972222222224 0.05164843749999992 0.13912499999999997
2 0.77766796875 0.2618263888888889 0.037820312499999974 0.14723611111111115
1 0.8393828124999999 0.43292361111111116 0.06101562500000011 0.11431944444444445
