0 0.8410624999999999 0.5215138888888889 0.06349999999999997 0.13994444444444443
0 0.5727890625000001 0.41628472222222224 0.05101562500000005 0.13793055555555556
0 0.71745703125 0.49988194444444445 0.06288281250000001 0.145125
0 0.8783359374999999 0.32009027777777777 0.057687500000000114 0.12673611111111108
0 0.5436992187499999 0.489625 0.05296093750000006 0.16027777777777782
0 0.4880078125000001 0.2871666666666667 0.04775 0.12755555555555556
0 0.69184765625 0.3525694444444445 0.05183593750000002 0.13894444444444443
0 0.41767578125 0.6194444444444445 0.06164843750000002 0.16175000000000006
0 0.48610546874999994 0.7968055555555557 0.08307031250000003 0.19513888888888897
0 0.9500546875 0.39040972222222226 0.05385937500000004 0.1406805555555556
2 0.3840234375 0.9507083333333333 0.057734374999999984 0.09858333333333336
