0 0.9869726562500001 0.5063541666666667 0.02605468749999993 0.15448611111111113
0 0.6555156249999999 0.7320208333333335 0.07076562500000003 0.18318055555555554
0 0.239015625 0.412875 0.058109375 0.16997222222222216
0 0.268546875 0.5030138888888889 0.074171875 0.15974999999999998
2 0.596515625 0.24233333333333335 0.042984374999999984 0.14855555555555558
0 0.723078125 0.7374583333333333 0.07196875 0.1769444444444444
1 0.7685234375000001 0.33636805555555555 0.06143749999999999 0.14562500000000003
0 0.1135 0.9166180555555554 0.074734375 0.16676388888888896
0 0.77061328125 0.7593541666666667 0.06175781250000005 0.13823611111111106
0 0.175265625 0.940951388888889 0.068515625 0.11809722222222219
0 0.73703125 0.7955208333333335 0.04993749999999997 0.1234027777777778
