0 0.73402734375 0.6285416666666666 0.06421093749999995 0.17108333333333334
0 0.7391875 0.42965277777777783 0.04021875000000001 0.13958333333333334
2 0.8804570312500001 0.24157638888888888 0.028867187500000037 0.12656944444444443
2 0.49287890624999997 0.9345416666666667 0.048273437499999974 0.13091666666666665
0 0.07304296875 0.6157291666666667 0.055585937499999995 0.17626388888888883
0 0.173734375 0.4021180555555555 0.036531249999999994 0.13681944444444438
0 0.3716953125 0.6420555555555555 0.05134374999999998 0.16174999999999998
0 0.32834765624999995 0.5208402777777777 0.04144531250000001 0.12840277777777784
0 0.35801171875 0.4004375 0.06075781249999999 0.11401388888888889
2 0.39360546875 0.47836805555555556 0.042335937499999955 0.14220833333333333
0 0.33939453124999996 0.5326597222222222 0.0381328125 0.14787500000000003
0 0.412265625 0.6493611111111112 0.04659374999999999 0.15675000000000003
0 0.36615624999999996 0.41366666666666674 0.038625 0.13233333333333339
