0 0.72067578125 0.41213194444444445 0.047867187499999984 0.1751805555555556
0 0.715125 0.4671666666666667 0.06389062499999998 0.17152777777777778
0 0.6263984375 0.40585416666666674 0.05648437500000005 0.16237500000000005
0 0.6005664062499999 0.4239583333333333 0.04561718749999999 0.1605555555555556
2 0.42958203125 0.24740277777777778 0.04135156250000005 0.16194444444444445
0 0.759640625 0.45057638888888885 0.049703125 0.17234722222222218
1 0.52509375 0.4459305555555556 0.07598437499999999 0.12769444444444444
0 0.17835546875 0.43625 0.05280468749999998 0.20019444444444445
0 0.6456015625 0.8024513888888889 0.08146874999999998 0.24404166666666663
0 0.15781640624999999 0.9665694444444445 0.0700859375 0.0668611111111111
