0 0.73859375 0.4210555555555555 0.04932812499999999 0.15986111111111106
0 0.72494921875 0.5318541666666666 0.058523437499999977 0.18109722222222221
0 0.55096875 0.38234722222222217 0.049843749999999964 0.14558333333333331
0 0.68362109375 0.4523194444444444 0.06107031249999997 0.1628055555555555
2 0.45674609374999997 0.2515833333333333 0.04186718749999994 0.15525
0 0.80392578125 0.45061111111111113 0.05658593750000005 0.17847222222222223
1 0.55401953125 0.4534305555555556 0.07152343749999997 0.13375
0 0.4026015625 0.45229166666666665 0.053546875000000015 0.19461111111111107
0 0.5486484375 0.8211111111111111 0.07220312500000006 0.23066666666666663
0 0.140375 0.8037708333333333 0.08309375000000001 0.22306944444444438
