0 0.46030859374999994 0.7044930555555555 0.04539843750000001 0.19337500000000002
0 0.6343828125 0.7675833333333334 0.05695312500000007 0.15877777777777785
0 0.68816796875 0.3286875 0.043242187500000015 0.1317916666666667
0 0.709609375 0.65925 0.06581250000000001 0.18277777777777782
0 0.43925390625 0.7279097222222223 0.05482031250000006 0.19184722222222222
0 0.7032695312499999 0.3590972222222222 0.04314843749999993 0.14594444444444443
2 0.49060156250000003 0.18735416666666665 0.032781250000000026 0.135625
1 0.734234375 0.3230763888888889 0.04409374999999995 0.14926388888888892
0 0.212921875 0.5574930555555555 0.05340625000000001 0.17595833333333333
0 0.5032343750000001 0.8591805555555556 0.07023437499999999 0.14872222222222212
0 0.0717421875 0.8809583333333333 0.078140625 0.21822222222222223
