0 0.2551328125 0.43811805555555555 0.06037499999999998 0.16879166666666662
0 0.414359375 0.5143541666666667 0.075921875 0.14695833333333333
0 0.5399843750000001 0.937951388888889 0.06632812499999999 0.12409722222222225
0 0.06762109375 0.5776666666666667 0.0631171875 0.1797777777777778
0 0.4330859375 0.8053680555555556 0.07410937499999996 0.22020833333333334
0 0.33187890625 0.6539513888888889 0.06702343749999998 0.1848472222222222
0 0.79355859375 0.8458680555555556 0.0818359375000001 0.22509722222222214
2 0.753109375 0.25506249999999997 0.053390625000000025 0.13215277777777779
0 0.78285546875 0.5563958333333333 0.08464843750000002 0.13398611111111108
2 0.68436328125 0.9481666666666667 0.05916406250000002 0.10366666666666664
