0 0.8889414062499998 0.3768888888888889 0.06560156250000002 0.14147222222222225
0 0.79228515625 0.4453125 0.06691406250000007 0.15426388888888895
0 0.6929765625 0.3735902777777778 0.06807812499999999 0.15656944444444448
0 0.67952734375 0.4431805555555556 0.06705468750000003 0.15477777777777776
2 0.5478359375 0.18816666666666665 0.03967187499999998 0.1471111111111111
0 0.9596914062499999 0.46125000000000005 0.05769531249999993 0.14986111111111117
1 0.6564609375 0.34139583333333334 0.05973437500000003 0.1545138888888889
0 0.42317578125 0.5302013888888889 0.06446093749999995 0.15454166666666663
0 0.663078125 0.8325902777777776 0.06476562500000008 0.16190277777777784
0 0.5012343749999999 0.6901388888888889 0.07159374999999998 0.17938888888888893
0 0.525296875 0.8975347222222223 0.063484375 0.1384583333333334
