0 0.6377578125 0.4105902777777778 0.042062500000000023 0.190125
0 0.5509375000000001 0.8763819444444445 0.05846875000000003 0.23148611111111123
0 0.6825078125 0.714388888888889 0.05182812499999993 0.2348333333333333
0 0.82483203125 0.7666666666666667 0.052492187500000044 0.19583333333333333
0 0.58528125 0.5210694444444445 0.04432812500000001 0.20347222222222222
2 0.7875234375 0.47491666666666665 0.06531249999999993 0.1975277777777778
1 0.4819765625 0.43670833333333337 0.06581250000000001 0.18144444444444444
0 0.6172265625 0.6871458333333333 0.05592187500000003 0.2544305555555556
0 0.57727734375 0.8590416666666667 0.05802343749999998 0.24074999999999988
0 0.38087499999999996 0.7128472222222222 0.06231249999999999 0.2248055555555555
