0 0.7423789062499999 0.43080555555555555 0.051460937500000005 0.15288888888888894
0 0.7425078125 0.5741944444444443 0.05995312500000001 0.19033333333333335
0 0.5020351562500001 0.38998611111111103 0.05158593749999998 0.13172222222222219
0 0.6807343749999999 0.48007638888888887 0.06379687499999998 0.1665972222222222
2 0.42910546875 0.25438194444444445 0.043882812500000055 0.1557361111111111
0 0.79434375 0.4489444444444445 0.06075000000000008 0.17822222222222223
1 0.54044921875 0.4518888888888889 0.07152343749999997 0.13375
0 0.38336328124999997 0.45840277777777777 0.056757812499999984 0.18438888888888888
0 0.5088125 0.8705833333333333 0.0685625 0.23405555555555568
0 0.13214062499999998 0.8675833333333333 0.07796875 0.21661111111111117
