0 0.63396484375 0.7677152777777778 0.056367187499999985 0.20279166666666665
0 0.21240234375 0.3795555555555556 0.05350781250000001 0.1607777777777778
0 0.31839453124999995 0.45002777777777775 0.0693984375 0.13972222222222216
2 0.63204296875 0.23958333333333334 0.04299218749999998 0.14855555555555555
0 0.68719140625 0.7736458333333333 0.07833593749999998 0.19462500000000008
1 0.7868203125 0.329625 0.061437500000000075 0.1456111111111111
0 0.10970703125 0.9487847222222222 0.07450781250000002 0.10243055555555555
0 0.8094921875000001 0.7311319444444444 0.06175000000000006 0.15176388888888886
0 0.16161328125000002 0.9514236111111111 0.05589843749999999 0.09715277777777784
0 0.76644921875 0.7812986111111112 0.047585937499999974 0.12795833333333334
