0 0.73818359375 0.5533611111111111 0.05797656250000003 0.15258333333333335
0 0.24467578125 0.8180555555555555 0.07194531250000002 0.21705555555555553
0 0.38382421874999995 0.3932708333333333 0.06446093749999995 0.1617361111111111
0 0.2185625 0.40524999999999994 0.05882812500000001 0.14513888888888885
0 0.8035273437499999 0.5866180555555556 0.0695390625 0.14137499999999995
0 0.39604296875 0.4484722222222222 0.050507812499999985 0.18277777777777773
2 0.4521757812500001 0.29810416666666667 0.04035156249999998 0.17201388888888888
1 0.48471484374999996 0.43914583333333335 0.06989843749999994 0.15229166666666663
0 0.11978124999999999 0.5370347222222221 0.062109375 0.20368055555555561
0 0.0178984375 0.5629027777777778 0.035796875 0.18133333333333335
