0 0.4440390625 0.34760416666666666 0.06150000000000002 0.13345833333333335
0 0.60414453125 0.3887638888888889 0.055882812500000066 0.11686111111111114
0 0.271078125 0.35527083333333337 0.056187500000000015 0.13131944444444443
0 0.59303125 0.8622430555555556 0.08553125000000002 0.20262499999999997
0 0.03355859375 0.41389583333333335 0.0503203125 0.17537499999999998
0 0.4122109375 0.6127569444444444 0.07642187499999994 0.14987499999999995
2 0.113625 0.2224583333333333 0.0445 0.1307222222222222
0 0.5518007812500001 0.6627361111111111 0.06946093749999997 0.15841666666666676
0 0.5144296875000001 0.7102708333333333 0.06335937500000002 0.1861805555555555
0 0.9269882812500001 0.8563680555555556 0.07757031249999997 0.2369305555555556
