0 0.74662890625 0.6755486111111111 0.06691406249999998 0.16420833333333335
0 0.5189296875 0.8726736111111112 0.08620312500000002 0.17693055555555554
0 0.5292656250000001 0.38880555555555557 0.041640625000000056 0.1608055555555555
0 0.42444531249999995 0.5101458333333333 0.06774999999999998 0.17165277777777782
0 0.7956171875000001 0.7515208333333334 0.10003125000000006 0.13790277777777782
0 0.50134375 0.3963055555555555 0.046578125000000005 0.17986111111111108
2 0.45482421874999995 0.24270833333333333 0.032320312500000004 0.16411111111111112
1 0.58485546875 0.3786736111111111 0.06616406250000004 0.15323611111111113
0 0.2917734375 0.5768194444444444 0.054515625000000026 0.16283333333333336
0 0.2933125 0.7228194444444446 0.05771875 0.1951666666666667
