0 0.63703125 0.4084861111111111 0.037203125000000004 0.18480555555555553
0 0.61441796875 0.8378402777777778 0.06041406250000003 0.23001388888888874
0 0.6880859375 0.7137083333333334 0.05067187499999992 0.23099999999999998
0 0.79279296875 0.7347361111111111 0.05960156250000006 0.22927777777777766
0 0.57176171875 0.5022152777777779 0.04936718750000004 0.2095694444444445
2 0.7477148437500001 0.43809722222222225 0.06775781250000001 0.18894444444444444
1 0.48307031250000004 0.43672916666666667 0.049796875000000004 0.18309722222222224
0 0.6786015625 0.6547847222222222 0.06287500000000001 0.20854166666666663
0 0.6146132812499999 0.8023055555555555 0.060664062499999984 0.21652777777777782
0 0.33103906250000004 0.7680347222222222 0.062203125000000005 0.22609722222222225
