0 0.71241015625 0.6959375 0.05172656250000003 0.16237499999999996
0 0.6300546875 0.8489444444444445 0.06031250000000003 0.12966666666666668
0 0.56513671875 0.3802916666666667 0.04053906250000008 0.16075
0 0.4845390625 0.5332291666666666 0.06107812499999996 0.16256944444444446
0 0.73415234375 0.7684513888888889 0.0572265625 0.1405694444444444
0 0.5405468750000001 0.39063194444444443 0.04576562500000003 0.1707083333333333
2 0.45926171875 0.2327361111111111 0.030929687500000025 0.15569444444444447
1 0.6096210937500001 0.3701388888888889 0.06211718750000008 0.14783333333333337
0 0.30029296875 0.5958958333333334 0.06408593749999998 0.1762361111111111
0 0.35887109375000004 0.7594027777777778 0.057710937500000004 0.19516666666666665
