0 0.22071093749999998 0.4551805555555556 0.060625 0.17247222222222222
0 0.38752734375000003 0.532375 0.07505468750000004 0.15124999999999997
0 0.5227734375 0.940888888888889 0.06632812499999999 0.11772222222222237
0 0.01997265625 0.5681527777777777 0.0399453125 0.16202777777777774
0 0.41305859375000004 0.8231527777777777 0.07566406249999998 0.22594444444444445
0 0.29561328124999997 0.6598541666666666 0.06774218750000002 0.18287499999999995
0 0.76380078125 0.8429722222222223 0.0835859375000001 0.21802777777777765
2 0.709953125 0.2609444444444444 0.052437500000000005 0.13408333333333333
0 0.7372226562499999 0.571375 0.08828906249999999 0.13802777777777778
2 0.63834765625 0.9481111111111111 0.06627343750000003 0.10377777777777782
