0 0.39562890624999997 0.37277083333333333 0.059679687500000037 0.15859722222222222
0 0.5443359375 0.44956944444444447 0.062484375000000016 0.15788888888888883
0 0.43883984375 0.5397916666666667 0.06389843749999997 0.13438888888888886
0 0.7151132812500001 0.466875 0.06635156249999996 0.15883333333333327
0 0.43251953125 0.4607152777777778 0.05953906250000003 0.14859722222222216
0 0.15648828125 0.4367361111111111 0.05728906250000001 0.16877777777777775
0 0.299515625 0.4787222222222222 0.058890624999999995 0.14655555555555552
0 0.889640625 0.602388888888889 0.06126562500000006 0.18591666666666662
2 0.96622265625 0.3128611111111111 0.03924218750000001 0.15491666666666662
0 0.9607851562499998 0.42384722222222226 0.06092968750000001 0.14416666666666664
