0 0.64452734375 0.37710416666666663 0.03552343750000002 0.18273611111111115
0 0.59265234375 0.6750902777777777 0.07397656250000004 0.1914861111111111
0 0.73068359375 0.7080208333333333 0.05924218750000003 0.20284722222222215
0 0.66725390625 0.6345000000000001 0.06041406250000003 0.16016666666666665
0 0.5919804687499999 0.43520138888888893 0.048710937500000016 0.18073611111111115
2 0.6654609375 0.34784722222222225 0.03959374999999996 0.169
1 0.511328125 0.4001736111111111 0.042109375000000074 0.1675694444444444
0 0.8383515625 0.6349930555555555 0.08596874999999989 0.16629166666666662
0 0.52316015625 0.6782638888888889 0.07221093750000004 0.18599999999999994
0 0.236484375 0.8956597222222222 0.062109375 0.20490277777777774
0 0.0376328125 0.9448819444444445 0.075265625 0.11023611111111112
