0 0.40115625 0.3043472222222222 0.04604687500000004 0.126
0 0.3981015625 0.38463888888888886 0.04643749999999995 0.11794444444444442
0 0.9339101562500002 0.8159375 0.0703046875 0.23137499999999997
0 0.8775195312499999 0.37985416666666666 0.04733593749999994 0.10943055555555554
0 0.82107421875 0.3618194444444444 0.05622656250000002 0.14630555555555555
0 0.176265625 0.47475000000000006 0.06674999999999998 0.14541666666666664
0 0.8234804687499999 0.6504652777777779 0.08094531249999992 0.1678194444444444
0 0.9691328125 0.46113194444444444 0.05539062500000007 0.11990277777777776
2 0.20012109374999998 0.7002847222222222 0.07024218750000003 0.20881944444444447
1 0.056406250000000005 0.4688680555555556 0.0651875 0.1371805555555556
