0 0.5132109375 0.5751458333333334 0.061125000000000006 0.16431944444444443
0 0.17182421875 0.4651875 0.0521015625 0.17676388888888886
0 0.26991015625000003 0.6421805555555555 0.0620078125 0.1909166666666667
0 0.49539453125 0.3245625 0.054976562500000006 0.12234722222222226
0 0.475015625 0.4279305555555556 0.052468749999999974 0.1551666666666667
0 0.65458984375 0.4434375 0.06222656250000007 0.16379166666666667
0 0.971953125 0.6347222222222222 0.04773437500000011 0.192
0 0.43565624999999997 0.3717083333333333 0.06409374999999998 0.1242777777777778
2 0.84430078125 0.3947777777777778 0.03939843750000005 0.1651944444444444
1 0.83198046875 0.5233194444444444 0.04469531250000003 0.18322222222222223
