0 0.7255429687499999 0.41265972222222225 0.04752343750000003 0.17518055555555556
0 0.691140625 0.46580555555555553 0.06231249999999999 0.16969444444444445
0 0.66055859375 0.4075208333333333 0.05661718750000002 0.1787361111111111
0 0.61956640625 0.4118611111111111 0.046804687499999977 0.16133333333333333
2 0.45087890625 0.2550694444444444 0.04135156250000005 0.16194444444444445
0 0.7793320312500001 0.4636180555555556 0.05103906250000003 0.17234722222222226
1 0.54371875 0.45738194444444447 0.08153125000000001 0.1277083333333334
0 0.25972265625 0.4182638888888889 0.05792968749999998 0.18872222222222218
0 0.7019179687499999 0.7379652777777779 0.07396093749999996 0.20618055555555545
0 0.116171875 0.9574791666666667 0.0710625 0.0850416666666667
