2 0.6499453125000001 0.3285277777777778 0.04515625000000005 0.14155555555555555
0 0.7595625 0.6110694444444444 0.07176562500000001 0.14024999999999996
0 0.49604296875 0.6535972222222223 0.06519531249999995 0.1881666666666667
0 0.228484375 0.42824305555555553 0.049812499999999996 0.15845833333333334
0 0.40012890624999997 0.5128888888888888 0.04514843749999997 0.1443055555555556
0 0.7555859375 0.6930902777777778 0.07828125000000004 0.1675694444444445
0 0.019152343750000002 0.4795486111111111 0.038304687500000004 0.14448611111111115
0 0.40071484375 0.4002083333333333 0.05257031249999997 0.1358055555555556
0 0.49142578124999997 0.4294444444444444 0.047226562500000034 0.15477777777777782
1 0.8067421875 0.5307569444444444 0.06262500000000007 0.14418055555555556
