0 0.7190195312500001 0.41213194444444445 0.047867187499999984 0.1751805555555556
0 0.7029062500000001 0.4664444444444444 0.06389062499999998 0.17152777777777778
0 0.6413710937499999 0.4035416666666667 0.056882812500000046 0.1635277777777778
0 0.60365625 0.4171875 0.045624999999999985 0.16054166666666667
2 0.43976171875 0.2510277777777778 0.04135156250000005 0.16194444444444445
0 0.76900390625 0.4571041666666667 0.049710937499999996 0.17234722222222226
1 0.5338476562500001 0.45172222222222225 0.07883593749999998 0.12769444444444444
0 0.21765234375000003 0.42683333333333334 0.05566406250000002 0.1943888888888889
0 0.67391796875 0.7681666666666668 0.07700781249999995 0.22855555555555557
0 0.13983203125000002 0.9613055555555555 0.0700859375 0.07738888888888892
