0 0.5808320312499999 0.6404652777777777 0.06224218749999997 0.17406944444444433
0 0.306203125 0.5200972222222222 0.048484375 0.17913888888888885
0 0.3335859375 0.6531111111111111 0.055078125 0.1878055555555556
0 0.35242578125 0.364 0.04175781249999999 0.14599999999999996
0 0.36408203125 0.5770763888888889 0.05866406249999998 0.17718055555555554
0 0.4370976562499999 0.459375 0.043242187500000015 0.15905555555555553
0 0.49517578125000006 0.8739861111111111 0.0701171875 0.21080555555555552
0 0.43902343750000006 0.3962916666666667 0.04642187499999997 0.15022222222222226
2 0.6020234375 0.32736805555555554 0.040328125000000006 0.1532638888888889
1 0.6316132812499999 0.49886111111111103 0.06316406250000002 0.1315
