0 0.6420234375 0.6196666666666667 0.06604687499999998 0.18900000000000006
0 0.35954296875 0.47291666666666665 0.05152343749999999 0.16774999999999995
0 0.39000390625000003 0.6223819444444445 0.058835937500000005 0.18759722222222222
0 0.44308203125 0.34681249999999997 0.05514843750000002 0.1208472222222222
0 0.58351953125 0.5022916666666666 0.0604453125 0.16191666666666665
0 0.704203125 0.4824097222222223 0.050562500000000024 0.1764861111111111
0 0.9022109374999999 0.7270486111111112 0.07115624999999995 0.2039027777777778
0 0.50187890625 0.3816666666666667 0.05977343749999999 0.14486111111111108
2 0.86584375 0.3815486111111111 0.03781250000000007 0.166625
1 0.86048046875 0.5418888888888889 0.05191406250000004 0.1593333333333333
