0 0.6418203124999999 0.7077291666666666 0.05173437500000002 0.15540277777777775
0 0.684765625 0.7989652777777778 0.055109374999999974 0.10701388888888883
0 0.6126171875 0.3672708333333333 0.03895312500000001 0.1590138888888889
0 0.5712734375 0.5618333333333333 0.05809375000000001 0.16508333333333336
0 0.6486171875 0.7625277777777778 0.05471874999999997 0.17280555555555557
0 0.5928437499999999 0.37816666666666665 0.04543749999999998 0.1648611111111111
2 0.47018750000000004 0.21849305555555557 0.030281249999999992 0.1504583333333333
1 0.6415859375 0.36115277777777777 0.05512499999999996 0.14958333333333332
0 0.29176171875 0.603375 0.06380468750000001 0.1841666666666667
0 0.4414140625 0.8142708333333333 0.06259375 0.1847361111111111
