0 0.51011328125 0.2958055555555556 0.06577343749999995 0.11072222222222222
0 0.6816015625 0.33253472222222225 0.05301562500000001 0.11048611111111109
0 0.37943359374999996 0.3003055555555556 0.05972656249999999 0.11233333333333337
0 0.6338984375 0.7624791666666667 0.07057812499999994 0.18751388888888887
0 0.17171875 0.35769444444444437 0.04107812500000001 0.1716111111111111
0 0.47261328124999996 0.6519097222222222 0.07075781250000004 0.17262499999999995
2 0.1846640625 0.1978541666666667 0.038843750000000024 0.1295138888888889
0 0.62355859375 0.5793472222222222 0.07799218750000003 0.14575
0 0.54390625 0.7525763888888889 0.07399999999999993 0.19248611111111108
0 0.9610898437500002 0.818486111111111 0.06761718749999997 0.2217777777777777
