0 0.721265625 0.4247638888888889 0.06292187499999997 0.15883333333333333
0 0.70054296875 0.4754305555555556 0.06135156250000007 0.16852777777777783
0 0.6212460937500001 0.39647222222222217 0.05430468749999999 0.1667777777777778
0 0.60358984375 0.4632777777777778 0.049789062500000016 0.19172222222222218
2 0.41301171875 0.24206249999999999 0.04135156250000001 0.169375
0 0.76536328125 0.45805555555555555 0.05474218750000004 0.17083333333333334
1 0.50796484375 0.4539444444444445 0.07966406249999994 0.13969444444444443
0 0.13190625 0.4949513888888889 0.06401562499999999 0.21073611111111112
0 0.44555078125 0.8630347222222222 0.09114843749999997 0.26145833333333335
0 0.046171874999999994 0.7157013888888888 0.060078125 0.2423749999999999
