0 0.949828125 0.2701388888888889 0.03445312499999993 0.14675000000000005
0 0.6031640625 0.23676388888888888 0.03926562499999999 0.13402777777777777
0 0.95714453125 0.9634722222222223 0.06858593749999997 0.07305555555555558
0 0.5824492187500001 0.5969305555555555 0.062210937499999994 0.1648055555555556
2 0.31303125 0.24128472222222225 0.03849999999999998 0.13093055555555558
0 0.493765625 0.5239999999999999 0.06010937500000004 0.1368888888888889
0 0.04983203125 0.5352291666666666 0.0503671875 0.1920138888888889
0 0.64005078125 0.2792708333333333 0.04874218749999999 0.107125
0 0.09815234375 0.6633888888888889 0.053570312499999995 0.1777222222222222
0 0.9598749999999999 0.4224652777777778 0.044828124999999906 0.15073611111111113
