0 0.693875 0.7014236111111111 0.05173437500000002 0.16237500000000005
0 0.6489843750000001 0.8365972222222221 0.058015624999999994 0.10358333333333339
0 0.57653125 0.3773611111111111 0.040156249999999984 0.1607222222222222
0 0.5038984375 0.5405555555555556 0.058921875000000054 0.15875
0 0.7125234375 0.765701388888889 0.05800000000000001 0.15154166666666669
0 0.55336328125 0.38903472222222224 0.04558593750000002 0.1675138888888889
2 0.46069531250000006 0.22970138888888889 0.03057812499999999 0.15284722222222222
1 0.6173359375 0.36759027777777775 0.060687499999999964 0.14593055555555554
0 0.30217578125 0.6024375 0.06749218750000004 0.18165277777777772
0 0.37966796875000003 0.770875 0.05771093749999996 0.19516666666666665
