0 0.67809765625 0.7703888888888888 0.056367187499999985 0.2027777777777777
0 0.25345703124999996 0.3564097222222222 0.051617187499999995 0.1537083333333333
0 0.41203124999999996 0.4166388888888889 0.06157812499999995 0.13422222222222224
2 0.69340625 0.2387013888888889 0.041625000000000065 0.14979166666666666
0 0.7352109375 0.7856805555555556 0.07745312499999998 0.17558333333333329
1 0.846140625 0.327125 0.05867187499999993 0.14561111111111108
0 0.19205859374999998 0.9208055555555555 0.061226562499999984 0.1324722222222222
0 0.87753125 0.7232569444444444 0.06539062499999986 0.15176388888888886
0 0.21844140625000003 0.9390972222222224 0.06605468749999999 0.11861111111111108
0 0.8254648437499998 0.7650555555555556 0.050789062499999996 0.1441666666666667
