0 0.5819296875 0.6218819444444444 0.09535937499999995 0.1849861111111111
0 0.26810546874999996 0.245 0.04964843750000001 0.1075277777777778
0 0.86771484375 0.6518819444444445 0.06383593750000002 0.18901388888888884
2 0.56545703125 0.17658333333333334 0.045320312499999994 0.1562222222222222
0 0.4881953125 0.2873819444444444 0.05198437499999997 0.1577361111111111
1 0.6045351562500001 0.33494444444444443 0.0692421875 0.18272222222222223
0 0.6917109375 0.7170694444444444 0.0890625 0.22444444444444447
0 0.255859375 0.45300694444444445 0.06775000000000002 0.16681944444444446
0 0.6443828125 0.2981875 0.05451562500000007 0.06270833333333334
0 0.24999218750000002 0.7936041666666667 0.08909374999999997 0.17715277777777771
