0 0.1041953125 0.2988055555555556 0.06267187499999999 0.1637777777777778
0 0.23410546875 0.5046458333333333 0.0596171875 0.1632083333333334
0 0.55209375 0.9048958333333333 0.06995312500000006 0.18645833333333334
0 0.5108359375 0.3779166666666667 0.06609374999999992 0.13724999999999998
0 0.43265624999999996 0.2758958333333333 0.05740625000000001 0.1290138888888889
0 0.02857421875 0.5757291666666666 0.0571484375 0.1665972222222222
0 0.1063984375 0.6364305555555556 0.07609374999999999 0.15752777777777788
0 0.6653710937499999 0.42740972222222223 0.06871093749999994 0.14823611111111112
2 0.92216015625 0.21231944444444445 0.04536718750000013 0.13702777777777775
0 0.8661640625 0.9334930555555556 0.06787500000000009 0.13115277777777787
