0 0.67278515625 0.7706111111111111 0.056367187499999985 0.20277777777777786
0 0.24701171875 0.3582638888888889 0.05158593749999998 0.15416666666666667
0 0.401265625 0.4190694444444445 0.06226562500000003 0.13436111111111113
2 0.68466015625 0.23873611111111112 0.04185156249999995 0.14958333333333335
0 0.72967578125 0.784861111111111 0.07767968750000005 0.17727777777777776
1 0.83701953125 0.3272638888888889 0.05913281250000004 0.1456111111111111
0 0.18354296875 0.9239861111111111 0.0621328125 0.13044444444444456
0 0.8704609375000001 0.7235208333333334 0.06478125000000005 0.15176388888888895
0 0.21011328125 0.9404513888888889 0.06339843749999999 0.1164583333333332
0 0.81880859375 0.7662708333333333 0.05025781250000003 0.1414583333333333
