0 0.61426171875 0.6459930555555555 0.0736328125 0.16048611111111113
0 0.34430078125 0.5289375000000001 0.06900781249999999 0.1436527777777778
0 0.35796484375000004 0.6634861111111111 0.0760234375 0.16652777777777775
0 0.34741015625 0.3720347222222222 0.04377343749999998 0.16215277777777778
0 0.45437500000000003 0.5800208333333333 0.06878124999999997 0.18051388888888892
0 0.5175429687499999 0.48537500000000006 0.0571328125 0.16011111111111115
0 0.5890390625 0.8449513888888889 0.06851562500000004 0.22023611111111102
0 0.43837890625 0.4159791666666667 0.050539062500000044 0.157125
2 0.64956640625 0.35738194444444443 0.044648437499999985 0.155875
1 0.6506601562500001 0.5345000000000001 0.06480468750000004 0.1546111111111111
