0 0.19812109375 0.8781527777777778 0.06930468749999999 0.2261388888888888
0 0.02269921875 0.5595138888888889 0.0453984375 0.13672222222222222
2 0.77897265625 0.1817638888888889 0.03939843749999996 0.13249999999999998
0 0.41655078124999995 0.4567638888888889 0.06664843750000005 0.15716666666666662
1 0.80280078125 0.32811111111111113 0.06477343749999998 0.1487777777777778
0 0.334953125 0.5797638888888889 0.0703125 0.14375
0 0.496984375 0.5376875 0.05309375000000003 0.14259722222222224
0 0.8150351562499999 0.25686805555555553 0.04975781249999996 0.07454166666666664
0 0.64733203125 0.801486111111111 0.05672656250000001 0.12763888888888886
0 0.62313671875 0.8028333333333333 0.05222656249999993 0.14775
0 0.045429687499999996 0.7513194444444445 0.081734375 0.20533333333333337
0 0.93876953125 0.6556527777777779 0.05875781250000003 0.16355555555555562
