0 0.9026406250000001 0.3855208333333333 0.06207812499999985 0.13520833333333332
0 0.793140625 0.45025 0.06246875000000003 0.1465833333333333
0 0.6847890624999999 0.38335416666666666 0.07495312500000004 0.15856944444444446
0 0.67275 0.44790972222222225 0.07023437500000007 0.15529166666666666
2 0.5570664062499999 0.18688888888888888 0.039664062499999986 0.14508333333333331
0 0.96598046875 0.47162500000000007 0.05553906249999994 0.14922222222222223
1 0.66492578125 0.3420347222222222 0.05974218750000002 0.1545138888888889
0 0.43428515624999997 0.5393055555555555 0.06360156250000007 0.15530555555555556
0 0.67789453125 0.8331180555555556 0.0653359375 0.15190277777777778
0 0.508015625 0.6984722222222222 0.07131249999999997 0.18169444444444435
0 0.56352734375 0.8882986111111112 0.0634765625 0.13845833333333324
