0 0.53511328125 0.5885763888888889 0.06092968750000001 0.16601388888888893
0 0.22021484375 0.4595902777777777 0.05171093750000002 0.17712500000000003
0 0.30366796875 0.6301180555555556 0.060664062499999984 0.18515277777777786
0 0.49711718749999995 0.32081944444444443 0.05268749999999996 0.11891666666666667
0 0.50867578125 0.4392986111111111 0.052085937500000054 0.1527638888888889
0 0.68145703125 0.4476944444444445 0.05974218750000002 0.16550000000000004
0 0.97440625 0.6503402777777778 0.04699999999999989 0.19945833333333327
0 0.44321093749999996 0.3676319444444444 0.070015625 0.1181527777777778
2 0.8597929687499999 0.38917361111111115 0.03824218750000004 0.1662361111111111
1 0.8524453125000001 0.5231527777777777 0.04507812500000004 0.18083333333333332
