0 0.63805859375 0.41015972222222224 0.04266406250000001 0.1909861111111111
0 0.5406640625 0.8810763888888888 0.05846875000000003 0.23109722222222237
0 0.6814921875 0.7138541666666667 0.05242187500000002 0.23590277777777774
0 0.82614453125 0.7698541666666666 0.055601562499999965 0.18945833333333337
0 0.58766796875 0.5230902777777777 0.043367187499999994 0.20198611111111103
2 0.79319921875 0.47990972222222217 0.0644609375 0.1985694444444444
1 0.48198046874999995 0.43596527777777777 0.06844531250000001 0.18079166666666668
0 0.60734765625 0.6886805555555556 0.0565390625 0.25622222222222224
0 0.56986328125 0.8663749999999999 0.05682031250000001 0.24436111111111103
0 0.38792968749999995 0.7047638888888889 0.06303125000000001 0.22480555555555556
