0 0.5666718749999999 0.6370277777777777 0.05709375000000003 0.1809444444444444
0 0.30537109375 0.5056041666666667 0.04514843749999997 0.184375
0 0.34195703125000004 0.6304236111111111 0.04505468750000001 0.19151388888888896
0 0.38463671875 0.3468958333333333 0.04175781249999995 0.1460138888888889
0 0.35007031250000004 0.5547708333333333 0.052390625 0.1608194444444444
0 0.42790625000000004 0.43556944444444445 0.039078124999999984 0.15308333333333338
0 0.47906640624999997 0.8672916666666667 0.05630468750000004 0.19888888888888878
0 0.47017968749999994 0.3780902777777778 0.048484375000000045 0.14059722222222218
2 0.6124765625 0.3117569444444444 0.040328125000000006 0.1532638888888889
1 0.65023046875 0.47729861111111105 0.0635859375 0.12406944444444443
