0 0.7449140625 0.6166944444444444 0.055078125 0.16313888888888886
0 0.74662109375 0.4301875 0.042085937500000004 0.13295833333333335
2 0.890265625 0.2441875 0.031093749999999965 0.12193055555555558
2 0.519140625 0.9361875000000001 0.05139062499999998 0.127625
0 0.10997265625 0.6120625 0.0559453125 0.1722916666666666
0 0.19753515625 0.40873611111111113 0.038023437500000014 0.13683333333333333
0 0.38158984375 0.6290555555555556 0.053023437500000006 0.16544444444444445
0 0.3672578125 0.5067013888888888 0.037281249999999974 0.12690277777777778
0 0.3797421875 0.40947222222222224 0.039968749999999977 0.11327777777777782
2 0.41849609374999996 0.46981249999999997 0.03939843750000001 0.13698611111111111
0 0.38794140625 0.5151805555555555 0.03816406250000002 0.12927777777777782
0 0.4229375 0.6177638888888889 0.04870312499999998 0.13819444444444445
0 0.39857421875 0.4199861111111111 0.03150781250000003 0.13011111111111112
