0 0.71389453125 0.43034722222222227 0.0702109375 0.16986111111111113
0 0.69783203125 0.47293749999999996 0.06135156249999998 0.19043055555555558
0 0.6319296875 0.394625 0.07357812500000005 0.1621388888888889
0 0.6045742187500001 0.47197916666666667 0.04977343750000003 0.19934722222222218
2 0.41777734375 0.2456388888888889 0.04135156250000001 0.16402777777777777
0 0.7731406250000001 0.4602291666666667 0.053953125000000046 0.1707916666666667
1 0.5132734375 0.4396319444444445 0.075203125 0.1480972222222222
0 0.2196796875 0.5317430555555556 0.057015625000000014 0.2269861111111111
0 0.444125 0.8718055555555556 0.08537499999999998 0.2556944444444445
0 0.1998984375 0.6982847222222222 0.060078125 0.24237499999999998
