0 0.58555078125 0.6416041666666666 0.06396093750000001 0.1717916666666666
0 0.3064765625 0.5249305555555556 0.04959374999999997 0.17738888888888893
0 0.33079296874999997 0.6606736111111111 0.058429687500000015 0.1865694444444445
0 0.34169140625 0.36970138888888887 0.04175781249999999 0.1460138888888889
0 0.36875390625 0.5845208333333334 0.06075781249999999 0.182625
0 0.44016796874999997 0.4673194444444445 0.044632812499999994 0.16105555555555554
0 0.5005429687499999 0.8762152777777777 0.07472656249999998 0.21476388888888903
0 0.428640625 0.4023541666666667 0.04573437499999997 0.15343055555555554
2 0.59853515625 0.33257638888888885 0.040335937500000085 0.1532638888888889
1 0.6254062499999999 0.5060486111111111 0.06303125000000005 0.13395833333333332
