0 0.7667109375 0.6521805555555555 0.07434375000000007 0.16683333333333333
0 0.42348828124999993 0.8687291666666666 0.09958593749999997 0.18834722222222225
0 0.500515625 0.39056944444444447 0.041640624999999966 0.1608055555555556
0 0.38254687499999995 0.4916180555555556 0.072203125 0.15751388888888893
0 0.8179257812499999 0.7158055555555556 0.10300781249999993 0.14580555555555558
0 0.47828125000000005 0.4055416666666667 0.04907812500000004 0.18077777777777776
2 0.45185546875 0.25374305555555554 0.03530468750000004 0.1667361111111111
1 0.56155078125 0.3892569444444444 0.06616406249999995 0.15323611111111113
0 0.26624218749999995 0.5724097222222222 0.05501562500000001 0.17870833333333336
0 0.24026171875000002 0.6902013888888889 0.057710937500000004 0.1951805555555556
