2 0.7791484375 0.19797222222222224 0.03685937499999996 0.12997222222222224
0 0.11342578125 0.5617986111111111 0.055804687500000005 0.1414027777777778
1 0.8144453125 0.34545138888888893 0.056421874999999934 0.13993055555555559
0 0.00703125 0.5515763888888888 0.0140625 0.1268472222222222
0 0.47426562499999997 0.6705902777777778 0.07159374999999998 0.15437499999999996
0 0.8402499999999999 0.25521527777777775 0.04859374999999986 0.07454166666666669
0 0.6087890625 0.7895069444444444 0.07346874999999997 0.15631944444444454
0 0.57183203125 0.832923611111111 0.0904296875 0.16815277777777785
0 0.39734765625 0.8023819444444444 0.07105468750000003 0.15351388888888884
0 0.9154023437500001 0.6558125000000001 0.05541406250000005 0.1844305555555556
