2 0.841375 0.27413194444444444 0.04196875000000002 0.14029166666666665
0 0.816640625 0.5973888888888889 0.055109374999999974 0.1694722222222222
0 0.6207734375 0.6975 0.05625 0.20044444444444443
0 0.32405859374999996 0.3848333333333334 0.04967968749999998 0.12261111111111116
0 0.43991015625 0.4862083333333333 0.05236718749999998 0.17077777777777783
0 0.70753125 0.8394444444444444 0.09024999999999998 0.20172222222222225
0 0.16016406249999998 0.3738680555555556 0.05653124999999999 0.14451388888888886
0 0.743484375 0.35329166666666667 0.04296875 0.14547222222222222
0 0.84417578125 0.45563888888888887 0.05953906250000003 0.15463888888888894
1 0.97605078125 0.46992361111111114 0.04789843749999996 0.17626388888888891
