2 0.38637109374999995 0.9231666666666668 0.09138281249999998 0.15366666666666665
0 0.3568359375 0.41910416666666667 0.05412499999999998 0.12548611111111113
0 0.70189453125 0.2923263888888889 0.048539062499999994 0.11170833333333334
0 0.7512109375 0.7783194444444445 0.04925000000000006 0.1943055555555556
0 0.55937109375 0.41986805555555556 0.05785156249999997 0.12523611111111105
0 0.9686796875000001 0.34911111111111115 0.04181249999999999 0.10855555555555554
2 0.98235546875 0.4011666666666667 0.03528906250000006 0.14136111111111116
0 0.45415624999999993 0.42369444444444443 0.06556249999999997 0.11977777777777779
0 0.50130078125 0.8185833333333333 0.1123984375 0.158111111111111
0 0.71703125 0.2813472222222222 0.04607812500000001 0.10558333333333335
