0 0.7464257812499999 0.3997569444444445 0.04057031249999996 0.17123611111111114
0 0.6988515625 0.44459722222222225 0.05306249999999997 0.17377777777777778
0 0.66341015625 0.4065763888888889 0.06016406249999999 0.17893055555555554
0 0.6923515625000001 0.43263194444444447 0.04751562500000004 0.17265277777777774
2 0.49438671875000006 0.2629236111111111 0.03914843750000001 0.1554861111111111
0 0.8224492187500001 0.4640694444444444 0.05849218750000009 0.1800833333333333
1 0.5851796874999999 0.4608611111111111 0.06675000000000005 0.1290555555555555
0 0.39017578125 0.43988888888888894 0.053367187500000045 0.1993055555555556
0 0.6620742187499999 0.7171875 0.0606484375 0.19423611111111105
0 0.06898437500000001 0.6554583333333333 0.06734375000000001 0.21074999999999994
