0 0.74543359375 0.39775 0.04057031249999996 0.16966666666666663
0 0.7022109375 0.44568749999999996 0.055624999999999945 0.17737499999999998
0 0.65953125 0.4056597222222222 0.06107812499999996 0.17701388888888892
0 0.6904843749999999 0.4383888888888889 0.04449999999999994 0.17183333333333334
2 0.49624609374999995 0.2620416666666667 0.03880468749999997 0.15449999999999997
0 0.824203125 0.46211111111111114 0.056374999999999974 0.18127777777777784
1 0.58517578125 0.46008333333333334 0.06596093750000005 0.1299722222222222
0 0.40312109375 0.4437291666666667 0.054289062500000006 0.19859722222222223
0 0.64238671875 0.7231041666666667 0.06350781249999997 0.18801388888888898
0 0.08494140625 0.6686180555555555 0.0715546875 0.21218055555555554
