0 0.641984375 0.37710416666666663 0.03307812499999994 0.18273611111111115
0 0.63250390625 0.7059236111111111 0.07057031249999994 0.20459722222222215
0 0.710453125 0.6987152777777778 0.05835937500000003 0.2186527777777777
0 0.6972968749999999 0.6502152777777778 0.05218750000000005 0.1759861111111111
0 0.5848828125000001 0.4420486111111111 0.048562499999999974 0.1850138888888889
2 0.68189453125 0.36769444444444443 0.040382812499999955 0.17852777777777776
1 0.50559765625 0.40450694444444446 0.03697656250000003 0.167375
0 0.7995390625 0.6275555555555556 0.08346874999999994 0.18813888888888894
0 0.55916015625 0.6930625 0.0701171875 0.18598611111111116
0 0.2604609375 0.8650208333333335 0.0660625 0.2292361111111112
0 0.03701171875 0.9491111111111111 0.0740234375 0.10177777777777774
