0 0.5465234375 0.5943819444444445 0.0609375 0.1675138888888889
0 0.24221874999999998 0.45779861111111114 0.05134374999999998 0.1770972222222222
0 0.31875390625 0.625375 0.060101562500000004 0.18330555555555558
0 0.49622265624999995 0.3202777777777778 0.05192968750000002 0.11763888888888888
0 0.52338671875 0.44524305555555554 0.052132812499999924 0.15223611111111113
0 0.69253125 0.45029861111111114 0.05848437500000001 0.16662499999999997
0 0.976328125 0.6640694444444445 0.04734374999999993 0.1994444444444444
0 0.4479609375 0.3664861111111111 0.07170312499999998 0.11672222222222221
2 0.8663046874999999 0.3869722222222222 0.037812499999999895 0.16661111111111115
1 0.86084765625 0.5237291666666667 0.04544531250000006 0.17931944444444448
