2 0.6421875 0.32690277777777776 0.04196875000000002 0.14480555555555555
0 0.75157421875 0.603763888888889 0.06857031249999998 0.13538888888888884
0 0.49353515625 0.6424305555555556 0.062460937500000036 0.18694444444444447
0 0.22208984375 0.43047916666666663 0.052539062499999976 0.15723611111111113
0 0.40435156249999993 0.5159444444444444 0.04720312499999997 0.14227777777777778
0 0.73812109375 0.6649027777777778 0.07485156250000005 0.16311111111111118
0 0.01455078125 0.4862430555555556 0.0291015625 0.14448611111111115
0 0.3789296875 0.39290277777777777 0.048249999999999994 0.1382222222222222
0 0.46416015625 0.4235694444444445 0.0474609375 0.1519166666666667
1 0.7953320312500001 0.5275069444444445 0.06035156250000009 0.14415277777777774
