0 0.7046679687499999 0.7692708333333333 0.056367187499999985 0.20279166666666665
0 0.28569140625 0.3471111111111111 0.051820312500000035 0.1513333333333333
0 0.46584375 0.40447222222222223 0.05815625000000004 0.1335555555555556
2 0.73714453125 0.23853472222222222 0.04047656250000005 0.15081944444444442
0 0.76289453125 0.7897638888888889 0.07630468749999997 0.16713888888888886
1 0.8917695312500001 0.32645833333333335 0.056367187499999895 0.14561111111111116
0 0.23465625 0.9049305555555555 0.056656249999999984 0.1426388888888888
0 0.9128984375 0.7218958333333333 0.06842187499999994 0.15176388888888886
0 0.260078125 0.9323472222222222 0.07937499999999997 0.12947222222222227
0 0.8587421875000001 0.7589583333333334 0.05345312500000006 0.15763888888888897
