0 0.5674648437500001 0.6343055555555556 0.05702343750000001 0.17988888888888893
0 0.30851562499999996 0.5028472222222221 0.044984374999999986 0.1842777777777778
0 0.3464375 0.6255277777777778 0.044859374999999965 0.19013888888888894
0 0.39360156250000006 0.34352083333333333 0.04220312500000003 0.1450972222222222
0 0.35118359374999997 0.5513888888888889 0.051335937499999984 0.1596666666666667
0 0.43032421875000004 0.43118055555555557 0.03872656250000004 0.15258333333333332
0 0.4787968749999999 0.8657430555555556 0.05515625000000002 0.1979027777777778
0 0.47919140625 0.37509027777777776 0.04866406249999997 0.13979166666666665
2 0.61803515625 0.3086111111111111 0.04021093750000002 0.1529722222222222
1 0.65733203125 0.4739097222222223 0.0637734375 0.12270833333333328
