0 0.73251953125 0.5378333333333334 0.05817968750000002 0.15325000000000005
0 0.49291015624999995 0.4305555555555556 0.04908593750000003 0.13275000000000006
0 0.57890234375 0.5179444444444444 0.05842968749999997 0.1564444444444444
0 0.723625 0.2952430555555555 0.05768749999999993 0.1267361111111111
0 0.48837109375 0.4899236111111111 0.04305468750000001 0.16904166666666673
0 0.2967265625 0.2880138888888889 0.05093750000000004 0.12925
0 0.61658984375 0.35910416666666667 0.04710156249999997 0.14215277777777782
0 0.29801171875 0.6531597222222222 0.058585937500000004 0.1726527777777777
0 0.5147304687500001 0.8090555555555555 0.08547656249999998 0.19788888888888892
0 0.8087851562499999 0.35627777777777775 0.0606484375 0.1391388888888889
2 0.2597734375 0.9606041666666667 0.057734374999999984 0.07879166666666669
2 0.8880898437500001 0.24602777777777776 0.038304687499999976 0.14894444444444443
1 0.95201953125 0.42259027777777775 0.05021093749999998 0.12343055555555556
