0 0.040671875 0.9175694444444444 0.069140625 0.16486111111111118
2 0.75040234375 0.1925277777777778 0.03939843750000005 0.13249999999999998
0 0.27802734375 0.5017708333333333 0.07360156250000002 0.14423611111111106
1 0.76083984375 0.34486805555555555 0.061585937499999945 0.15731944444444446
0 0.159296875 0.594 0.05843750000000001 0.16694444444444442
0 0.44995312500000006 0.5791736111111111 0.05759374999999993 0.12620833333333334
0 0.784421875 0.26035416666666666 0.04859375000000003 0.07454166666666664
0 0.6194453125 0.7940416666666668 0.06323437500000004 0.14086111111111105
0 0.5964335937499999 0.7999444444444445 0.06380468749999997 0.15024999999999994
0 0.13351171875 0.7710138888888889 0.0718828125 0.20436111111111116
0 0.8850156250000001 0.6612013888888889 0.056375000000000064 0.17343055555555556
