0 0.73809765625 0.42825 0.05286718750000006 0.15822222222222224
0 0.737890625 0.563048611111111 0.059578124999999996 0.1879027777777778
0 0.51491015625 0.3879791666666667 0.051132812499999944 0.13537499999999997
0 0.68537890625 0.4734583333333333 0.0630859375 0.16561111111111113
2 0.43672265625 0.2532916666666667 0.04335156250000001 0.1556111111111111
0 0.79834765625 0.4487986111111111 0.05669531250000004 0.17712499999999995
1 0.54401953125 0.45229166666666665 0.07152343749999997 0.13375
0 0.38916796875 0.4560208333333334 0.05442968750000001 0.18862500000000001
0 0.524 0.8599791666666666 0.07273437500000002 0.2397638888888889
0 0.13826953125000002 0.8501319444444445 0.08105468750000001 0.219625
