2 0.6779453125 0.3199652777777778 0.04571874999999999 0.13937500000000003
0 0.7715234375 0.6144166666666666 0.07271874999999994 0.14977777777777782
0 0.51764453125 0.6696041666666667 0.0661171875 0.18920833333333337
0 0.2437421875 0.41542361111111115 0.045500000000000006 0.14729166666666665
0 0.39815625 0.5067013888888888 0.04515624999999997 0.15326388888888892
0 0.7651796875000001 0.7430416666666667 0.07259375000000005 0.18891666666666665
0 0.038734375 0.4544930555555556 0.048718750000000005 0.14448611111111107
0 0.46296875000000004 0.39897916666666666 0.051171875 0.13698611111111111
0 0.5620625 0.44073611111111116 0.045656249999999954 0.16141666666666662
1 0.8359335937499999 0.5215972222222223 0.06625781250000014 0.1508611111111111
