0 0.23769921875 0.2871875 0.0540546875 0.13787500000000005
0 0.23062109375 0.43874305555555554 0.06602343749999999 0.12923611111111113
0 0.8066132812500001 0.8943472222222223 0.0956015625000001 0.21130555555555552
0 0.659265625 0.3521527777777778 0.05162499999999994 0.11875
0 0.611328125 0.27859027777777773 0.04834375000000009 0.09962499999999999
0 0.1874765625 0.5329513888888889 0.06225000000000001 0.14448611111111115
0 0.50675 0.5975138888888889 0.07123437500000004 0.15513888888888888
0 0.7614726562499999 0.42259027777777775 0.0720703125 0.12287500000000004
2 0.018875 0.6740694444444444 0.03775 0.1876944444444444
1 0.0760546875 0.3990138888888889 0.081140625 0.13111111111111112
