0 0.77675 0.6405000000000001 0.07806250000000006 0.16813888888888898
0 0.37576953125 0.8667499999999999 0.10627343749999998 0.19405555555555543
0 0.4861328125 0.39145833333333335 0.041640624999999966 0.16080555555555556
0 0.36159375000000005 0.48234722222222215 0.07442187500000004 0.15044444444444444
0 0.8290820312499999 0.6979444444444444 0.10449218749999992 0.1497499999999999
0 0.46675000000000005 0.41015972222222224 0.05032812499999997 0.18123611111111113
2 0.45036718750000004 0.25925 0.03679687500000002 0.16805555555555557
1 0.54990234375 0.39453472222222224 0.06616406250000004 0.15323611111111113
0 0.2534765625 0.5702013888888889 0.055265625000000006 0.18665277777777775
0 0.21373437499999998 0.6738958333333334 0.05771875 0.1951805555555556
