0 0.731625 0.4150138888888889 0.045968750000000023 0.17516666666666666
0 0.6902539062499999 0.4660069444444444 0.055242187500000026 0.1614305555555555
0 0.65779296875 0.4039861111111111 0.05374218749999997 0.17950000000000002
0 0.64258203125 0.40775 0.052101562500000045 0.16486111111111112
2 0.45751953125 0.25781944444444443 0.04135156250000005 0.16194444444444445
0 0.78585546875 0.4652013888888889 0.05700781250000011 0.17234722222222226
1 0.550796875 0.45816666666666667 0.08153125000000001 0.12769444444444444
0 0.28151953125 0.4198402777777777 0.05594531249999997 0.18793055555555555
0 0.7035781249999999 0.7293125 0.07196875 0.2093194444444445
0 0.10510546875 0.9539375000000001 0.0754921875 0.09212500000000005
