0 0.8598906249999999 0.5185347222222223 0.05596875000000008 0.13995833333333338
0 0.583390625 0.41479861111111105 0.05212500000000002 0.14090277777777777
0 0.7399023437500001 0.4968958333333333 0.06205468749999996 0.14212499999999997
0 0.8995312500000001 0.3255486111111111 0.05768749999999993 0.12673611111111108
0 0.5471484375 0.49030555555555555 0.054781250000000004 0.15730555555555553
0 0.5160351562500001 0.28668055555555555 0.045804687499999996 0.12658333333333333
0 0.6968046875 0.35004166666666664 0.054546875000000036 0.1371111111111111
0 0.42994921875000003 0.6125138888888889 0.06388281250000002 0.15977777777777774
0 0.47202343750000003 0.7938194444444444 0.08614062500000008 0.1961111111111111
0 0.9715351562500001 0.3966041666666667 0.04772656249999994 0.14118055555555556
2 0.4024296875 0.9502083333333333 0.057734374999999935 0.0995833333333334
