0 0.51996875 0.699513888888889 0.06674999999999995 0.16611111111111115
0 0.22858984375000002 0.3123958333333333 0.052820312499999966 0.12251388888888887
2 0.7969375 0.15379861111111112 0.039406249999999955 0.14240277777777777
0 0.5837890625 0.3244375 0.06565624999999997 0.14279166666666668
1 0.8096562500000001 0.29659722222222223 0.06418750000000006 0.15922222222222224
0 0.66866015625 0.6359375 0.07400781250000002 0.1840138888888889
0 0.44850781249999994 0.4501597222222222 0.06653124999999997 0.13790277777777774
0 0.8511914062500001 0.25350694444444444 0.05586718749999999 0.0666527777777778
0 0.48694140625 0.871375 0.06011718750000004 0.1399722222222222
0 0.054035156249999994 0.5463611111111111 0.0592421875 0.1638333333333334
0 0.45055468750000005 0.8902847222222222 0.07053124999999998 0.14581944444444445
