0 0.64149609375 0.7693402777777777 0.05636718750000007 0.20279166666666656
0 0.21358984374999998 0.37355555555555553 0.05244531249999997 0.15866666666666665
0 0.33292578125 0.4406319444444444 0.0675390625 0.13737499999999997
2 0.636484375 0.23923611111111112 0.042984374999999984 0.14855555555555555
0 0.6945937499999999 0.7772083333333332 0.07857812500000003 0.19016666666666662
1 0.7891054687500001 0.3287777777777778 0.06144531250000007 0.14561111111111108
0 0.12532421875 0.9443194444444446 0.07060156249999999 0.11136111111111104
0 0.8222929687499999 0.7280069444444444 0.061742187499999976 0.15176388888888886
0 0.16504296875 0.9493125 0.05299218749999999 0.101375
0 0.77598828125 0.7768402777777779 0.047585937500000064 0.12795833333333334
