0 0.749484375 0.6465833333333333 0.05710937500000002 0.1791944444444444
0 0.7467890625 0.41825694444444445 0.038687499999999986 0.14579166666666665
2 0.8841328125000001 0.23609722222222224 0.026765624999999994 0.1308888888888889
2 0.473625 0.9327986111111112 0.062234375000000064 0.13440277777777776
0 0.0455625 0.6135277777777778 0.05481250000000001 0.18277777777777782
0 0.15031640625 0.3946388888888889 0.03553906250000001 0.13613888888888886
0 0.38007421875 0.6479583333333333 0.04447656250000005 0.15713888888888894
0 0.29251562499999995 0.5291875 0.04431249999999998 0.12943055555555555
0 0.38572265625 0.38190972222222225 0.041007812500000004 0.11451388888888887
2 0.39522265624999997 0.4600069444444445 0.04222656249999997 0.14715277777777777
0 0.29490625000000004 0.544673611111111 0.04831249999999998 0.16270833333333337
0 0.40598828124999997 0.6824027777777778 0.04688281249999995 0.17225000000000004
0 0.33189843750000003 0.40210416666666665 0.045062500000000005 0.133875
