0 0.9849179687500002 0.4490277777777778 0.030164062499999922 0.12394444444444445
0 0.727953125 0.5755138888888889 0.06139062500000003 0.15249999999999994
0 0.463875 0.41065972222222225 0.06035937499999999 0.1279861111111111
0 0.47746875000000005 0.5112430555555556 0.05553125000000003 0.1555416666666666
2 0.6021171875 0.21999305555555557 0.03965624999999999 0.14262500000000003
0 0.9224335937500001 0.6260347222222222 0.0671796875 0.17676388888888886
1 0.7250703125 0.35238888888888886 0.06143749999999999 0.14561111111111108
0 0.3763515625 0.7352708333333333 0.07925000000000004 0.1725416666666667
0 0.7545546875 0.7897430555555556 0.04162499999999998 0.1160972222222221
0 0.36148828125 0.8345486111111111 0.06105468749999998 0.22201388888888876
0 0.73447265625 0.8118819444444445 0.05753906250000007 0.09956944444444436
