0 0.2925390625 0.28225 0.05479687499999999 0.12830555555555556
0 0.27329296875 0.4133958333333333 0.06602343749999999 0.12923611111111113
0 0.8928359374999999 0.8837777777777777 0.09560937499999991 0.22247222222222215
0 0.73867578125 0.3482291666666667 0.048789062500000036 0.11873611111111117
0 0.7016875 0.2883263888888889 0.045218749999999995 0.09793055555555555
0 0.18012109375000002 0.5114791666666666 0.06755468750000002 0.13923611111111112
0 0.63973828125 0.6321597222222222 0.07532031250000007 0.18187499999999998
0 0.8271328125 0.4243194444444444 0.06009375000000006 0.12772222222222226
2 0.09299609375 0.6728055555555555 0.0493046875 0.20519444444444437
1 0.09801171875 0.4243472222222222 0.0677265625 0.12611111111111112
