0 0.59734765625 0.6444652777777777 0.06824218750000002 0.16606944444444435
0 0.31399218749999996 0.5332291666666666 0.05489062500000004 0.16809722222222218
0 0.33176953124999997 0.6724166666666667 0.06696093749999998 0.18083333333333332
0 0.32632812499999997 0.3786388888888889 0.041921874999999977 0.1498611111111111
0 0.38990234375000005 0.5951458333333334 0.06525781250000003 0.190375
0 0.4574140625 0.4819583333333333 0.04907812499999995 0.1636388888888889
0 0.5220703125 0.8743194444444444 0.07992187499999996 0.22141666666666676
0 0.41499218750000005 0.41401388888888896 0.04520312500000001 0.15875
2 0.60096875 0.3445138888888889 0.041343750000000054 0.15355555555555553
1 0.61906640625 0.5217430555555556 0.06346093750000001 0.14156944444444444
