0 0.27452734375 0.7176180555555555 0.049710937499999996 0.2050138888888889
0 0.45959374999999997 0.8147083333333333 0.06498437499999996 0.1862777777777778
0 0.61175 0.3694513888888889 0.044187500000000046 0.1439861111111111
0 0.57098828125 0.7819166666666667 0.07238281250000007 0.18686111111111114
0 0.22105468749999999 0.7613402777777777 0.06582812499999999 0.19904166666666676
0 0.6558320312499999 0.39513194444444444 0.05130468749999997 0.12804166666666664
2 0.41782421875000003 0.21555555555555553 0.03277343749999995 0.12808333333333333
1 0.65180859375 0.3527361111111111 0.0590859375 0.13499999999999998
0 0.0733359375 0.582375 0.06124999999999999 0.17180555555555563
0 0.44500781249999993 0.8901388888888888 0.07625000000000001 0.15422222222222218
