0 0.76921484375 0.649263888888889 0.07527343750000001 0.1671666666666666
0 0.41155859375000003 0.8682291666666667 0.10125781250000002 0.18976388888888904
0 0.4969140625 0.39079166666666665 0.041640625000000056 0.16080555555555556
0 0.37730859375 0.4892986111111111 0.07275781249999999 0.1557361111111111
0 0.8207109375 0.7113402777777778 0.10337500000000004 0.14679166666666665
0 0.4753984375 0.40670138888888885 0.04939062500000002 0.18090277777777777
2 0.45148046875 0.25511805555555556 0.03567968750000006 0.16706944444444446
1 0.558640625 0.39057638888888896 0.06615624999999996 0.1532361111111111
0 0.26305078125 0.5718541666666667 0.055085937499999994 0.18070833333333336
0 0.23362890625000002 0.686125 0.057710937500000004 0.19516666666666665
