0 0.633515625 0.632625 0.07532812499999997 0.16944444444444445
0 0.35964453125 0.5031597222222222 0.07403906250000003 0.14762500000000003
0 0.37720312500000003 0.6426527777777777 0.0643125 0.16652777777777775
0 0.3990078125 0.3551666666666667 0.05214062500000001 0.14033333333333337
0 0.5425078125 0.5408402777777778 0.06990625000000002 0.16165277777777784
0 0.6056679687500001 0.48834722222222227 0.0571328125 0.16011111111111107
0 0.7233515625 0.7926041666666666 0.06851562500000004 0.2202361111111112
0 0.47547265625 0.4006111111111111 0.0689453125 0.1541388888888889
2 0.750796875 0.3682986111111111 0.03960937500000004 0.16379166666666664
1 0.7451992187500001 0.5364861111111111 0.05530468749999997 0.1546111111111111
