0 0.5879140625 0.6421805555555555 0.06481250000000002 0.17063888888888884
0 0.3066171875 0.5273472222222222 0.05015624999999999 0.1765277777777778
0 0.3293984375 0.6644513888888889 0.06009374999999997 0.1859583333333334
0 0.3363203125 0.3725555555555556 0.04176562500000003 0.14600000000000002
0 0.37108984375 0.5882291666666666 0.06180468749999997 0.18534722222222222
0 0.44169921875 0.4712847222222223 0.045320312499999994 0.1620416666666667
0 0.50323046875 0.8773333333333334 0.07702343749999993 0.21675000000000008
0 0.423453125 0.40539583333333334 0.04539062500000002 0.15504166666666666
2 0.5967890625000001 0.33518055555555554 0.040328125000000006 0.15325
1 0.6223046875 0.5096458333333334 0.06295312500000003 0.13520833333333337
