0 0.37912500000000005 0.36725694444444446 0.057125 0.1557638888888889
0 0.4907421875 0.4271875 0.05409375000000001 0.14487500000000003
0 0.44995703125 0.5364930555555555 0.055367187500000005 0.13259722222222217
0 0.6728828124999999 0.4440208333333334 0.06606250000000005 0.153375
0 0.41431640625000005 0.44943750000000005 0.05953906249999994 0.14859722222222216
0 0.11940625 0.4268194444444445 0.05753125 0.16522222222222224
0 0.3184765625 0.47022916666666664 0.05242187499999997 0.14629166666666674
0 0.78261328125 0.5847361111111111 0.06535156249999999 0.18127777777777776
2 0.92196484375 0.3153611111111111 0.046195312500000085 0.1621388888888889
0 0.9391484375000001 0.41120833333333334 0.06650000000000009 0.1520277777777778
