0 0.71622265625 0.4294027777777778 0.06969531250000002 0.16061111111111112
0 0.6983515625 0.47939583333333335 0.06135937499999997 0.1720694444444444
0 0.6242109375 0.39647222222222217 0.06023437499999993 0.1667777777777778
0 0.6019960937500001 0.47154166666666664 0.049789062499999925 0.19294444444444447
2 0.41216796875000006 0.24236805555555554 0.04135156249999996 0.16893055555555556
0 0.7648710937500001 0.4584097222222222 0.0581015625 0.17081944444444447
1 0.50501953125 0.4513541666666667 0.08155468749999999 0.14401388888888889
0 0.16637890624999999 0.5135277777777778 0.07167968749999998 0.223
0 0.42639453125000004 0.8694097222222221 0.0915078125 0.2588194444444445
0 0.1113984375 0.7077222222222221 0.060078124999999996 0.24236111111111103
