0 0.7464765625 0.6152569444444445 0.05379687500000001 0.16212500000000002
0 0.74766796875 0.4301666666666667 0.042320312500000054 0.13213888888888894
2 0.8915859375 0.24449305555555556 0.03137499999999989 0.12134722222222223
2 0.5224921874999999 0.9363888888888889 0.05192187500000003 0.12722222222222226
0 0.11467578125 0.6115833333333334 0.0559921875 0.17180555555555554
0 0.20051171874999998 0.4095625 0.03821093750000002 0.13684722222222218
0 0.3828984375 0.6274375 0.053234374999999945 0.16590277777777784
0 0.37212500000000004 0.5049305555555555 0.036765625 0.12672222222222224
0 0.38245703125 0.4105972222222222 0.03736718750000003 0.11319444444444444
2 0.42177734375 0.4685277777777778 0.03903906250000002 0.13633333333333336
0 0.39407031249999996 0.513 0.03829687499999999 0.12694444444444442
0 0.42427343749999996 0.6138125 0.048968749999999964 0.13587500000000005
0 0.40262890625000003 0.42077083333333337 0.030617187500000042 0.1298194444444444
