2 0.65512109375 0.32960416666666664 0.04728906250000007 0.1394027777777778
0 0.7648867187499999 0.6159375 0.07389843749999994 0.14348611111111112
0 0.49771484375 0.6610416666666667 0.06702343750000006 0.18899999999999997
0 0.23274609374999997 0.42675694444444445 0.047992187500000005 0.1592638888888889
0 0.39731250000000007 0.5108611111111111 0.043781250000000015 0.1456388888888889
0 0.76722265625 0.7118819444444445 0.08057031249999991 0.1705416666666667
0 0.02222265625 0.47508333333333336 0.0444453125 0.1444722222222222
0 0.41523828125 0.40508333333333335 0.05546093750000001 0.13419444444444448
0 0.50959765625 0.4333611111111111 0.0470703125 0.15666666666666668
1 0.81434765625 0.5329236111111112 0.0641484375000001 0.14418055555555556
