0 0.71298046875 0.5422986111111111 0.056398437500000044 0.15326388888888892
0 0.47426953125000004 0.4318333333333333 0.04908593750000003 0.13274999999999998
0 0.5545234375 0.5211458333333334 0.05842187499999998 0.15512499999999999
0 0.696375 0.29334027777777777 0.05768749999999993 0.12673611111111108
0 0.47223437500000004 0.4930972222222222 0.04090625000000001 0.16519444444444445
0 0.2578203125 0.2880138888888889 0.049875000000000023 0.12925
0 0.5993789062499999 0.3597430555555555 0.04710156250000006 0.14215277777777777
0 0.27219921875 0.6620833333333334 0.058585937500000004 0.1726388888888889
0 0.5128515625000001 0.8138611111111111 0.08151562500000002 0.19788888888888892
0 0.7820703124999999 0.3508611111111111 0.056703124999999945 0.13850000000000004
2 0.23467578125 0.9644305555555556 0.05772656249999999 0.07113888888888893
2 0.8624492187499999 0.24858333333333332 0.03794531249999995 0.14766666666666667
1 0.9288945312500001 0.42321527777777773 0.052726562500000004 0.12343055555555556
