0 0.20466796875 0.8756597222222221 0.06824218749999997 0.227625
0 0.024542968749999998 0.5520763888888889 0.049085937499999996 0.13673611111111117
2 0.7800625 0.18130555555555558 0.039406250000000045 0.1325
0 0.42153515625000004 0.4541944444444444 0.06763281250000004 0.1555277777777778
1 0.80561328125 0.32702777777777775 0.06477343750000006 0.14877777777777773
0 0.34137890625 0.5784166666666667 0.06764843749999998 0.14266666666666664
0 0.49865624999999997 0.5349166666666666 0.052031250000000015 0.14219444444444443
0 0.8160546875 0.25645833333333334 0.04998437500000001 0.07455555555555557
0 0.64844921875 0.8017777777777777 0.05647656249999997 0.1271111111111111
0 0.62391796875 0.8029444444444445 0.052335937500000006 0.14766666666666659
0 0.04398046875 0.7492222222222221 0.0803671875 0.20413888888888884
0 0.9422656249999999 0.65525 0.05876562500000002 0.16355555555555554
