0 0.9682343750000001 0.4308333333333333 0.05840624999999999 0.1202777777777778
0 0.7763632812499999 0.5287361111111111 0.06696093749999994 0.14819444444444452
0 0.5782187499999999 0.41249305555555554 0.060640625000000004 0.12526388888888884
0 0.5695781249999999 0.4802152777777778 0.05704687500000007 0.14162500000000003
2 0.5846328125 0.20660416666666667 0.03965624999999999 0.142625
0 0.9648632812500001 0.5574861111111111 0.07027343750000004 0.16780555555555554
1 0.702703125 0.35068055555555555 0.06143749999999999 0.14561111111111116
0 0.41006640625 0.6468263888888889 0.06133593749999999 0.15595833333333337
0 0.7036953125000001 0.8230416666666666 0.04712499999999995 0.1224444444444444
0 0.4334843749999999 0.773888888888889 0.06299999999999999 0.21288888888888893
0 0.71271875 0.8246041666666666 0.06118750000000004 0.12245833333333328
