0 0.6597890625 0.49959722222222225 0.09117187500000004 0.15786111111111115
0 0.54330859375 0.23231249999999998 0.05158593750000007 0.1425972222222222
0 0.64628125 0.6222986111111111 0.06782812499999995 0.19073611111111116
2 0.4571640625000001 0.16089583333333332 0.04132812499999998 0.1262638888888889
0 0.5244375 0.2561319444444444 0.04679687499999998 0.1872916666666667
1 0.60616796875 0.3458055555555556 0.07666406249999999 0.19669444444444448
0 0.656546875 0.6815347222222222 0.06831250000000004 0.1668472222222222
0 0.24172656249999996 0.4594375 0.08067187500000003 0.17918055555555554
0 0.6511015625 0.2765277777777778 0.06193749999999998 0.09719444444444443
0 0.0215546875 0.8518194444444444 0.043109375 0.24002777777777784
