0 0.63691015625 0.40910416666666666 0.03744531250000005 0.18493055555555557
0 0.61305859375 0.8398263888888888 0.06013281250000002 0.23051388888888877
0 0.6880468750000001 0.7142013888888887 0.050390625 0.23076388888888885
0 0.7947109375 0.7369097222222223 0.059609375000000055 0.22926388888888888
0 0.57190234375 0.5033958333333334 0.04936718749999995 0.20981944444444445
2 0.74914453125 0.43961111111111106 0.06803906250000002 0.18938888888888886
1 0.48291015625 0.43728472222222226 0.05011718750000007 0.18334722222222224
0 0.6765117187499999 0.6556458333333334 0.06288281249999991 0.20854166666666663
0 0.6148359375 0.8049097222222221 0.06118749999999995 0.2172638888888889
0 0.3328671875 0.7662083333333333 0.06168750000000003 0.2259166666666667
