0 0.10304296875 0.9041111111111112 0.0718828125 0.19177777777777782
2 0.76195703125 0.1882777777777778 0.03939843749999996 0.13249999999999998
0 0.33453906250000004 0.48726388888888894 0.076515625 0.15577777777777782
1 0.77478515625 0.33919444444444447 0.0631796875000001 0.15305555555555553
0 0.22159374999999998 0.5923680555555555 0.06393750000000001 0.16226388888888896
0 0.46928125 0.5653680555555556 0.05800000000000001 0.13543055555555555
0 0.797171875 0.2596458333333333 0.04859375000000003 0.07454166666666664
0 0.63059765625 0.7970208333333334 0.06063281250000001 0.13556944444444446
0 0.6114375 0.8010972222222221 0.05053125000000005 0.14925000000000005
0 0.09308593750000001 0.7664027777777777 0.080234375 0.20788888888888882
0 0.90314453125 0.6594375 0.057570312499999866 0.1684861111111112
