0 0.720453125 0.4255555555555555 0.06409375000000006 0.15883333333333333
0 0.700171875 0.4763541666666667 0.06135937499999997 0.16851388888888888
0 0.6214296875 0.39647222222222217 0.054671874999999925 0.1667777777777778
0 0.60321875 0.46472222222222226 0.049796875000000004 0.19172222222222224
2 0.41226171874999995 0.2418263888888889 0.04135156249999996 0.16973611111111112
0 0.76499609375 0.45805555555555555 0.05547656249999999 0.17083333333333334
1 0.5064375 0.45443055555555556 0.08075000000000002 0.14038888888888895
0 0.13532031249999998 0.4975625 0.067359375 0.2131527777777778
0 0.43908203125 0.8646111111111111 0.08863281249999999 0.2611111111111111
0 0.0541484375 0.7146180555555556 0.060078125 0.24237499999999998
