2 0.77442578125 0.28495833333333337 0.041976562500000016 0.14030555555555557
0 0.79094140625 0.5994444444444444 0.0615234375 0.16447222222222224
0 0.5889765625 0.6897708333333333 0.05959374999999998 0.1956805555555556
0 0.29084374999999996 0.3806388888888889 0.046656249999999976 0.12561111111111106
0 0.41791406249999996 0.48918750000000005 0.050359374999999984 0.1678194444444444
0 0.728953125 0.8147708333333333 0.07753124999999991 0.20709722222222224
0 0.11305468749999999 0.3914930555555556 0.048328124999999986 0.14451388888888886
0 0.64398046875 0.36727777777777776 0.043679687499999974 0.14350000000000002
0 0.7466523437499999 0.44637499999999997 0.05932031249999996 0.15433333333333335
1 0.9167695312500002 0.4829236111111111 0.058601562499999996 0.17101388888888888
