0 0.5268984375000001 0.5835416666666666 0.06100000000000003 0.16538888888888886
0 0.20206640625 0.4616875 0.05185156249999998 0.17698611111111112
0 0.2910078125 0.6346388888888889 0.06117187500000001 0.1873055555555556
0 0.49647265625000003 0.32222222222222224 0.05353906249999998 0.12019444444444444
0 0.49605078124999996 0.4350347222222223 0.05222656250000002 0.15365277777777778
0 0.6713828125 0.4460972222222222 0.06067187500000006 0.16486111111111118
0 0.97231640625 0.6384444444444445 0.04700781250000006 0.19944444444444448
0 0.44037500000000007 0.36915972222222226 0.06779687500000006 0.12045833333333336
2 0.8539843749999999 0.3912708333333334 0.038671875 0.16584722222222226
1 0.8447734375 0.5232152777777779 0.044937499999999984 0.18173611111111107
