0 0.7538750000000001 0.3939583333333333 0.05623437500000002 0.14402777777777775
0 0.71180078125 0.44015972222222216 0.050851562500000023 0.17004166666666667
0 0.643515625 0.3718263888888889 0.059968749999999994 0.15093055555555557
0 0.61401953125 0.4364930555555555 0.05060156250000007 0.17973611111111115
2 0.44940625 0.21005555555555558 0.04093750000000007 0.16008333333333333
0 0.8226015625 0.43089583333333337 0.050078125000000015 0.15293055555555557
1 0.54933203125 0.4041041666666667 0.06539843750000003 0.16118055555555558
0 0.30607421874999996 0.5085833333333334 0.05628906250000001 0.17408333333333337
0 0.5176796875 0.8338125000000001 0.07396875000000006 0.18676388888888892
0 0.363671875 0.6618125 0.07074999999999995 0.17443055555555553
