2 0.3810234375 0.9228680555555554 0.08001562499999997 0.15426388888888895
0 0.34846484375 0.42238194444444443 0.0567890625 0.1296527777777778
0 0.6801445312500001 0.29351388888888885 0.04517968750000003 0.10930555555555557
0 0.7374804687500001 0.778625 0.047226562500000034 0.19611111111111118
0 0.5436328125000001 0.4216666666666667 0.053156249999999974 0.12883333333333333
0 0.9555937499999999 0.3461388888888889 0.046421874999999876 0.10855555555555559
2 0.967 0.4026527777777778 0.05142187500000013 0.1413611111111111
0 0.44378515625000003 0.42578472222222224 0.06624218750000006 0.12159722222222216
0 0.49661328125 0.8206666666666667 0.10302343750000001 0.16227777777777766
0 0.6923515625000001 0.28358333333333335 0.04607812500000001 0.10558333333333335
