0 0.96782421875 0.4119166666666667 0.04446093750000006 0.1315
2 0.3630703125 0.9259166666666668 0.05598437500000002 0.14816666666666659
0 0.27603125 0.4485763888888889 0.05660937500000003 0.13518055555555553
0 0.53244140625 0.2955763888888889 0.04182031249999998 0.10693055555555557
0 0.6512265625 0.7764305555555555 0.04520312500000001 0.19791666666666666
0 0.44394140625 0.44208333333333333 0.04597656249999993 0.13613888888888886
0 0.8664765625000002 0.34604861111111107 0.05103124999999995 0.10415277777777775
2 0.8397851562499999 0.41180555555555554 0.049070312499999956 0.13736111111111107
0 0.37185546875000003 0.4490833333333334 0.047320312499999996 0.13686111111111113
0 0.46781640625000004 0.8457013888888889 0.07522656250000007 0.1887361111111111
0 0.5854804687499999 0.2899027777777778 0.04646093750000002 0.10388888888888886
