0 0.7247734375 0.42136111111111113 0.0578125 0.15883333333333335
0 0.702140625 0.4714583333333333 0.06135937499999997 0.16852777777777783
0 0.620453125 0.39647222222222217 0.052718749999999925 0.1667777777777778
0 0.6051875 0.45702777777777776 0.049796875000000004 0.19172222222222218
2 0.41625781249999994 0.24310416666666665 0.04134374999999997 0.1678194444444444
0 0.76695703125 0.45805555555555555 0.05155468750000001 0.17083333333333334
1 0.51459765625 0.451875 0.07497656249999993 0.13672222222222222
0 0.1291015625 0.4826597222222222 0.066734375 0.2099861111111111
0 0.4780546875000001 0.8577777777777776 0.08764062499999996 0.26302777777777775
0 0.0207578125 0.7165833333333335 0.041515625 0.2423611111111112
