0 0.34769921875 0.3441597222222222 0.0722109375 0.14509722222222218
0 0.447828125 0.37972916666666673 0.06364062500000003 0.12520833333333334
0 0.540640625 0.576138888888889 0.060531250000000016 0.16066666666666668
0 0.6985390625000001 0.40950000000000003 0.04775 0.1586111111111111
0 0.4836484375 0.42310416666666667 0.05954687499999993 0.15826388888888893
0 0.10804687500000001 0.42679861111111106 0.0551875 0.13068055555555552
0 0.41988281250000004 0.47138888888888886 0.04507812499999995 0.1453888888888889
0 0.68211328125 0.544125 0.08121093750000004 0.14297222222222222
2 0.9023789062500001 0.3347361111111111 0.046195312499999905 0.1621388888888889
0 0.9834726562499998 0.4086944444444444 0.03127343749999998 0.17316666666666672
