0 0.69942578125 0.2750902777777778 0.03533593750000001 0.15048611111111115
0 0.5886914062499999 0.23323611111111112 0.0392578125 0.15330555555555556
0 0.6907421874999999 0.47925 0.06618750000000002 0.1588055555555556
2 0.24746484375 0.24665277777777778 0.0442890625 0.1446388888888889
0 0.783140625 0.5736874999999999 0.06998437500000003 0.16604166666666667
0 0.3752421875 0.3665833333333333 0.06276562500000002 0.14019444444444448
0 0.66990234375 0.34928472222222223 0.03789843749999999 0.15768055555555555
0 0.9890195312500001 0.28430555555555553 0.021960937499999923 0.1338888888888889
0 0.63338671875 0.2871666666666667 0.044882812500000036 0.13627777777777778
0 0.987953125 0.6948124999999999 0.024093749999999935 0.19690277777777776
