0 0.39060937500000004 0.372375 0.057218750000000006 0.1593888888888889
0 0.523921875 0.4429305555555555 0.058921875000000054 0.15372222222222223
0 0.43957031250000006 0.5367083333333333 0.06043750000000001 0.13299999999999998
0 0.69737890625 0.4594375 0.06746093750000001 0.15626388888888887
0 0.42605078125 0.45635416666666667 0.05953906250000003 0.14859722222222224
0 0.14248828125 0.4327708333333334 0.057398437499999996 0.16720833333333335
0 0.30285937500000004 0.4743611111111111 0.055765625 0.14497222222222222
0 0.8525664062499999 0.5968958333333333 0.06127343750000005 0.1859027777777778
2 0.9505156249999999 0.3130902777777778 0.04232812500000005 0.15812500000000004
0 0.9501015625000001 0.4190416666666667 0.06478124999999987 0.14555555555555558
