0 0.5895117187500001 0.6117083333333333 0.09663281249999996 0.1821111111111111
0 0.29250390625 0.24145833333333333 0.0507265625 0.1068611111111111
0 0.85574609375 0.6493611111111111 0.06422656250000003 0.18716666666666656
2 0.55968359375 0.1748888888888889 0.046164062500000026 0.1562222222222222
0 0.4944960937499999 0.28374305555555557 0.05321093750000001 0.15979166666666664
1 0.6041796875000001 0.3359166666666667 0.06970312500000002 0.18300000000000002
0 0.69713671875 0.7128333333333333 0.0887734375 0.22316666666666676
0 0.25584765625 0.4514861111111112 0.0692890625 0.1658888888888889
0 0.6436132812500001 0.29743055555555553 0.054960937500000015 0.06394444444444443
0 0.24166015624999998 0.7916388888888889 0.0876015625 0.181138888888889
