0 0.5197539062500001 0.6579236111111111 0.07746093749999998 0.15198611111111104
0 0.22364453125 0.29604861111111114 0.0771484375 0.1264861111111111
0 0.9844999999999999 0.6340069444444445 0.03100000000000005 0.17543055555555556
2 0.67861328125 0.16943055555555556 0.0376953125 0.1562222222222222
0 0.5200859375 0.3136597222222222 0.04635937500000002 0.13854166666666662
1 0.6986484374999999 0.3166180555555555 0.062078125000000026 0.17045833333333332
0 0.66394140625 0.6817361111111111 0.07605468750000002 0.21088888888888885
0 0.33721875 0.43809722222222225 0.06621874999999999 0.15866666666666668
0 0.7386484375 0.2737777777777778 0.055312499999999966 0.06269444444444443
0 0.331234375 0.8367013888888888 0.10074999999999998 0.16904166666666656
