0 0.98387109375 0.45513194444444444 0.03225781249999997 0.13615277777777773
0 0.71360546875 0.6039375 0.06438281249999997 0.15834722222222222
0 0.41979687499999996 0.4130555555555555 0.05946875 0.1370277777777778
0 0.43100000000000005 0.5125625 0.05521874999999996 0.15923611111111108
2 0.59823046875 0.2263680555555556 0.039664062499999986 0.14262500000000003
0 0.8901640625 0.6504652777777779 0.06717187500000002 0.17676388888888894
1 0.7326953125 0.34956944444444443 0.06143749999999999 0.1456111111111111
0 0.33691015625 0.7644930555555555 0.07925781250000004 0.17254166666666662
0 0.75799609375 0.7828402777777778 0.04967968749999994 0.11609722222222227
0 0.327125 0.8581875 0.06403124999999998 0.21829166666666677
0 0.73163671875 0.8097708333333333 0.057242187499999986 0.1037916666666667
