0 0.5104726562499999 0.5734652777777778 0.061148437499999986 0.16409722222222228
0 0.1657734375 0.4658888888888889 0.052156249999999994 0.17672222222222222
0 0.26569140625000004 0.6436944444444445 0.06217968749999998 0.19163888888888891
0 0.4951796875 0.3250347222222223 0.055265625000000006 0.12276388888888891
0 0.47081249999999997 0.42650000000000005 0.052515625000000024 0.1554722222222222
0 0.65123046875 0.4429097222222222 0.06253906250000005 0.1635694444444444
0 0.9718828125 0.6339791666666666 0.047875000000000154 0.19051388888888884
0 0.43471484374999997 0.3722152777777778 0.06335156250000003 0.12504166666666666
2 0.8423632812499999 0.39547916666666666 0.03953906249999992 0.16506944444444446
1 0.8294218749999999 0.5233402777777778 0.04464062500000008 0.1835138888888889
