0 0.7641992187500001 0.6551111111111111 0.07341406250000002 0.16649999999999998
0 0.43541796875000005 0.8692222222222221 0.09791406249999998 0.18691666666666673
0 0.504109375 0.39034722222222223 0.041640624999999966 0.16080555555555556
0 0.38778125 0.49393055555555554 0.07164062500000004 0.1592777777777778
0 0.81513671875 0.7202708333333334 0.10263281249999992 0.1448194444444445
0 0.4811640625 0.40438888888888885 0.048765625000000055 0.18066666666666664
2 0.45222265625 0.25236111111111115 0.03492968750000003 0.16641666666666668
1 0.56446484375 0.3879236111111111 0.06616406250000004 0.15323611111111116
0 0.2694296875 0.5729583333333333 0.054953125000000026 0.17672222222222217
0 0.24689453125 0.6942777777777778 0.057710937500000004 0.19516666666666665
