2 0.7650859375 0.20282638888888888 0.04332812499999994 0.12843055555555558
0 0.16272265625 0.5469444444444443 0.0831640625 0.14780555555555558
1 0.79230859375 0.3473611111111111 0.05857031250000011 0.1475555555555556
0 0.0403984375 0.559625 0.074453125 0.14463888888888887
0 0.461234375 0.6466666666666667 0.05337499999999995 0.15211111111111117
0 0.813265625 0.2568125 0.04859374999999995 0.07454166666666669
0 0.59771875 0.7927083333333333 0.07346875000000005 0.15633333333333327
0 0.5765781249999999 0.8164861111111111 0.09040625000000002 0.1559444444444444
0 0.32043359374999997 0.7770416666666667 0.07105468749999999 0.15352777777777782
0 0.8978359375 0.6632916666666666 0.054703124999999984 0.17866666666666664
