0 0.6367773437500001 0.41197222222222224 0.040101562500000035 0.18736111111111112
0 0.58434765625 0.861125 0.05846093750000003 0.23272222222222214
0 0.6858046874999999 0.7161111111111111 0.04989062500000001 0.23138888888888884
0 0.8143593750000001 0.7563055555555555 0.05479687500000008 0.21652777777777782
0 0.577515625 0.5145 0.047453125000000006 0.20833333333333334
2 0.7690781250000001 0.4587013888888889 0.06803125000000003 0.19409722222222223
1 0.48197265624999996 0.43914583333333335 0.05725781250000006 0.18354166666666663
0 0.646921875 0.6735972222222222 0.05870312499999999 0.23147222222222225
0 0.60137109375 0.8351944444444444 0.06192968749999998 0.22897222222222224
0 0.357953125 0.7390833333333333 0.05998437499999998 0.22480555555555565
