0 0.7277851562500001 0.5698819444444444 0.06008593749999998 0.14006944444444447
0 0.25686328124999996 0.8255902777777777 0.07194531249999998 0.21706944444444456
0 0.39734765625 0.39751388888888894 0.0734453125 0.1608055555555556
0 0.2397578125 0.42691666666666667 0.05882812500000001 0.1451388888888889
0 0.80698046875 0.6145277777777778 0.07727343750000007 0.1433333333333333
0 0.39922265625 0.4352847222222222 0.05050781250000003 0.18279166666666666
2 0.43680859375000003 0.27926388888888887 0.04035156250000007 0.16824999999999998
1 0.49238671875 0.42643749999999997 0.06616406250000004 0.1532361111111111
0 0.18409765625000002 0.5453611111111111 0.07367968750000001 0.1920555555555556
0 0.067359375 0.6041527777777778 0.06940624999999999 0.19363888888888892
