0 0.07185546875 0.9108402777777779 0.0705078125 0.17831944444444442
2 0.7561796875000001 0.19040277777777778 0.039406249999999955 0.13249999999999998
0 0.30615625 0.4951944444444444 0.078859375 0.15044444444444444
1 0.7678125 0.3420347222222222 0.06237500000000003 0.15518055555555554
0 0.18639453125 0.5940902777777778 0.058148437500000004 0.1664027777777778
0 0.45961718749999997 0.5722708333333333 0.05779687499999993 0.13081944444444443
0 0.7907968750000001 0.26 0.04859374999999995 0.07455555555555553
0 0.6250234375 0.7955277777777777 0.06193749999999998 0.1382222222222222
0 0.60633984375 0.8005208333333333 0.05236718749999998 0.14973611111111104
0 0.11329687499999999 0.7687013888888887 0.07606249999999999 0.20612499999999995
0 0.8940781250000001 0.6603263888888888 0.056968750000000054 0.17095833333333338
