0 0.74108203125 0.41868055555555556 0.04353906250000002 0.17516666666666666
0 0.688875 0.4663055555555556 0.04421874999999993 0.14858333333333335
0 0.65348828125 0.3985 0.04925781249999996 0.18069444444444446
0 0.6783828125 0.4013402777777778 0.06034375000000001 0.17034722222222226
2 0.46783984375000004 0.26211111111111113 0.04135156249999996 0.16194444444444447
0 0.7960078125 0.4676527777777778 0.06629687499999992 0.17236111111111108
1 0.5618125 0.4593888888888889 0.08153124999999992 0.12769444444444444
0 0.315421875 0.4222777777777778 0.05285937499999997 0.18669444444444444
0 0.70616015625 0.7158402777777777 0.06888281250000006 0.21418055555555554
0 0.0878984375 0.9484305555555556 0.082375 0.10313888888888888
