0 0.22428906250000002 0.8681597222222223 0.06504687500000002 0.23209722222222223
0 0.03289453125 0.5297638888888888 0.0581484375 0.13672222222222222
2 0.78334375 0.17994444444444443 0.039406250000000045 0.13249999999999998
0 0.43648046874999996 0.4464930555555556 0.0706015625 0.15068055555555557
1 0.8140585937499999 0.3237777777777778 0.06477343750000006 0.1487777777777778
0 0.36066796874999996 0.5743611111111111 0.059679687500000037 0.13941666666666666
0 0.5036796875 0.5265902777777778 0.048843749999999984 0.14095833333333335
0 0.819125 0.25521527777777775 0.05068750000000009 0.07454166666666669
0 0.6517968749999999 0.802673611111111 0.05568750000000007 0.12554166666666663
0 0.62626171875 0.8032916666666666 0.05267968750000005 0.147361111111111
0 0.0396484375 0.7429374999999999 0.07625 0.20048611111111114
0 0.95276171875 0.6540347222222221 0.05875781250000003 0.16354166666666667
