0 0.81238671875 0.38231944444444443 0.06577343750000005 0.13555555555555554
0 0.7595546875 0.426375 0.044859375000000055 0.15733333333333333
0 0.6897851562499999 0.3776875 0.0748984375 0.15626388888888887
0 0.6534296875000001 0.43009722222222224 0.055374999999999994 0.1542222222222222
2 0.5115000000000001 0.19359027777777776 0.039749999999999994 0.1547361111111111
0 0.89305859375 0.4362013888888889 0.060835937499999916 0.14868055555555548
1 0.6069375 0.36272222222222217 0.06001562499999995 0.15483333333333332
0 0.37950390624999997 0.4979652777777777 0.06702343749999998 0.15284722222222225
0 0.59888671875 0.8327638888888887 0.06324218749999995 0.1973888888888889
0 0.4714296875 0.6602222222222223 0.07253125000000002 0.17125
0 0.37966796875000003 0.9322569444444445 0.0633359375 0.13548611111111106
