0 0.746328125 0.6443472222222223 0.05687500000000005 0.1785277777777778
0 0.74545703125 0.4197430555555555 0.038460937499999924 0.14579166666666665
2 0.8818515625 0.23677083333333332 0.026765624999999994 0.13090277777777778
2 0.475890625 0.9330069444444444 0.06059374999999996 0.13398611111111114
0 0.04768750000000001 0.6168125 0.05525 0.17998611111111107
0 0.15141796875 0.39590277777777777 0.0351328125 0.13680555555555557
0 0.37787499999999996 0.6461666666666667 0.044484375 0.15783333333333324
0 0.295546875 0.5296458333333334 0.04431250000000002 0.12943055555555555
0 0.38083203125000004 0.38385416666666666 0.041007812500000004 0.11451388888888892
2 0.39358203124999996 0.46195833333333336 0.042929687499999994 0.14669444444444446
0 0.30034375 0.544673611111111 0.04837499999999997 0.16201388888888893
0 0.40563281250000005 0.678625 0.04631250000000002 0.17133333333333328
0 0.33588671875 0.40450694444444446 0.04455468749999998 0.133875
