0 0.8820273437499999 0.37555555555555553 0.0663046875000001 0.14227777777777778
0 0.7903359375000001 0.44322222222222224 0.06643750000000007 0.15586111111111114
0 0.6944687500000001 0.3720138888888889 0.06723437500000004 0.1561944444444444
0 0.6793828125 0.44150694444444444 0.06578125000000004 0.1545694444444444
2 0.544140625 0.1886736111111111 0.03967187499999998 0.14793055555555554
0 0.9547968749999999 0.4578472222222222 0.05831250000000008 0.1498888888888889
1 0.65212109375 0.34240972222222227 0.05974218750000002 0.15451388888888892
0 0.41873046875000003 0.5265625 0.06480468750000004 0.15423611111111105
0 0.6563984375 0.8326041666666667 0.06453125000000001 0.16590277777777784
0 0.4985234375 0.6868055555555556 0.07170312499999998 0.17847222222222223
0 0.5100078124999999 0.9012291666666666 0.06348437500000008 0.1384583333333334
