0 0.98391015625 0.47875 0.03217968750000004 0.15447222222222226
0 0.68368359375 0.6743263888888889 0.06886718750000007 0.1671249999999999
0 0.311265625 0.41772916666666665 0.058109375 0.15984722222222222
0 0.3220703125 0.5138333333333334 0.06278125000000001 0.16622222222222224
2 0.588 0.2394791666666667 0.04124999999999997 0.14545833333333333
0 0.8009296875 0.7006319444444444 0.06315624999999994 0.17109722222222215
1 0.752515625 0.3422638888888889 0.06143749999999999 0.14561111111111116
0 0.21791796875 0.848111111111111 0.07564843750000001 0.19377777777777774
0 0.76249609375 0.7701458333333333 0.06177343749999995 0.11606944444444435
0 0.23876953125 0.9085833333333334 0.06850781250000004 0.18283333333333332
0 0.7306992187500001 0.8027916666666667 0.054445312499999954 0.11469444444444435
