0 0.6122421874999999 0.5594513888888889 0.08634374999999998 0.16593055555555558
0 0.40944921875 0.22315277777777776 0.06044531249999996 0.10686111111111109
0 0.804546875 0.6278055555555555 0.07210937500000006 0.17419444444444446
2 0.5448437500000001 0.1630347222222222 0.04676562500000001 0.1562361111111111
0 0.52659375 0.26381944444444444 0.05803124999999998 0.16302777777777777
1 0.61872265625 0.33699305555555553 0.06969531250000002 0.18301388888888886
0 0.71623046875 0.6864513888888889 0.08939843750000005 0.21134722222222224
0 0.2661484375 0.4342222222222222 0.07414062499999999 0.15938888888888889
0 0.6539140625 0.2855694444444445 0.05859375 0.07258333333333336
0 0.19986328125 0.7873055555555556 0.08033593750000001 0.2091111111111111
