2 0.72972265625 0.2977013888888889 0.041976562500000016 0.1402916666666667
0 0.78191796875 0.6058333333333333 0.06702343749999998 0.1601944444444445
0 0.56172265625 0.683138888888889 0.062460937500000036 0.19161111111111115
0 0.26930859375000005 0.39090972222222226 0.04407031250000002 0.12818055555555558
0 0.40599609374999995 0.4963472222222222 0.04864843749999994 0.16527777777777777
0 0.7473124999999999 0.7936180555555555 0.06662500000000007 0.21170833333333333
0 0.079625 0.4127638888888889 0.05001562500000001 0.1445
0 0.568453125 0.37927083333333333 0.044296875000000034 0.14181944444444441
0 0.67380859375 0.44970138888888883 0.049429687499999986 0.16270833333333337
1 0.8816445312500001 0.4940625 0.06497656249999988 0.16651388888888896
