2 0.69059375 0.3005555555555556 0.03610937500000002 0.15075000000000002
0 0.7589140624999999 0.5595486111111111 0.071296875 0.13193055555555558
0 0.5582265625 0.5762638888888888 0.05618749999999997 0.14555555555555558
0 0.25954296875000005 0.42690972222222223 0.05788281249999998 0.1511527777777778
0 0.49935156250000007 0.5214236111111111 0.066515625 0.1354027777777778
0 0.700203125 0.5359097222222222 0.045265625000000045 0.17245833333333335
0 0.09141796875 0.5025069444444443 0.0673671875 0.14662499999999998
0 0.34889453125 0.35412499999999997 0.05321093750000001 0.12166666666666666
0 0.4019453125 0.3915416666666667 0.052359374999999986 0.1305555555555556
1 0.82585546875 0.48970833333333336 0.0481328125000001 0.1726944444444444
