0 0.2840234375 0.28260416666666666 0.05465624999999998 0.13040277777777776
0 0.26576171875 0.41668055555555555 0.06602343749999999 0.12922222222222218
0 0.8794921875 0.8851805555555556 0.09560937500000008 0.22152777777777777
0 0.7259921874999999 0.3482291666666667 0.04879687500000003 0.11873611111111117
0 0.6871562499999999 0.2864375 0.045218749999999995 0.09793055555555558
0 0.18128515625000002 0.5148680555555555 0.06671093750000001 0.14006944444444447
0 0.62019140625 0.6258194444444444 0.07532031249999997 0.1790555555555555
0 0.81623046875 0.42373611111111115 0.06233593750000006 0.12608333333333338
2 0.08018359374999999 0.6730416666666666 0.0493046875 0.20191666666666666
1 0.09477734374999999 0.4201180555555556 0.07024218750000001 0.1270416666666667
