0 0.71479296875 0.42998611111111107 0.07000781250000002 0.16630555555555554
0 0.69802734375 0.4754166666666667 0.06135156249999998 0.18336111111111109
0 0.6303906250000001 0.39647222222222217 0.07259374999999997 0.1667777777777778
0 0.60358203125 0.47180555555555553 0.04977343750000003 0.19688888888888886
2 0.41562109375 0.24438194444444447 0.04135156250000005 0.1659027777777778
0 0.7699609374999999 0.4595277777777778 0.055546875000000016 0.17080555555555557
1 0.5100976562499999 0.44413888888888886 0.07764843749999999 0.14652777777777778
0 0.199671875 0.5265902777777778 0.062546875 0.2272083333333333
0 0.4373046875 0.870875 0.08773437499999996 0.25688888888888894
0 0.165859375 0.7019097222222223 0.060078125 0.24237499999999998
