2 0.7839882812499999 0.2834097222222222 0.041976562499999925 0.14029166666666665
0 0.7946093750000001 0.5991527777777778 0.06060937500000012 0.16519444444444445
0 0.5935195312499999 0.690875 0.05911718749999997 0.1963611111111111
0 0.29558984375 0.3812361111111111 0.04708593749999999 0.12519444444444447
0 0.4210546875 0.4887569444444444 0.05065625000000003 0.1682361111111112
0 0.72589453125 0.8182916666666668 0.07935156249999994 0.20633333333333342
0 0.11978515625 0.3889722222222222 0.04950781249999999 0.1445
0 0.6581953125 0.36527777777777776 0.04357812499999998 0.14377777777777775
0 0.76058203125 0.44770138888888894 0.059351562500000024 0.15437500000000004
1 0.9255976562499999 0.4810625 0.05753906249999989 0.1717638888888889
