0 0.74714453125 0.42049305555555555 0.04194531250000004 0.17504166666666662
0 0.68826953125 0.4659375 0.03755468749999995 0.14118055555555561
0 0.65104296875 0.3952569444444444 0.04672656250000005 0.18140277777777775
0 0.70116796875 0.3981319444444444 0.06517968750000006 0.17384722222222224
2 0.4749921875 0.26480555555555557 0.04129687500000001 0.1617777777777778
0 0.803046875 0.4690972222222222 0.07192187500000005 0.1725833333333333
1 0.5693125 0.46020138888888895 0.08115625 0.12773611111111108
0 0.338328125 0.42425000000000007 0.05101562499999997 0.18669444444444447
0 0.70725390625 0.7070486111111112 0.06644531249999996 0.2174027777777778
0 0.07540234375 0.9444930555555556 0.0868359375 0.11098611111111106
