0 0.76368359375 0.6566041666666667 0.05814843750000005 0.18220833333333333
0 0.75276953125 0.41155555555555556 0.039695312500000045 0.14577777777777778
2 0.8943984374999999 0.23305555555555557 0.026765624999999994 0.13088888888888886
2 0.4634296875 0.931875 0.06964062499999998 0.13625000000000004
0 0.035988281250000004 0.5987291666666666 0.0528671875 0.1952916666666667
0 0.14535546875 0.38891666666666663 0.03736718750000001 0.1331944444444445
0 0.38995703125 0.6560069444444444 0.04442968750000005 0.15404166666666663
0 0.27890625 0.527125 0.04431250000000002 0.12944444444444442
0 0.40773828125 0.3731527777777777 0.04100781249999996 0.11452777777777776
2 0.40260937500000005 0.45125 0.039046875000000016 0.14919444444444446
0 0.2704375 0.5446736111111111 0.04803124999999997 0.16579166666666667
0 0.407578125 0.6993888888888888 0.049484375000000025 0.17636111111111105
0 0.31394140625 0.3912916666666667 0.047382812500000024 0.13386111111111115
