0 0.7433984375 0.40069444444444446 0.041078125000000035 0.16741666666666666
0 0.70615234375 0.45608333333333334 0.05586718749999999 0.17375000000000004
0 0.6459257812500001 0.3993333333333333 0.058273437500000025 0.17341666666666664
0 0.68936328125 0.43912500000000004 0.0439453125 0.17033333333333336
2 0.49344921875000003 0.2606805555555555 0.03880468750000006 0.15450000000000003
0 0.8211562499999999 0.45940277777777777 0.056375000000000064 0.18127777777777776
1 0.5815234374999999 0.4585763888888889 0.06790624999999997 0.13129166666666664
0 0.41159375000000004 0.4467430555555555 0.056453125000000035 0.19695833333333335
0 0.6194375 0.7291180555555554 0.06937499999999996 0.1890972222222222
0 0.09526562499999999 0.6866944444444445 0.07248437500000002 0.2154722222222222
