0 0.725046875 0.42109722222222223 0.057421875 0.15883333333333335
0 0.702265625 0.4711527777777778 0.06135937499999997 0.16852777777777775
0 0.62039453125 0.39647222222222217 0.05260156249999994 0.1667777777777778
0 0.60530859375 0.4565555555555556 0.049789062500000016 0.19172222222222224
2 0.4165078125 0.2431875 0.04134375000000001 0.16770833333333332
0 0.767078125 0.45805555555555555 0.05131250000000005 0.17083333333333334
1 0.5151054687500001 0.45172222222222225 0.07461718749999999 0.13649999999999995
0 0.12888671875 0.48171527777777784 0.06694531249999999 0.2099305555555556
0 0.4808476562499999 0.8574791666666667 0.08642968749999999 0.2631527777777778
0 0.0192109375 0.7165833333333335 0.038421875 0.2423611111111112
