0 0.8255546875 0.30548611111111107 0.03923437500000002 0.15338888888888894
0 0.77012890625 0.2572083333333333 0.0392578125 0.15330555555555556
0 0.87119921875 0.4786944444444444 0.050148437500000045 0.16574999999999995
2 0.4020546875 0.2725416666666666 0.05667187499999997 0.12638888888888888
0 0.9739687499999998 0.5660902777777778 0.05206250000000008 0.16509722222222223
0 0.44992578125 0.39047916666666665 0.05489843749999999 0.14184722222222218
0 0.773296875 0.3667083333333333 0.03898437499999998 0.15277777777777773
0 0.76179296875 0.3307013888888889 0.04435156249999998 0.13034722222222217
0 0.13873437500000002 0.437 0.06215625 0.17069444444444443
0 0.10110937500000002 0.6405416666666668 0.081171875 0.16327777777777777
