0 0.41457421875 0.36372916666666666 0.06091406249999998 0.1443194444444444
0 0.56848828125 0.4170347222222222 0.06341406249999997 0.12198611111111109
0 0.21154296874999998 0.38288194444444446 0.05597656250000003 0.13243055555555558
0 0.5932968750000001 0.8884027777777779 0.07837500000000004 0.18702777777777774
0 0.35950390625 0.5917222222222221 0.07274218750000001 0.1538888888888889
2 0.07398046875 0.22450694444444447 0.0435234375 0.13437500000000002
0 0.5320234375 0.6914097222222223 0.06728125 0.16984722222222226
0 0.489953125 0.6836944444444444 0.06271874999999998 0.18644444444444447
0 0.9121054687499999 0.8585902777777777 0.07647656250000008 0.2449305555555556
2 0.96377734375 0.24486111111111114 0.06216406250000013 0.1301111111111111
