0 0.716015625 0.4233402777777778 0.06539062500000004 0.168625
0 0.6940937500000001 0.46498611111111116 0.06118750000000004 0.1928888888888889
0 0.63034375 0.38655555555555554 0.06484375 0.15138888888888888
0 0.60252734375 0.46592361111111114 0.050023437499999976 0.20134722222222218
2 0.41950390624999995 0.24140277777777777 0.04135156249999996 0.16194444444444445
0 0.7776015624999999 0.4544791666666667 0.05106250000000001 0.167625
1 0.5183515625 0.4324097222222223 0.071296875 0.15059722222222224
0 0.24334375000000003 0.5215138888888889 0.05184375000000001 0.2078888888888889
0 0.45384375000000005 0.865388888888889 0.08346875000000002 0.24063888888888887
0 0.25187109375 0.6859236111111111 0.0620078125 0.2258194444444444
