0 0.7629453125 0.6565694444444444 0.072953125 0.16633333333333333
0 0.4413828125 0.8694652777777777 0.09707812500000004 0.18620833333333325
0 0.50590625 0.3902361111111112 0.041640625000000056 0.16080555555555556
0 0.39040234375000005 0.4950833333333334 0.07136718749999997 0.16016666666666665
0 0.8137421875000002 0.7225069444444443 0.10245312500000008 0.1443194444444444
0 0.4826015625 0.4038125 0.048609375000000024 0.18059722222222221
2 0.45241015625000003 0.25167361111111114 0.03474218750000002 0.16623611111111114
1 0.56592578125 0.3872708333333333 0.06616406250000004 0.15323611111111113
0 0.27103124999999995 0.5732361111111112 0.05492187500000001 0.17575000000000002
0 0.25020703125 0.6963194444444445 0.057710937500000004 0.1951666666666667
