2 0.75791796875 0.20377777777777778 0.03975781249999999 0.13033333333333333
0 0.17061328125 0.5469583333333333 0.08460156249999998 0.15422222222222218
1 0.78585546875 0.3492638888888889 0.06071093750000003 0.1551944444444444
0 0.0501796875 0.5647291666666667 0.074984375 0.14465277777777782
0 0.45980078125000007 0.6428402777777779 0.05338281250000003 0.15212500000000004
0 0.8032265625000001 0.2561736111111111 0.04859375000000003 0.07454166666666664
0 0.594953125 0.7935138888888887 0.07346874999999997 0.1563333333333334
0 0.5777617187499999 0.8123750000000001 0.09039843750000003 0.15288888888888894
0 0.2999921875 0.7751319444444444 0.071046875 0.15351388888888892
0 0.895328125 0.6629583333333334 0.05398437499999993 0.17288888888888898
