0 0.7305234374999999 0.5589305555555556 0.06007812499999998 0.1400555555555556
0 0.25108984375 0.8220208333333333 0.07194531249999998 0.2170694444444444
0 0.39094531250000003 0.39549999999999996 0.06918750000000004 0.16125
0 0.22971874999999997 0.4166527777777778 0.05882812500000001 0.1451388888888889
0 0.80155859375 0.5957847222222222 0.07094531250000005 0.14173611111111112
0 0.39771484375 0.44152777777777774 0.050507812499999985 0.18277777777777776
2 0.44408984374999994 0.2881875 0.04035156249999998 0.17004166666666665
1 0.48875390625000004 0.43245833333333333 0.06792968750000003 0.1527777777777778
0 0.1536328125 0.5414166666666667 0.068203125 0.19755555555555557
0 0.037570312499999994 0.5864930555555555 0.063265625 0.192375
