0 0.9226679687499999 0.7797152777777777 0.06430468750000014 0.19343055555555552
0 0.8148320312499999 0.403125 0.0506015624999999 0.1381388888888889
2 0.33435156250000003 0.9337916666666666 0.05874999999999999 0.1324166666666667
0 0.096921875 0.5160902777777777 0.060125 0.1729027777777778
0 0.25803125 0.32352777777777775 0.04782812499999998 0.11297222222222222
0 0.51356640625 0.7643194444444443 0.05546093750000001 0.19016666666666662
0 0.27553515625 0.4804583333333333 0.05622656250000002 0.15016666666666667
0 0.6854609375 0.3629513888888889 0.04667187500000001 0.10865277777777776
2 0.578765625 0.41374999999999995 0.049703125 0.13174999999999998
0 0.22290234375 0.4947638888888889 0.05291406250000001 0.14722222222222223
0 0.4214609375 0.8204513888888888 0.06446875000000003 0.20118055555555558
0 0.38648828125 0.30186111111111114 0.042367187500000056 0.1130555555555556
