0 0.30074999999999996 0.8177986111111112 0.05692187500000001 0.232125
0 0.0723984375 0.4574722222222222 0.07679687499999999 0.14247222222222228
2 0.8019140625000001 0.17222222222222222 0.039406250000000045 0.13249999999999998
0 0.5004609375 0.4071180555555556 0.060203125000000045 0.14254166666666665
1 0.8221953124999999 0.31626388888888884 0.0647656249999999 0.14877777777777773
0 0.45425000000000004 0.5914791666666667 0.060171875000000076 0.16401388888888893
0 0.50041015625 0.5105972222222223 0.054679687500000004 0.15705555555555561
0 0.8365039062499999 0.24819444444444444 0.054648437500000036 0.07455555555555553
0 0.6654609375 0.808625 0.05178124999999998 0.11761111111111104
0 0.6340546874999999 0.8070069444444444 0.05437500000000002 0.14587499999999995
0 0.01281640625 0.6804583333333333 0.0256328125 0.1756666666666666
