0 0.7253164062499999 0.42083333333333334 0.05702343750000001 0.15883333333333335
0 0.70238671875 0.4708472222222222 0.06135156250000007 0.16852777777777783
0 0.62033203125 0.39647222222222217 0.05247656249999997 0.1667777777777778
0 0.60543359375 0.45606944444444447 0.049789062500000016 0.19172222222222218
2 0.41675781250000005 0.24326388888888886 0.04134374999999997 0.16758333333333333
0 0.767203125 0.45805555555555555 0.05106250000000001 0.17083333333333334
1 0.5156171875 0.4515625 0.07424999999999997 0.1362638888888889
0 0.12866796875 0.48075694444444445 0.06714843749999999 0.209875
0 0.48364453125000006 0.8571805555555556 0.08521093750000004 0.26327777777777783
0 0.0176640625 0.7165833333333335 0.035328125 0.2423611111111112
