0 0.5561171874999999 0.5966875 0.061171875000000056 0.17012500000000003
0 0.25380078125 0.4587430555555555 0.05069531249999999 0.17668055555555554
0 0.32604296875000005 0.6247291666666666 0.05994531249999997 0.18431944444444442
0 0.491609375 0.322875 0.05225 0.11763888888888888
0 0.5296601562500001 0.45027777777777783 0.052695312500000036 0.15338888888888888
0 0.69552734375 0.45331944444444444 0.05750781250000001 0.16805555555555557
0 0.9758125 0.6695416666666667 0.04837500000000006 0.19944444444444448
0 0.4537109375 0.3676319444444444 0.07007812500000003 0.1193194444444444
2 0.8684062499999999 0.38668749999999996 0.03781250000000007 0.16662499999999997
1 0.8630351562499999 0.5256805555555556 0.04608593750000001 0.17744444444444443
