0 0.45015234374999996 0.7041944444444445 0.04547656249999994 0.19661111111111104
0 0.62421484375 0.7710069444444444 0.05730468749999993 0.16165277777777784
0 0.683828125 0.3314375 0.04339062500000006 0.1322361111111111
0 0.70387109375 0.6653749999999999 0.06602343749999999 0.18288888888888882
0 0.4279453125 0.7287013888888888 0.05521875000000005 0.19301388888888885
0 0.7000781249999999 0.3617013888888889 0.04385937499999999 0.14395833333333335
2 0.4866835937499999 0.18907638888888886 0.03277343749999995 0.13495833333333335
1 0.73046875 0.32452083333333337 0.04535937499999996 0.14845833333333336
0 0.20580859375 0.5573819444444444 0.0537109375 0.17540277777777774
0 0.49996093750000004 0.8607986111111111 0.07089062500000001 0.14926388888888892
0 0.06910546875 0.8770972222222222 0.07855468749999998 0.22197222222222213
