0 0.39939453125 0.37306944444444445 0.0615234375 0.15800000000000003
0 0.55964453125 0.45454861111111106 0.06516406249999998 0.1610138888888889
0 0.438296875 0.5420972222222222 0.0665 0.13541666666666666
0 0.7284140625 0.47245138888888893 0.06551562499999992 0.1607638888888889
0 0.43737109375000005 0.46397916666666666 0.05953906250000003 0.14859722222222224
0 0.1669921875 0.4397152777777778 0.05720312500000002 0.16998611111111114
0 0.29700390625 0.4819930555555556 0.06124218749999999 0.14773611111111112
0 0.9174414062499998 0.6065069444444444 0.06127343750000005 0.1859027777777778
2 0.9780000000000001 0.3126875 0.03692187499999999 0.15251388888888892
0 0.968796875 0.4274513888888889 0.05803124999999998 0.143125
