0 0.8916796874999999 0.37861805555555555 0.06489062500000013 0.14020833333333332
0 0.79245703125 0.4462986111111112 0.0660234374999999 0.15273611111111107
0 0.69133984375 0.37554166666666666 0.06946093749999997 0.1569722222222222
0 0.6781679687500001 0.444125 0.06769531249999998 0.15488888888888885
2 0.5496796875000001 0.18790972222222224 0.03967187499999998 0.14670833333333336
0 0.960953125 0.46332638888888894 0.05726562500000014 0.14973611111111113
1 0.65815234375 0.34152777777777776 0.05974218749999993 0.15452777777777774
0 0.4253984375 0.5320208333333334 0.06429687499999996 0.15468055555555557
0 0.6664218749999999 0.8325833333333333 0.06487499999999997 0.15991666666666665
0 0.50258984375 0.6917986111111112 0.07153906250000004 0.17984722222222224
0 0.53294140625 0.8956875 0.0634765625 0.1384583333333334
