0 0.01686328125 0.9256111111111112 0.0337265625 0.1487777777777778
2 0.74691796875 0.1947986111111111 0.03333593749999997 0.13101388888888887
0 0.23850390624999998 0.5209583333333334 0.06082031249999997 0.14005555555555552
1 0.7665234375000001 0.34674305555555557 0.061421875 0.1577361111111111
0 0.12332031250000001 0.5794722222222223 0.059296875000000006 0.15438888888888894
0 0.44884375 0.6042986111111112 0.05337499999999995 0.15212500000000004
0 0.7880273437499999 0.25911805555555556 0.048585937499999954 0.07454166666666669
0 0.606796875 0.7930277777777778 0.06804687500000002 0.1563055555555555
0 0.581703125 0.8028055555555556 0.07154687500000004 0.15183333333333324
0 0.1810625 0.7714652777777778 0.06603124999999999 0.1861527777777778
0 0.8855078124999999 0.6628472222222223 0.053749999999999964 0.17097222222222216
