0 0.5537539062500001 0.6394791666666666 0.07757031250000006 0.18851388888888884
0 0.23035156250000002 0.25513888888888886 0.051640624999999975 0.1118888888888889
0 0.8979609375 0.6482638888888889 0.06859374999999997 0.18902777777777774
2 0.58919140625 0.17658333333333334 0.04036718749999997 0.1562222222222222
0 0.4812578125 0.2932430555555555 0.05689062499999995 0.1460138888888889
1 0.6203632812500001 0.3296527777777778 0.06625781250000004 0.18094444444444444
0 0.67416796875 0.720125 0.09155468749999995 0.22177777777777788
0 0.26550390625000003 0.44685416666666666 0.0623046875 0.16681944444444446
0 0.658984375 0.2920277777777778 0.055031250000000045 0.06269444444444447
0 0.26531640625 0.8023958333333334 0.09205468749999998 0.17715277777777771
