0 0.58673046875 0.6418958333333333 0.06438281250000007 0.1712083333333333
0 0.306546875 0.5261388888888889 0.049875000000000023 0.17697222222222217
0 0.33009765625 0.6625625 0.05925781249999997 0.1862638888888889
0 0.33900390625 0.371125 0.04175781249999999 0.14599999999999996
0 0.369921875 0.586375 0.061281250000000044 0.18400000000000002
0 0.44093359374999996 0.4692986111111111 0.04497656249999995 0.16154166666666667
0 0.50188671875 0.8767777777777778 0.07586718750000002 0.21575000000000005
0 0.42604687499999994 0.4038819444444445 0.04556250000000004 0.15423611111111107
2 0.5976640625 0.3338819444444444 0.040328125000000006 0.1532638888888889
1 0.6238554687500001 0.5078472222222222 0.06299218749999999 0.1345833333333334
