0 0.743046875 0.6401319444444444 0.05882812499999997 0.17654166666666676
0 0.7437851562500001 0.42238888888888887 0.03892968750000003 0.1441388888888889
2 0.8814765625 0.23805555555555558 0.027328125000000016 0.12975000000000003
2 0.48042187500000005 0.9334166666666666 0.05731250000000001 0.13316666666666666
0 0.05444921874999999 0.6165208333333333 0.0553359375 0.17898611111111112
0 0.15737109375 0.39755555555555555 0.03550781249999999 0.13680555555555557
0 0.370640625 0.6509930555555555 0.05018750000000001 0.15920833333333334
0 0.30159375 0.5305555555555556 0.04431249999999998 0.1294444444444445
0 0.37105078125 0.3877430555555555 0.041007812500000004 0.11451388888888887
2 0.39029687500000004 0.4658541666666666 0.044343750000000036 0.14579166666666662
0 0.31121875 0.544673611111111 0.04849999999999999 0.1606527777777778
0 0.40492578125000006 0.6710763888888889 0.04514843750000001 0.169513888888889
0 0.3438671875 0.40931249999999997 0.04351562499999999 0.133875
