0 0.54787890625 0.6980138888888889 0.0610390625 0.1771944444444445
0 0.71378125 0.7400763888888889 0.05182812499999993 0.14240277777777782
0 0.7159296875 0.32461111111111113 0.02778124999999996 0.15113888888888888
0 0.73023046875 0.6142638888888888 0.07727343749999997 0.1701388888888889
0 0.5440859375 0.7336319444444445 0.052124999999999935 0.18937499999999996
0 0.7058085937499999 0.3403402777777778 0.03960156249999995 0.155875
2 0.5322890625 0.16861111111111113 0.03278124999999994 0.14316666666666666
1 0.733984375 0.315625 0.03774999999999995 0.1533333333333333
0 0.2713203125 0.5705416666666666 0.04743749999999998 0.1786944444444445
0 0.5087070312499999 0.8408333333333334 0.06692968750000006 0.14602777777777776
0 0.078859375 0.9190277777777779 0.06396874999999999 0.16194444444444447
