0 0.7386640625 0.4200277777777778 0.048828125 0.16008333333333336
0 0.7231015624999999 0.5273958333333334 0.058374999999999934 0.180125
0 0.5561210937500001 0.3815486111111111 0.049664062500000036 0.14704166666666663
0 0.68320703125 0.44927083333333334 0.060789062499999956 0.16240277777777778
2 0.45891796874999996 0.25204166666666666 0.04166406250000003 0.15519444444444447
0 0.8047226562500001 0.45086805555555554 0.056570312499999977 0.17868055555555554
1 0.55544921875 0.4535833333333334 0.07152343749999997 0.13375
0 0.40412109375 0.4521736111111111 0.05422656250000002 0.194625
0 0.55074609375 0.8158124999999999 0.07264843750000001 0.22893055555555544
0 0.13852734375 0.7975069444444444 0.0824453125 0.22284722222222214
