0 0.01686328125 0.9256111111111112 0.0337265625 0.1487777777777778
2 0.7479296875 0.1958888888888889 0.03395312500000003 0.13099999999999998
0 0.23390234375 0.5254305555555555 0.06082031249999997 0.1400555555555556
1 0.7685429687499999 0.34710416666666666 0.061429687499999996 0.1577361111111111
0 0.114109375 0.5768611111111112 0.059281249999999994 0.14766666666666667
0 0.45007421875000003 0.6086805555555556 0.05338281250000003 0.15211111111111109
0 0.789421875 0.25875694444444447 0.04859374999999995 0.07454166666666664
0 0.60490625 0.7937777777777778 0.07346874999999997 0.15633333333333327
0 0.5814999999999999 0.7983402777777778 0.07700000000000004 0.15331944444444442
0 0.19234374999999998 0.7677708333333333 0.06187500000000001 0.1727916666666667
0 0.8865703125 0.6628472222222223 0.053749999999999964 0.17097222222222216
