0 0.61907421875 0.6426527777777777 0.07405468749999997 0.16272222222222218
0 0.34813671875 0.5225 0.0702578125 0.14463888888888887
0 0.3627734375 0.6582777777777777 0.07309375 0.16652777777777775
0 0.36031250000000004 0.3678125 0.045859374999999994 0.15670833333333334
0 0.47640625 0.5702222222222222 0.06906249999999999 0.1758055555555556
0 0.53957421875 0.4861111111111111 0.0571328125 0.16011111111111107
0 0.6224765624999999 0.8321180555555555 0.06851562500000004 0.22023611111111102
0 0.4476484375 0.41213194444444445 0.05514062499999994 0.15637499999999996
2 0.674875 0.36011111111111105 0.043390624999999974 0.15786111111111115
1 0.67429296875 0.535 0.062429687499999977 0.1546111111111111
