0 0.7384882812500001 0.4225972222222222 0.05008593750000001 0.1595
0 0.72772265625 0.5385416666666667 0.05874218750000004 0.18255555555555564
0 0.5432421875 0.38355555555555554 0.050124999999999975 0.14338888888888887
0 0.6842421875 0.4568958333333334 0.06150000000000002 0.1634027777777778
2 0.45348437500000005 0.2509027777777778 0.0421875 0.15533333333333332
0 0.8027304687499999 0.4502222222222222 0.05661718750000002 0.17819444444444446
1 0.55187890625 0.45318055555555553 0.07152343749999997 0.13375
0 0.40033203124999994 0.4524583333333333 0.05252343749999997 0.19458333333333333
0 0.5455 0.8290624999999999 0.07154687499999994 0.23329166666666654
0 0.1431484375 0.8131666666666667 0.0840625 0.2234166666666666
