0 0.7155976562499999 0.42965972222222226 0.06983593749999999 0.16309722222222223
0 0.6982109375000001 0.47765277777777776 0.06135937499999997 0.177
0 0.6269140625 0.39647222222222217 0.06564062499999998 0.1667777777777778
0 0.6026875 0.47165972222222224 0.04978124999999993 0.19468055555555558
2 0.41367578125 0.24325 0.04135156250000001 0.1676111111111111
0 0.76709765625 0.4588958333333333 0.056992187500000034 0.17081944444444438
1 0.5072421874999999 0.44819444444444445 0.07984375000000003 0.14511111111111114
0 0.1809453125 0.5192430555555556 0.06768750000000001 0.2248472222222222
0 0.43116796874999996 0.8700555555555556 0.08986718749999997 0.2579722222222221
0 0.13521875 0.7051805555555556 0.060078125 0.2423611111111111
