0 0.9784335937499999 0.4330625 0.04313281250000003 0.12029166666666669
0 0.75430859375 0.5478611111111111 0.06372656249999994 0.14947222222222223
0 0.52766015625 0.4112222222222222 0.06063281250000001 0.1252777777777778
0 0.5304960937500001 0.49552777777777773 0.05633593750000001 0.14802777777777776
2 0.59395703125 0.21234027777777775 0.039664062499999986 0.14262499999999997
0 0.9505234375 0.5880833333333334 0.06956249999999997 0.17672222222222222
1 0.7127460937500001 0.3519444444444444 0.06144531249999998 0.1456111111111111
0 0.399125 0.6866666666666666 0.07029687500000001 0.16424999999999998
0 0.728609375 0.8074305555555554 0.04315625000000001 0.11927777777777777
0 0.402640625 0.8006805555555556 0.06157812499999995 0.21800000000000005
0 0.7240234375 0.8185625 0.05940624999999997 0.11037500000000004
