0 0.6385078125 0.40103472222222225 0.034296874999999984 0.18334722222222222
0 0.6307265624999999 0.8140416666666667 0.06373437500000004 0.22405555555555554
0 0.6885117187500001 0.707763888888889 0.05403906249999997 0.234
0 0.76978515625 0.7087083333333333 0.05960156250000006 0.22927777777777766
0 0.5700859375 0.48808333333333337 0.04935937499999996 0.20658333333333334
2 0.7305625 0.41986805555555556 0.06440625000000004 0.1837361111111111
1 0.484953125 0.4300277777777778 0.04603125000000006 0.18011111111111108
0 0.703703125 0.6443680555555555 0.06287500000000001 0.20854166666666663
0 0.611890625 0.7710763888888889 0.054390625000000005 0.20759722222222218
0 0.30907421875 0.7899722222222222 0.06847656249999998 0.2283333333333334
