0 0.5950703125000001 0.6001180555555555 0.06203124999999998 0.157125
0 0.35350390625 0.4810833333333333 0.046585937499999994 0.17672222222222222
0 0.39942578125 0.5834236111111111 0.05389843750000001 0.16651388888888888
0 0.4814648437500001 0.31625694444444447 0.04836718749999998 0.13220833333333332
0 0.3831171875 0.5300902777777778 0.043906249999999994 0.16248611111111114
0 0.47494921874999996 0.39745833333333336 0.03872656250000004 0.15258333333333335
0 0.04340625 0.7997013888888889 0.044953125 0.24062499999999992
0 0.4938593750000001 0.8518541666666667 0.05515625000000002 0.1979027777777778
0 0.56899609375 0.3542708333333333 0.04866406250000006 0.13979166666666665
2 0.6835742187499999 0.2828055555555556 0.03853906250000003 0.1489722222222222
1 0.7350703125000001 0.4516527777777778 0.06590625000000001 0.11225000000000007
