0 0.69413671875 0.27397916666666666 0.03552343750000002 0.14634722222222218
0 0.57398828125 0.23419444444444446 0.0392578125 0.15330555555555556
0 0.67604296875 0.4840277777777778 0.06655468749999996 0.16197222222222224
2 0.23305078125 0.24766666666666665 0.04405468749999999 0.14558333333333331
0 0.7594765625 0.5786180555555556 0.06676562500000002 0.1689027777777778
0 0.37658984375000004 0.36547916666666663 0.060429687500000016 0.13670833333333335
0 0.6675703125 0.35215972222222225 0.037890625 0.15768055555555555
0 0.9810703125 0.2657222222222222 0.03785937500000003 0.15916666666666665
0 0.62218359375 0.28222916666666664 0.04650781249999998 0.13468055555555555
0 0.9872226562499999 0.7013263888888889 0.025554687500000027 0.1943194444444444
