0 0.71927734375 0.41213194444444445 0.047867187499999984 0.1751805555555556
0 0.7048359375000001 0.4665694444444445 0.06389062500000006 0.17152777777777778
0 0.6390078125 0.4039097222222222 0.05681249999999993 0.16334722222222225
0 0.60316796875 0.41824999999999996 0.04561718749999999 0.16055555555555553
2 0.43815234375 0.25045833333333334 0.04135156249999996 0.16194444444444445
0 0.76752734375 0.45606944444444447 0.049710937499999996 0.1723333333333334
1 0.53246484375 0.4508055555555556 0.07838281250000004 0.12769444444444444
0 0.21144921874999997 0.4283194444444444 0.055210937500000015 0.1953055555555555
0 0.6694453125 0.7735833333333334 0.07771875000000002 0.23099999999999998
0 0.14336328125 0.9618055555555556 0.0700859375 0.0763888888888889
