0 0.234953125 0.44725 0.06037499999999998 0.17049999999999998
0 0.39644531250000004 0.5243402777777777 0.07617187500000004 0.14993055555555554
0 0.53043359375 0.9411319444444445 0.06633593749999997 0.11773611111111108
0 0.03126171875 0.5800069444444444 0.0625234375 0.18276388888888886
0 0.42048828125000004 0.8184166666666667 0.07566406249999998 0.22594444444444445
0 0.31121484375 0.6550138888888889 0.06774218749999998 0.18441666666666662
0 0.77701953125 0.84375 0.08314843749999996 0.22000000000000014
2 0.7273203125000001 0.2566527777777778 0.05385937500000004 0.1336388888888889
0 0.7519296875 0.5636180555555556 0.08823437500000005 0.13526388888888888
2 0.6572968749999999 0.9471180555555555 0.05931249999999997 0.10576388888888885
