0 0.71912109375 0.41594444444444445 0.0603515625 0.1634722222222222
0 0.6905742187499999 0.4597569444444444 0.0610390625 0.18756944444444446
0 0.6296250000000001 0.38256249999999997 0.062437499999999965 0.15084722222222224
0 0.59939453125 0.4596805555555556 0.05027343750000002 0.20063888888888887
2 0.41886328125 0.23576388888888888 0.04135156250000001 0.16194444444444445
0 0.7785624999999999 0.4479652777777777 0.049921874999999984 0.1644861111111111
1 0.5199374999999999 0.4301527777777778 0.07007812500000003 0.15138888888888885
0 0.2485390625 0.5188611111111112 0.052000000000000005 0.20161111111111116
0 0.45607031249999996 0.8579513888888888 0.08417187500000001 0.22693055555555552
0 0.26640234375 0.6775555555555555 0.06394531250000002 0.20924999999999996
