2 0.66334375 0.31118055555555557 0.03610937500000002 0.15075
0 0.7406328125 0.5701666666666666 0.08062500000000003 0.1242777777777778
0 0.5349140625000001 0.5913472222222222 0.059281249999999994 0.1527777777777778
0 0.23874218750000004 0.43795833333333334 0.06265625 0.14777777777777776
0 0.47436718750000006 0.5284513888888889 0.06674999999999995 0.13159722222222223
0 0.6848984375 0.5567291666666667 0.04573437500000006 0.17073611111111112
0 0.05471484375 0.5122708333333333 0.0709453125 0.14915277777777775
0 0.33503125 0.3670833333333334 0.054640625 0.12377777777777778
0 0.3905859375 0.40175 0.051640625000000016 0.13141666666666668
1 0.80243359375 0.5020277777777779 0.046226562500000054 0.16758333333333336
