0 0.737703125 0.41736805555555556 0.04440624999999994 0.1751527777777778
0 0.6893671875 0.46620138888888885 0.04815624999999999 0.1531805555555556
0 0.6550234375 0.4004513888888889 0.05085937500000002 0.18026388888888892
0 0.66559765625 0.403625 0.057398437500000024 0.1683888888888889
2 0.46415234375000003 0.2605763888888889 0.04135156250000005 0.16195833333333332
0 0.7923828125 0.46677777777777774 0.06298437499999991 0.17236111111111113
1 0.55787890625 0.4589583333333334 0.08153906250000001 0.12769444444444444
0 0.30331640625 0.42140277777777774 0.05396093749999999 0.18713888888888885
0 0.7052343750000001 0.7206527777777778 0.06998437500000003 0.2124444444444445
0 0.09404296875 0.9503958333333334 0.07991406250000001 0.09920833333333326
