0 0.9336523437499998 0.27298611111111115 0.034445312499999936 0.14600000000000002
0 0.597984375 0.23927083333333335 0.03926562499999999 0.13404166666666667
0 0.95714453125 0.9634722222222223 0.06858593749999997 0.07305555555555558
0 0.5854296874999999 0.5977777777777777 0.06315625000000002 0.1636944444444444
2 0.3049765625 0.24481944444444442 0.03849999999999998 0.13091666666666668
0 0.49855078124999996 0.5359930555555555 0.06121093750000002 0.13687500000000002
0 0.038339843750000005 0.5382847222222222 0.048507812500000004 0.1920138888888889
0 0.62875390625 0.2840138888888889 0.04685156249999993 0.10711111111111112
0 0.08870312500000001 0.671138888888889 0.052125 0.18197222222222229
0 0.9424453125 0.42147222222222225 0.04428125000000005 0.15125000000000005
