0 0.35112109375 0.3305416666666667 0.06180468750000001 0.14330555555555552
0 0.417390625 0.3782013888888889 0.07096874999999998 0.11740277777777777
0 0.707875 0.6459097222222222 0.062890625 0.18506944444444437
0 0.7992382812500001 0.3961527777777778 0.05766406250000004 0.13975000000000004
0 0.648953125 0.41891666666666666 0.05350000000000001 0.15877777777777774
0 0.11362109375 0.4320833333333334 0.05500781249999999 0.1280277777777778
0 0.62012890625 0.5267916666666667 0.07125781250000003 0.1326666666666667
0 0.80159375 0.5009722222222222 0.06928125000000004 0.15586111111111114
2 0.9911289062499999 0.35948611111111106 0.017742187500000027 0.16213888888888886
2 0.04937109375 0.6295694444444444 0.0627578125 0.17641666666666664
