0 0.72600390625 0.5393263888888888 0.05758593750000003 0.15326388888888892
0 0.48669921874999994 0.4309861111111111 0.04908593750000003 0.13275000000000006
0 0.57077734375 0.5190138888888889 0.05842968749999997 0.15600000000000008
0 0.71454296875 0.2946111111111111 0.057679687499999945 0.12674999999999997
0 0.4829921875 0.49097916666666663 0.042343750000000034 0.16776388888888885
0 0.2837578125 0.2880138888888889 0.05059374999999999 0.12925
0 0.61085546875 0.3593125 0.04710156249999997 0.14215277777777777
0 0.28941015625 0.6561319444444444 0.058585937500000004 0.17265277777777785
0 0.514109375 0.8106666666666668 0.08415624999999993 0.19788888888888875
0 0.79987890625 0.3544791666666667 0.05933593749999995 0.13893055555555556
2 0.25141015625 0.9618819444444445 0.05772656249999999 0.07623611111111109
2 0.8795390624999999 0.24688194444444445 0.03818750000000008 0.1485138888888889
1 0.9443125 0.42279861111111117 0.051046875000000116 0.12343055555555556
