2 0.64971484375 0.31649305555555557 0.03610156250000003 0.15076388888888886
0 0.7314921875 0.5754722222222223 0.08529687499999997 0.12044444444444441
0 0.5232578125 0.5988958333333334 0.06082812500000001 0.15637499999999996
0 0.22833984375 0.44348611111111114 0.06503906249999998 0.14608333333333326
0 0.46187500000000004 0.5319583333333333 0.06687500000000002 0.12969444444444445
0 0.67725 0.567138888888889 0.04596874999999993 0.16988888888888887
0 0.036367187499999995 0.5171527777777778 0.07273437499999999 0.15041666666666667
0 0.3281015625 0.37356249999999996 0.05535937499999997 0.12481944444444441
0 0.38491015625 0.4068541666666667 0.0512734375 0.1318472222222222
1 0.79072265625 0.5081875 0.045273437499999944 0.1650138888888889
