0 0.65930078125 0.5599722222222222 0.06424218750000002 0.15091666666666662
0 0.43225390625 0.44702083333333337 0.04841406250000002 0.14837499999999998
0 0.49954296875 0.5378333333333334 0.05841406249999999 0.15469444444444444
0 0.62547265625 0.2973194444444444 0.055085937499999994 0.12672222222222224
0 0.44049999999999995 0.5039861111111111 0.04018749999999995 0.16391666666666665
0 0.1596015625 0.30768055555555557 0.049515624999999994 0.12925
0 0.556875 0.3703611111111111 0.047093750000000066 0.14216666666666664
0 0.20063671875 0.6994791666666667 0.0595703125 0.19173611111111105
0 0.5078359375 0.8266805555555556 0.07096875000000002 0.19788888888888892
0 0.7123125 0.34703472222222226 0.05276562499999997 0.13887500000000003
2 0.8005390625000001 0.2581111111111111 0.03782812500000006 0.14724999999999996
1 0.8639218750000002 0.4300763888888888 0.05878125000000001 0.11704166666666672
