0 0.9847851562500001 0.4866388888888889 0.030429687500000035 0.15447222222222226
0 0.67910546875 0.6894513888888889 0.06886718750000007 0.16712500000000005
0 0.288125 0.41831944444444447 0.058109375 0.16491666666666668
0 0.30067578125 0.5134444444444445 0.06714843749999999 0.167
2 0.58559765625 0.2414236111111111 0.04211718749999997 0.1470138888888889
0 0.7786640625000001 0.708 0.06096875000000006 0.16800000000000004
1 0.75708984375 0.34058333333333335 0.06144531249999998 0.14561111111111108
0 0.1852890625 0.8698125000000001 0.07368749999999999 0.205375
0 0.76369921875 0.7678194444444445 0.06177343750000004 0.11977777777777787
0 0.21869140625 0.9167361111111111 0.06850781249999997 0.16652777777777775
0 0.7325078125 0.800715277777778 0.053156249999999974 0.11718055555555557
