0 0.7389140624999999 0.41643749999999996 0.04706249999999992 0.16090277777777778
0 0.7196953125000001 0.5134305555555556 0.05784374999999997 0.17672222222222222
0 0.5730000000000001 0.3826319444444444 0.05037499999999993 0.15215277777777775
0 0.6837578125 0.44503472222222223 0.057015625000000014 0.16320833333333332
2 0.4665234375000001 0.2536319444444445 0.040921874999999996 0.15501388888888887
0 0.80751171875 0.4517708333333333 0.056523437499999926 0.1793472222222222
1 0.56044921875 0.4541527777777778 0.07152343749999997 0.13375
0 0.40941796874999997 0.4517708333333333 0.056601562499999994 0.19468055555555558
0 0.55808984375 0.7972638888888889 0.07417968750000004 0.2228055555555556
0 0.132046875 0.7755694444444445 0.08017187500000002 0.2220277777777778
