0 0.73812890625 0.6338125 0.06175781250000005 0.17356944444444447
0 0.74127734375 0.4263541666666667 0.03963281250000002 0.14165277777777782
2 0.8809179687499998 0.23997222222222223 0.028164062499999965 0.128
2 0.48721875 0.9340347222222222 0.05237499999999997 0.13193055555555558
0 0.06459375 0.6160902777777778 0.05546875 0.1775138888888889
0 0.166296875 0.40004166666666663 0.0360625 0.1368055555555555
0 0.37121484374999997 0.6461180555555556 0.050820312500000006 0.16059722222222222
0 0.3161875 0.5252569444444445 0.042749999999999976 0.12887499999999996
0 0.36241406249999997 0.3950208333333334 0.05364062500000002 0.11423611111111115
2 0.3921015625 0.4726805555555556 0.04325000000000005 0.14383333333333334
0 0.3265859375 0.5381180555555556 0.04284374999999998 0.15368055555555551
0 0.4089296875 0.6592291666666666 0.045937500000000055 0.16254166666666664
0 0.35602343750000004 0.41168750000000004 0.040843750000000026 0.13304166666666667
