0 0.64209375 0.6192916666666667 0.06559375000000003 0.18975000000000009
0 0.3592890625 0.47196527777777775 0.05042187500000002 0.1685972222222222
0 0.3902734375 0.6217986111111112 0.058765624999999974 0.1885694444444445
0 0.44425390625 0.3467013888888889 0.05514843750000002 0.12031944444444444
0 0.5839531250000001 0.5011736111111111 0.06000000000000005 0.1622361111111111
0 0.7072499999999999 0.4820902777777778 0.05026562500000002 0.17723611111111112
0 0.9081601562499999 0.7249236111111111 0.07127343750000001 0.20315277777777782
0 0.5024765625000001 0.3810555555555556 0.05904687500000003 0.1445
2 0.8694296874999999 0.3819722222222222 0.037812499999999895 0.16661111111111113
1 0.8641875000000001 0.5421041666666666 0.05192187500000003 0.15954166666666666
