2 0.8964257812500002 0.23404861111111108 0.03908593749999998 0.14518055555555556
0 0.9146171875 0.4730902777777778 0.047812500000000036 0.1577361111111112
0 0.7299609375 0.4939236111111111 0.05681250000000002 0.14223611111111106
0 0.43075390625 0.3770625 0.056351562499999994 0.14601388888888892
0 0.6713828125 0.47111805555555564 0.06312499999999996 0.14973611111111113
0 0.8289921875000001 0.40557638888888886 0.050687499999999906 0.17426388888888888
0 0.314171875 0.44781249999999995 0.05270312499999998 0.14451388888888891
0 0.4758046875 0.2768333333333333 0.04698437499999999 0.11744444444444445
0 0.52540234375 0.3377222222222222 0.05997656249999998 0.12338888888888885
1 0.9852812499999999 0.42045138888888894 0.02943750000000005 0.17695833333333333
0 0.12778515625 0.6183541666666666 0.07096093749999999 0.17101388888888888
