0 0.58744140625 0.7022569444444444 0.05885156250000003 0.16381944444444452
0 0.7097109375 0.7601249999999999 0.05479687499999999 0.12947222222222218
0 0.6747109375 0.34468750000000004 0.030796875000000057 0.1577916666666667
0 0.6729453125 0.5907361111111111 0.06881249999999994 0.16961111111111113
0 0.58739453125 0.7492500000000001 0.05191406250000004 0.18594444444444444
0 0.65754296875 0.3549722222222222 0.04252343749999996 0.16036111111111112
2 0.5014218749999999 0.1907222222222222 0.03153125000000001 0.1474722222222222
1 0.6921796875 0.3364930555555556 0.04487500000000004 0.15331944444444445
0 0.27232421875 0.5945208333333334 0.05260156249999999 0.18070833333333336
0 0.49364062499999994 0.8510694444444444 0.0665 0.16166666666666663
