0 0.54136328125 0.6764583333333334 0.06185156249999997 0.16116666666666676
0 0.23720703125 0.29620138888888886 0.06352343749999996 0.11551388888888887
2 0.7628984375 0.15824305555555557 0.03826562500000001 0.15326388888888892
0 0.5724414062500001 0.31357638888888884 0.06169531250000002 0.14009722222222218
1 0.77451171875 0.2943472222222222 0.06472656249999993 0.16166666666666668
0 0.6864414062499999 0.6459652777777778 0.08446093750000001 0.1877083333333333
0 0.41068359374999996 0.43454166666666666 0.058242187500000056 0.14366666666666666
0 0.8157734375000001 0.2584722222222222 0.055312499999999966 0.06269444444444443
0 0.41331640625 0.8654236111111111 0.08244531249999998 0.14890277777777783
0 0.04551171875 0.5330694444444445 0.0753984375 0.154
0 0.35362499999999997 0.9215 0.07864062500000002 0.13091666666666665
