0 0.74674609375 0.4090347222222222 0.04117968750000003 0.17293055555555553
0 0.6941171875000001 0.4541527777777778 0.04612499999999997 0.15919444444444444
0 0.65787890625 0.40151388888888884 0.05414843750000005 0.18002777777777773
0 0.696296875 0.4171944444444444 0.055421875000000044 0.17319444444444446
2 0.48571093750000005 0.2637638888888889 0.040109375000000023 0.1583055555555556
0 0.81376953125 0.46631944444444445 0.06450781250000004 0.17672222222222222
1 0.578078125 0.46056250000000004 0.07318749999999996 0.12845833333333334
0 0.36378515624999996 0.4326736111111111 0.0533671875 0.19929166666666664
0 0.6900000000000001 0.7077152777777778 0.05965625000000001 0.21318055555555548
0 0.03630859375 0.6401180555555556 0.05657031250000001 0.2107638888888889
0 0.04526171875 0.9362361111111112 0.0876171875 0.12702777777777782
