0 0.75739453125 0.4453958333333333 0.05057031250000001 0.14476388888888891
0 0.76224609375 0.6187152777777778 0.06508593750000005 0.18868055555555552
0 0.45642187500000003 0.4097708333333333 0.05223437500000001 0.14545833333333333
0 0.6515976562500001 0.5016041666666666 0.06196093750000005 0.16990277777777776
2 0.40146484375 0.2596805555555556 0.04461718749999997 0.15591666666666665
0 0.7818398437499999 0.4620277777777778 0.06888281249999997 0.17030555555555557
1 0.530859375 0.4516388888888889 0.07292187499999994 0.13438888888888886
0 0.3375625 0.46675694444444443 0.05753124999999999 0.18348611111111113
0 0.44281249999999994 0.9024166666666666 0.06234375000000005 0.19341666666666665
0 0.08919140625000001 0.918701388888889 0.0765390625 0.15734722222222217
