0 0.14670703125 0.8946944444444446 0.0738046875 0.21061111111111108
2 0.770046875 0.18530555555555558 0.039406249999999955 0.1325
0 0.374515625 0.4748958333333333 0.06615625 0.16240277777777778
1 0.78454296875 0.33522222222222225 0.06428906249999988 0.15005555555555555
0 0.2784453125 0.5882847222222222 0.07770312499999998 0.15309722222222225
0 0.4828125 0.5557083333333334 0.05828124999999993 0.14188888888888893
0 0.8060937500000002 0.2591458333333333 0.04859375000000003 0.07454166666666664
0 0.63840625 0.7991041666666667 0.058812499999999976 0.13187500000000008
0 0.61690234375 0.8019027777777777 0.05132031250000004 0.1485555555555556
0 0.06478124999999998 0.7631736111111111 0.08607812499999999 0.2103472222222223
0 0.9158359375 0.6582152777777778 0.05840624999999999 0.16504166666666673
