2 0.63883984375 0.3202083333333334 0.03610156250000003 0.15075
0 0.7342109375 0.5829236111111111 0.07400000000000002 0.12345833333333331
0 0.50609375 0.6104305555555556 0.05914062499999995 0.17052777777777775
0 0.21935156249999999 0.43903472222222223 0.06129687500000001 0.15054166666666666
0 0.4369843749999999 0.5267430555555556 0.05892187499999997 0.13415277777777782
0 0.6916796875 0.5901805555555555 0.057265624999999966 0.16241666666666665
0 0.0265078125 0.5078194444444445 0.053015625 0.14822222222222226
0 0.33354296875 0.3765277777777778 0.047835937500000016 0.13375
0 0.39954296874999995 0.4098263888888889 0.049585937499999976 0.13926388888888885
1 0.7825703125000001 0.5148680555555556 0.050718750000000055 0.15456944444444448
