0 0.71910546875 0.41213194444444445 0.047867187499999984 0.1751805555555556
0 0.7035546874999999 0.4664861111111111 0.06389062500000006 0.17152777777777778
0 0.6405859375 0.4036666666666667 0.056859375000000066 0.16347222222222224
0 0.6034921875 0.41754166666666664 0.045624999999999985 0.16055555555555553
2 0.43922265624999995 0.25083333333333335 0.04135156249999996 0.16194444444444445
0 0.7685117187499999 0.4567569444444445 0.049710937499999996 0.17234722222222226
1 0.533390625 0.45141666666666663 0.07868750000000002 0.12769444444444444
0 0.2155859375 0.42733333333333334 0.05551562500000003 0.19469444444444442
0 0.67242578125 0.7699722222222222 0.0772421875 0.22936111111111118
0 0.14101171875000001 0.9614722222222222 0.0700859375 0.07705555555555559
