0 0.738671875 0.6224513888888888 0.060203124999999955 0.16709722222222223
0 0.7424335937500001 0.43024999999999997 0.04114843749999997 0.1362777777777777
2 0.8849843749999999 0.2429652777777778 0.029984375000000084 0.12423611111111109
2 0.50573828125 0.9353680555555555 0.04928906250000002 0.12926388888888896
0 0.09117968750000001 0.6139861111111111 0.055765625000000006 0.1742777777777778
0 0.18563281250000002 0.40542361111111114 0.03728125000000002 0.13681944444444447
0 0.3763671875 0.6355625 0.05218749999999996 0.16359722222222225
0 0.3478046875 0.5137708333333333 0.039359374999999995 0.1276527777777778
0 0.36887890624999997 0.4049583333333333 0.05036718749999998 0.11363888888888891
2 0.40537890625 0.47499305555555554 0.04086718749999996 0.1395972222222222
0 0.36341406249999997 0.5239236111111112 0.037640625000000004 0.1385694444444445
0 0.41760156249999997 0.6335555555555555 0.04765625 0.14747222222222223
0 0.38236328125 0.41681944444444446 0.03507031249999999 0.13122222222222224
