0 0.99044921875 0.41750694444444447 0.019101562500000037 0.13537499999999997
2 0.37048437500000003 0.9239444444444445 0.06343750000000004 0.15211111111111109
0 0.31276171875 0.4360694444444445 0.05946093750000001 0.13383333333333328
0 0.60178515625 0.29383333333333334 0.04182031249999998 0.10691666666666669
0 0.6891015625 0.7780694444444445 0.04520312500000001 0.19791666666666674
0 0.49129296875 0.4312638888888889 0.04846093749999998 0.1324166666666667
0 0.9073593750000001 0.3444513888888889 0.05103124999999995 0.10598611111111116
2 0.8970859375 0.4061180555555555 0.053703125000000004 0.13962500000000005
0 0.40560546875 0.43699305555555557 0.0532734375 0.12948611111111114
0 0.48200000000000004 0.8322013888888888 0.08606249999999997 0.1756249999999999
0 0.64354296875 0.28618055555555555 0.04607031250000002 0.10558333333333335
