0 0.2274921875 0.7213819444444444 0.04864062499999999 0.21129166666666674
0 0.40816015624999996 0.8216041666666666 0.06850781249999996 0.18126388888888886
0 0.58814453125 0.3776041666666667 0.04349218749999997 0.15026388888888892
0 0.5218515625 0.8066666666666666 0.06217187500000003 0.1950277777777778
0 0.15905859375 0.7647916666666666 0.07147656250000001 0.19341666666666665
0 0.6463203125 0.4004583333333333 0.05131249999999996 0.13241666666666668
2 0.3931640625 0.22306944444444446 0.03276562500000004 0.12808333333333333
1 0.6287382812500001 0.3605625 0.05944531250000003 0.13059722222222223
0 0.0411015625 0.5789305555555556 0.06512500000000002 0.1736666666666667
0 0.42667968749999996 0.9010902777777778 0.07485937499999995 0.153625
