0 0.7189062500000001 0.41213194444444445 0.047859374999999996 0.1751805555555556
0 0.697125 0.46611111111111114 0.06389062500000006 0.17152777777777778
0 0.64902734375 0.4031458333333333 0.05707031249999996 0.16548611111111108
0 0.60590625 0.41418055555555555 0.045624999999999985 0.16055555555555553
2 0.44458203125000006 0.25274305555555554 0.04135156249999996 0.16195833333333334
0 0.7734414062500001 0.4601875 0.049710937499999996 0.17234722222222218
1 0.53799609375 0.45446527777777784 0.0801796875 0.1277083333333333
0 0.236265625 0.422375 0.057015625000000014 0.19163888888888891
0 0.6877304687500001 0.7540347222222222 0.07571093749999998 0.2170138888888889
0 0.12923046875000002 0.9597847222222223 0.0700859375 0.0804305555555555
