0 0.48035546875 0.555 0.061429687499999996 0.16174999999999998
0 0.09923437500000001 0.4735972222222222 0.052703124999999997 0.17624999999999996
0 0.21927734374999996 0.6602847222222222 0.06402343749999999 0.19956944444444444
0 0.4928125 0.33017361111111115 0.05842187500000007 0.12745833333333334
0 0.42453124999999997 0.4108611111111111 0.05304687500000003 0.1587777777777778
0 0.61428515625 0.4370555555555556 0.06596093749999996 0.16122222222222227
0 0.9710859375 0.6257916666666666 0.04946875000000013 0.17413888888888887
0 0.42432421875 0.3778333333333333 0.055195312500000024 0.1334722222222222
2 0.8210664062500002 0.4031874999999999 0.04111718749999991 0.16365277777777776
1 0.80128125 0.5235833333333334 0.04410937499999994 0.18680555555555556
