0 0.6414296875 0.6226388888888889 0.06964062499999998 0.18305555555555564
0 0.36157421875 0.48056944444444444 0.06036718749999999 0.16094444444444445
0 0.38784765625 0.6270486111111111 0.059304687499999974 0.17993055555555557
0 0.4337578125 0.34765972222222224 0.05514062500000003 0.12509722222222225
0 0.5800546875 0.5112222222222222 0.06403125000000003 0.15936111111111112
0 0.6798203125 0.48495138888888883 0.052953124999999976 0.1705416666666667
0 0.85464453125 0.7440486111111112 0.07019531249999993 0.20984722222222219
0 0.49709375 0.38655555555555554 0.06550000000000003 0.1478611111111111
2 0.8371562499999999 0.3781458333333333 0.03781250000000007 0.166625
1 0.8308359375000001 0.5401805555555556 0.05192187500000003 0.15761111111111115
