0 0.6577968750000001 0.5003958333333333 0.088859375 0.1569305555555555
0 0.5397343749999999 0.23111111111111107 0.052031250000000015 0.1411111111111111
0 0.652390625 0.6201805555555556 0.0671875 0.18833333333333335
2 0.4611875 0.15814583333333335 0.04114062499999997 0.12718055555555557
0 0.52562890625 0.2551597222222222 0.047117187500000046 0.18718055555555552
1 0.6069687500000001 0.34420138888888885 0.07621875000000004 0.19531944444444443
0 0.6612109374999999 0.6790138888888889 0.07043749999999997 0.16686111111111118
0 0.2433671875 0.4573263888888889 0.08021875 0.178375
0 0.65150390625 0.2759652777777778 0.06192968749999998 0.09643055555555556
0 0.02596484375 0.8481666666666667 0.0519296875 0.23894444444444454
