0 0.5060078125 0.7058263888888889 0.045062499999999964 0.17881944444444453
0 0.68013671875 0.752173611111111 0.055367187500000005 0.14579166666666662
0 0.7076796875 0.31631944444444443 0.04256250000000002 0.12977777777777783
0 0.72798046875 0.6422083333333333 0.07150781250000007 0.17958333333333326
0 0.49013671875 0.7243472222222221 0.05299218749999994 0.1865555555555556
0 0.7176484375 0.3473333333333333 0.03995312499999999 0.15488888888888885
2 0.50822265625 0.1796388888888889 0.03277343750000004 0.1385833333333333
1 0.7455273437500001 0.3184166666666667 0.038382812499999995 0.15291666666666665
0 0.24494531249999998 0.5579652777777778 0.05204687499999996 0.17840277777777777
0 0.5179492187499999 0.8518819444444444 0.06725781250000003 0.14629166666666657
0 0.0836015625 0.8983402777777779 0.076296875 0.20131944444444436
