0 0.596171875 0.6441805555555555 0.06781249999999997 0.16663888888888884
0 0.3116484375 0.5332847222222222 0.05378124999999998 0.17018055555555558
0 0.32981640624999997 0.6729166666666667 0.06607031249999999 0.1820277777777777
0 0.32518359375 0.37898611111111113 0.04186718749999998 0.14858333333333335
0 0.385578125 0.5959444444444444 0.06498437500000001 0.1909722222222222
0 0.45345312500000007 0.4817083333333334 0.04840624999999994 0.16394444444444448
0 0.5180234374999999 0.8762569444444444 0.08087500000000007 0.2215138888888889
0 0.413484375 0.41367361111111106 0.044984374999999945 0.1588472222222222
2 0.598125 0.34357638888888886 0.041000000000000016 0.15345833333333334
1 0.6175625 0.5207083333333333 0.06323437500000004 0.14047222222222228
