0 0.986390625 0.5010972222222222 0.027218749999999937 0.15447222222222218
0 0.6639609375 0.7198263888888888 0.069921875 0.17604166666666668
0 0.25055859375 0.41555555555555557 0.0581015625 0.16997222222222222
0 0.27331640625000003 0.5074791666666667 0.0729921875 0.1633194444444445
2 0.59059375 0.24279166666666668 0.042984374999999984 0.14855555555555555
0 0.73788671875 0.7276388888888888 0.06610156249999992 0.17158333333333328
1 0.76547265625 0.3374861111111111 0.06144531249999998 0.14561111111111116
0 0.13090234375 0.9054652777777777 0.0733984375 0.18906944444444443
0 0.7687734374999999 0.7616111111111111 0.061765624999999956 0.1333055555555556
0 0.185640625 0.9338055555555554 0.06851562500000001 0.13238888888888894
0 0.73582421875 0.7969027777777777 0.05080468749999998 0.12174999999999996
