0 0.6421679687499999 0.6189236111111112 0.06514843749999999 0.19048611111111116
0 0.3590390625 0.4710138888888889 0.0493125 0.16944444444444445
0 0.39054296875 0.6212152777777777 0.058710937500000025 0.18951388888888887
0 0.44541796875 0.3465972222222222 0.05514843749999994 0.11977777777777779
0 0.58438671875 0.5000625 0.059554687500000016 0.1625416666666667
0 0.71030078125 0.4817638888888889 0.04996093749999995 0.1779722222222222
0 0.9141054687499999 0.7227986111111111 0.07139843750000008 0.20243055555555547
0 0.5030742187499999 0.38043750000000004 0.05833593749999997 0.144125
2 0.8730156250000001 0.3823958333333333 0.03781250000000007 0.166625
1 0.867890625 0.5423194444444445 0.05192187500000003 0.15975000000000006
