0 0.31490234375000004 0.2839305555555556 0.052492187499999995 0.12591666666666665
0 0.294890625 0.4046944444444444 0.06314062499999999 0.12813888888888889
0 0.9145468749999999 0.8761458333333334 0.09560937499999991 0.2234027777777778
0 0.7679375 0.34985416666666663 0.04879687500000003 0.11873611111111108
0 0.7328828125 0.29641666666666666 0.04476562499999996 0.10333333333333335
0 0.17933984375 0.5037638888888889 0.07036718749999997 0.14055555555555554
0 0.68446875 0.6426875 0.07729687500000004 0.18331944444444445
0 0.8546875 0.4277430555555556 0.05617187500000007 0.12690277777777778
2 0.11866796875 0.6756736111111111 0.04916406250000001 0.21145833333333333
1 0.10139453125 0.43263194444444447 0.06521093750000001 0.12518055555555554
