0 0.9511875 0.4211875 0.060281249999999884 0.12231944444444444
0 0.7866015625 0.5041041666666667 0.06503125000000001 0.14490277777777777
0 0.6171093750000001 0.40799305555555554 0.06685937500000003 0.13512499999999994
0 0.6052304687500001 0.46917361111111106 0.0619140625 0.14401388888888889
2 0.5778359375 0.19935416666666667 0.03965624999999999 0.142625
0 0.9677734375 0.5298611111111111 0.064453125 0.15388888888888883
1 0.69266015625 0.34820138888888885 0.06097656249999996 0.14806944444444442
0 0.4230703125 0.6105555555555556 0.059515625 0.15402777777777782
0 0.69296484375 0.8305069444444443 0.053289062500000026 0.12804166666666658
0 0.46373828125000005 0.7493749999999999 0.0655390625 0.2038055555555555
0 0.6814921875 0.840576388888889 0.06224999999999996 0.12979166666666672
