0 0.7689882812500001 0.6266319444444445 0.07521093750000007 0.16323611111111108
0 0.34953515625 0.8591597222222223 0.10080468750000002 0.1987638888888889
0 0.4687226562499999 0.392625 0.04735156250000001 0.1608055555555555
0 0.337578125 0.4714513888888889 0.07185937499999998 0.14876388888888892
0 0.8262578125000001 0.6811388888888888 0.09975000000000005 0.14899999999999997
0 0.4534453125000001 0.41514583333333327 0.050484375000000005 0.18156944444444442
2 0.44778515625 0.26340277777777776 0.03758593750000001 0.16822222222222222
1 0.53838671875 0.40081249999999996 0.06616406250000004 0.15323611111111113
0 0.23971484375 0.5655138888888889 0.058601562499999996 0.18844444444444444
0 0.1847421875 0.6597083333333333 0.059812500000000005 0.1948888888888889
