0 0.562421875 0.6340625 0.08304687499999996 0.18743055555555554
0 0.235921875 0.25000694444444443 0.05103124999999999 0.11054166666666668
0 0.8886523437499999 0.6493819444444444 0.06713281250000006 0.18901388888888893
2 0.581890625 0.17658333333333334 0.041890625 0.1562222222222222
0 0.48131640625000005 0.29109027777777774 0.05124218750000002 0.15031944444444442
1 0.61549609375 0.3312847222222222 0.0671796875 0.18148611111111113
0 0.67956640625 0.7191875000000001 0.09078906250000003 0.22259722222222228
0 0.26253906250000003 0.4487430555555556 0.06398437499999998 0.16681944444444438
0 0.6544921875 0.2939236111111111 0.05487500000000001 0.0627083333333333
0 0.2606015625 0.7996875 0.09114062499999998 0.17715277777777771
