0 0.8445039062500002 0.3790347222222222 0.06627343750000012 0.1382638888888889
0 0.77436328125 0.43335416666666665 0.054132812499999974 0.15631944444444446
0 0.6931367187499999 0.3753680555555555 0.07196093750000002 0.15637500000000001
0 0.665890625 0.4349097222222222 0.0600625 0.15365277777777778
2 0.52752734375 0.1909722222222222 0.03967968749999997 0.1516111111111111
0 0.92205078125 0.44581944444444443 0.06003906250000011 0.14908333333333337
1 0.62832421875 0.3526736111111111 0.05974218750000002 0.1545138888888889
0 0.39873046875 0.5101805555555556 0.0663515625 0.15286111111111111
0 0.6263320312499999 0.8326666666666667 0.06350781250000007 0.18391666666666676
0 0.48631250000000004 0.6718055555555557 0.07221875000000004 0.1743333333333334
0 0.4411953125 0.9178402777777778 0.063484375 0.1384583333333334
