0 0.5331250000000001 0.2838819444444444 0.06628125000000003 0.10804166666666666
0 0.70615234375 0.3187152777777778 0.05267968750000005 0.10973611111111113
0 0.41320703124999997 0.2864722222222222 0.057835937499999976 0.10908333333333332
0 0.650765625 0.7344513888888888 0.06978124999999995 0.1840138888888888
0 0.20958203125 0.3428541666666667 0.039617187500000005 0.16909722222222226
0 0.47923828124999995 0.6613263888888888 0.07067968749999994 0.17804166666666665
2 0.20266406250000002 0.19324305555555554 0.03818750000000002 0.13209722222222223
0 0.6541796874999999 0.554611111111111 0.07784374999999999 0.14183333333333334
0 0.54805078125 0.7652638888888889 0.07505468749999995 0.19080555555555548
0 0.9694882812500001 0.8059305555555555 0.05892968750000005 0.21608333333333324
