0 0.74695703125 0.4150347222222222 0.04158593750000002 0.1740416666666667
0 0.69105859375 0.4603263888888889 0.04163281250000006 0.14976388888888895
0 0.654296875 0.3982361111111111 0.05026562499999994 0.18075000000000002
0 0.69884375 0.40720833333333334 0.060531250000000016 0.1735277777777778
2 0.48009765625000006 0.2643125 0.040726562499999994 0.160125
0 0.80815234375 0.46777777777777774 0.06838281250000007 0.17455555555555557
1 0.5734843749999999 0.46037500000000003 0.07735937500000008 0.1280833333333333
0 0.34938671875000005 0.42818749999999994 0.052492187499999995 0.1945694444444444
0 0.7016015624999999 0.7057222222222223 0.062015625 0.21825000000000006
0 0.020015625000000002 0.632263888888889 0.040031250000000004 0.21075000000000002
0 0.061050781250000005 0.9405624999999999 0.0872109375 0.11862499999999995
