0 0.6069023437500001 0.5854583333333333 0.06417968749999999 0.14736111111111105
0 0.37278515625 0.47174999999999995 0.04725781250000001 0.17347222222222228
0 0.42212890625000005 0.565375 0.05777343749999995 0.1563888888888889
0 0.51912109375 0.30456944444444445 0.05100781249999997 0.12669444444444442
0 0.39680468750000003 0.5209652777777778 0.040718750000000005 0.16370833333333326
0 0.02143359375 0.34155555555555556 0.0428671875 0.12925
0 0.49407421874999996 0.3830138888888889 0.03872656250000004 0.15258333333333332
0 0.09333984375 0.7625 0.0611171875 0.22175000000000003
0 0.5003125 0.8459097222222222 0.05515625000000002 0.1979027777777778
0 0.6074843750000001 0.3453402777777778 0.04865624999999998 0.1397916666666667
2 0.7116640625 0.27174305555555556 0.03782812499999997 0.1472361111111111
1 0.76838671875 0.4421041666666667 0.06682031249999998 0.10776388888888894
