0 0.64091015625 0.6252430555555556 0.07278906250000006 0.17784722222222232
0 0.36335546875 0.4872638888888889 0.06810156250000002 0.15500000000000003
0 0.38596484374999995 0.6311319444444444 0.059710937500000005 0.17323611111111106
0 0.42559765625 0.3484097222222223 0.05513281249999995 0.1288194444444445
0 0.5770234375000001 0.5190347222222222 0.06717187500000002 0.15715277777777775
0 0.65848046875 0.48717361111111107 0.055039062500000034 0.1653194444444444
0 0.8130156249999999 0.7589097222222222 0.06935937499999997 0.21504166666666671
0 0.49290625 0.3908472222222222 0.070515625 0.15047222222222217
2 0.8120546875000001 0.37517361111111114 0.03781250000000007 0.16662500000000005
1 0.8048984375 0.5386944444444445 0.05192187500000003 0.1561111111111111
