0 0.60728515625 0.6089791666666667 0.062460937499999945 0.1839583333333333
0 0.31555859375 0.4637430555555555 0.04725781250000001 0.17440277777777777
0 0.36490234374999997 0.6212638888888888 0.05907031250000001 0.18966666666666676
0 0.46699999999999997 0.3366736111111111 0.05396874999999994 0.11765277777777775
0 0.5631210937500001 0.4771319444444444 0.05569531250000006 0.1595694444444445
0 0.7115078125000001 0.46942361111111114 0.05232812500000002 0.17570833333333333
0 0.9730742187499999 0.69875 0.05385156250000005 0.1994444444444444
0 0.4843828125 0.37377083333333333 0.061421875 0.13312500000000002
2 0.8796328125 0.3851527777777778 0.03781250000000007 0.16661111111111113
1 0.8746953125000001 0.5360416666666667 0.04954687499999988 0.1674722222222222
