0 0.5871835937500001 0.6098819444444444 0.06060156250000004 0.163625
0 0.34064843749999996 0.4872986111111111 0.04612500000000001 0.17887500000000003
0 0.38428515625 0.5954513888888889 0.0513203125 0.17326388888888888
0 0.45636328125 0.3240416666666667 0.046601562499999985 0.13588888888888892
0 0.3739921875 0.5361736111111111 0.04603125000000001 0.16168055555555558
0 0.46219921875000003 0.4070972222222222 0.03872656249999995 0.15258333333333335
0 0.01592578125 0.8197847222222222 0.0318515625 0.2500694444444444
0 0.4895546875 0.855826388888889 0.05515624999999993 0.1979027777777778
0 0.5433359375 0.3602152777777778 0.04865624999999998 0.13979166666666668
2 0.66484765625 0.29018055555555555 0.039023437500000036 0.15011111111111117
1 0.7128593750000001 0.45800694444444445 0.06529687500000003 0.11523611111111115
