0 0.756671875 0.6638680555555556 0.07062499999999998 0.165513888888889
0 0.4712109375000001 0.8706944444444444 0.09289062499999998 0.18263888888888888
0 0.5148906249999999 0.3896944444444445 0.041640625000000056 0.1608055555555556
0 0.40349609375 0.500875 0.06997656249999999 0.16458333333333333
0 0.80676953125 0.7336597222222222 0.10152343750000004 0.14184722222222212
0 0.48981250000000004 0.4009236111111111 0.04782812500000002 0.18031944444444442
2 0.4533359375 0.24822222222222223 0.03381249999999998 0.16541666666666668
1 0.5732070312499999 0.3839652777777778 0.06616406249999995 0.15323611111111113
0 0.2790078125 0.5746111111111112 0.05476562500000002 0.17077777777777775
0 0.26678515625 0.706513888888889 0.057710937500000004 0.1951666666666667
