0 0.89144921875 0.7552708333333334 0.06349218749999999 0.18618055555555565
0 0.7802382812499999 0.4018888888888889 0.05097656249999991 0.13899999999999998
2 0.32708984374999994 0.9369583333333333 0.060023437499999985 0.1260833333333333
0 0.063734375 0.5262916666666666 0.06060937500000001 0.17941666666666667
0 0.20646874999999998 0.32963888888888887 0.04909374999999998 0.11613888888888886
0 0.48325781249999994 0.75775 0.05851562499999998 0.18788888888888894
0 0.24969531250000002 0.4834027777777778 0.061078125000000004 0.14700000000000005
0 0.64140625 0.3658888888888889 0.043624999999999935 0.11180555555555556
2 0.523546875 0.4126944444444444 0.05521875000000005 0.1323333333333333
0 0.19297265624999999 0.502 0.057757812500000026 0.14722222222222223
0 0.40083203125000005 0.801673611111111 0.06396093750000001 0.1952916666666667
0 0.34867578125 0.30685416666666665 0.04211718749999997 0.11306944444444444
