0 0.77800390625 0.6390416666666667 0.0785234374999999 0.16830555555555565
0 0.3698046875 0.8665069444444444 0.10710937499999998 0.1947638888888889
0 0.48433593750000004 0.39156944444444447 0.041640625000000056 0.16080555555555556
0 0.3589765625 0.4811944444444445 0.07470312500000001 0.14955555555555555
0 0.8304726562500001 0.6957152777777778 0.10467968750000001 0.15023611111111113
0 0.4653046874999999 0.41074305555555557 0.050484375000000005 0.18129166666666666
2 0.45018359375 0.2599444444444444 0.03697656249999994 0.16822222222222222
1 0.5484453125 0.39520138888888884 0.06615625000000006 0.1532361111111111
0 0.2518828125 0.5699236111111111 0.05529687500000002 0.18765277777777772
0 0.21041796875 0.6718611111111111 0.05771093749999998 0.19516666666666665
