0 0.8439570312500001 0.3103263888888889 0.04510156250000001 0.1556527777777778
0 0.7989960937499999 0.2624166666666667 0.03925781249999991 0.15330555555555556
0 0.89796484375 0.48018750000000004 0.050132812500000054 0.16873611111111111
2 0.42339453124999993 0.2740208333333334 0.055007812499999975 0.12190277777777779
0 0.99028515625 0.561625 0.019429687499999914 0.16508333333333336
0 0.46038281249999996 0.3979097222222222 0.055734375000000023 0.14926388888888892
0 0.7904453124999999 0.36856944444444445 0.040671874999999955 0.15649999999999997
0 0.78312890625 0.3355208333333333 0.04435156249999998 0.12065277777777779
0 0.16173437499999999 0.4317847222222222 0.06131249999999999 0.16323611111111108
0 0.11908984375000001 0.6327430555555557 0.07864843750000002 0.1580972222222222
