0 0.6853203125 0.272125 0.035812500000000025 0.13944444444444445
0 0.549484375 0.23578472222222221 0.03925000000000001 0.15329166666666666
0 0.651546875 0.49199305555555556 0.06715625000000003 0.16729166666666664
2 0.20902343750000002 0.24935416666666665 0.043671875000000006 0.14718055555555556
0 0.72003515625 0.5868541666666667 0.06138281249999995 0.17368055555555556
0 0.3788359375 0.363625 0.05656250000000003 0.1308888888888889
0 0.66368359375 0.3569375 0.03789843749999999 0.15768055555555555
0 0.96811328125 0.2686944444444444 0.042054687499999945 0.15916666666666665
0 0.60351171875 0.2739861111111111 0.04919531250000002 0.13199999999999998
0 0.98600390625 0.7121875 0.027992187499999942 0.19001388888888882
