0 0.7456953125 0.6159722222222223 0.05443750000000005 0.16263888888888892
0 0.747140625 0.43017361111111113 0.04220312499999999 0.13254166666666667
2 0.8909257812500002 0.24434722222222224 0.031242187500000008 0.12163888888888891
2 0.5208125000000001 0.9362916666666666 0.05165625 0.12741666666666668
0 0.112328125 0.6118263888888889 0.05596875 0.17204166666666668
0 0.19901953125 0.4091458333333334 0.0381171875 0.13684722222222226
0 0.38224609374999996 0.6282430555555556 0.053132812499999994 0.16568055555555558
0 0.36969140624999997 0.5058194444444445 0.03702343749999999 0.1268055555555555
0 0.38110156249999994 0.41003472222222226 0.03867187499999995 0.1132361111111111
2 0.42013671874999997 0.4691666666666667 0.03922656250000003 0.13666666666666663
0 0.39100390625000003 0.5140902777777777 0.03822656250000005 0.12809722222222225
0 0.42360546875000005 0.6157916666666666 0.04883593750000004 0.13702777777777772
0 0.4006015625 0.4203819444444444 0.031062499999999993 0.12995833333333331
