0 0.23925000000000002 0.7204444444444444 0.04890625000000002 0.20972222222222223
0 0.42101953124999997 0.8198819444444445 0.06763281250000004 0.18251388888888884
0 0.594046875 0.3755694444444444 0.04367187500000007 0.14869444444444443
0 0.5341367187499999 0.8004791666666667 0.06472656250000001 0.19298611111111116
0 0.1745546875 0.7639305555555556 0.07006249999999999 0.1948333333333333
0 0.6486953124999999 0.399125 0.05131249999999996 0.1313333333333333
2 0.39933203125 0.22118749999999998 0.03277343749999999 0.12806944444444446
1 0.63450390625 0.3586111111111111 0.059351562500000024 0.13169444444444448
0 0.0491640625 0.5797916666666667 0.06415625 0.17322222222222225
0 0.4312578125 0.8983472222222222 0.075203125 0.15377777777777765
