0 0.5199374999999999 0.6595416666666667 0.06735937500000003 0.14833333333333326
0 0.22515234374999998 0.2984861111111111 0.0784140625 0.12644444444444447
2 0.69340234375 0.167125 0.0376953125 0.1562222222222222
0 0.530328125 0.31454861111111115 0.04706250000000001 0.13870833333333338
1 0.71128515625 0.31381944444444443 0.06469531250000005 0.1688888888888889
0 0.6661835937499999 0.6752916666666667 0.07589843749999999 0.2079444444444445
0 0.35097265625 0.4369097222222222 0.06580468750000001 0.1568194444444444
0 0.75028125 0.27140972222222226 0.055312499999999966 0.06270833333333334
0 0.3434921875 0.8417708333333334 0.10348437499999999 0.16690277777777773
0 0.02380078125 0.5493958333333333 0.0476015625 0.16390277777777776
