0 0.7293671875000001 0.3995833333333333 0.05157812499999999 0.15008333333333337
0 0.6893125 0.44713888888888886 0.05684374999999999 0.1757222222222222
0 0.62775 0.37218055555555557 0.05618750000000006 0.1493888888888889
0 0.59667578125 0.44295833333333334 0.04985156249999996 0.19394444444444442
2 0.42262109374999995 0.22016666666666665 0.04135156249999996 0.16194444444444445
0 0.7892109375 0.43198611111111107 0.04698437499999999 0.1563055555555556
1 0.5261367187499999 0.4221180555555556 0.06746093750000001 0.15818055555555557
0 0.26965234374999997 0.5129305555555556 0.05242968749999997 0.18527777777777774
0 0.47488281250000003 0.8386319444444446 0.081640625 0.1912638888888888
0 0.3107109375 0.6615972222222223 0.06896875000000002 0.17583333333333329
