0 0.62388671875 0.6393055555555557 0.07447656250000004 0.16497222222222227
0 0.35197265624999996 0.5160555555555556 0.07152343750000001 0.1456388888888889
0 0.36758203125 0.6530694444444444 0.07016406249999996 0.16652777777777775
0 0.3732109375 0.36359722222222224 0.047953125 0.15125
0 0.4984453125 0.5604305555555555 0.06934375 0.17108333333333334
0 0.5616054687500001 0.4868611111111111 0.0571328125 0.16011111111111115
0 0.6561015625 0.8189444444444445 0.06851562499999994 0.2202499999999999
0 0.45692578125 0.4082916666666667 0.05974218750000002 0.15563888888888888
2 0.70018359375 0.36283333333333334 0.04213281250000005 0.1598333333333333
1 0.6979296875 0.5355 0.0600625 0.15461111111111117
