0 0.7197421875 0.41445833333333326 0.05934375000000003 0.16244444444444442
0 0.6898710937500001 0.45871527777777776 0.06100781250000002 0.18651388888888892
0 0.6294765625000001 0.3817638888888889 0.06195312499999996 0.1507222222222222
0 0.5987656250000001 0.45843055555555556 0.05032812499999997 0.2005
2 0.41873046875000003 0.2346388888888889 0.04135156250000005 0.16194444444444445
0 0.7787578125 0.4466597222222223 0.04970312499999992 0.16384722222222217
1 0.5202578125 0.4297083333333333 0.06982812499999999 0.15155555555555553
0 0.24957812500000004 0.5183263888888889 0.05203124999999997 0.20034722222222223
0 0.45651171875 0.8564722222222223 0.08430468749999998 0.2241944444444444
0 0.26930859375000005 0.6758819444444444 0.06433593749999997 0.20593055555555553
