0 0.90928515625 0.7692430555555556 0.06396093749999991 0.19031944444444449
0 0.8000078125 0.4025972222222222 0.050765625000000016 0.13850000000000004
2 0.3312421875 0.9351458333333335 0.059296874999999985 0.12970833333333331
0 0.08269921875 0.5204583333333334 0.060335937500000006 0.17569444444444443
0 0.2359296875 0.32615277777777774 0.048375000000000015 0.11433333333333337
0 0.50057421875 0.7615 0.05677343750000006 0.18919444444444442
0 0.26446484375 0.48171527777777784 0.058304687499999994 0.1488194444444445
0 0.66658203125 0.3642152777777778 0.04536718749999995 0.11001388888888886
2 0.5550976562500001 0.41329166666666667 0.05207031249999998 0.13199999999999995
0 0.21007421874999999 0.4978680555555556 0.05499218749999999 0.14723611111111118
0 0.4126171875 0.8124097222222222 0.06425 0.1986527777777779
0 0.37028125 0.3040069444444444 0.04226562499999997 0.1130694444444444
