0 0.66273828125 0.7067361111111111 0.05172656249999994 0.15938888888888889
0 0.6733359375 0.8145833333333333 0.055671874999999996 0.09263888888888895
0 0.5974179687500001 0.3716458333333334 0.039460937499999994 0.1599861111111111
0 0.54199609375 0.5531666666666666 0.05753906250000007 0.15963888888888889
0 0.6748398437500001 0.7630347222222222 0.056960937499999975 0.16587500000000002
0 0.5763906249999999 0.38361111111111107 0.04543749999999998 0.16486111111111112
2 0.4654453125 0.22345138888888888 0.030281249999999992 0.15045833333333336
1 0.6314023437499999 0.36361805555555554 0.057632812500000075 0.1465972222222222
0 0.298609375 0.6059513888888889 0.06753125 0.18531944444444445
0 0.41603515625 0.7949375000000001 0.05980468749999997 0.19070833333333334
