0 0.7612617187499999 0.6159861111111111 0.07238281249999998 0.15888888888888886
0 0.33215625 0.8528680555555557 0.09539062499999998 0.20220833333333338
0 0.45533984375000003 0.3935416666666667 0.0522421875 0.16080555555555556
0 0.31923828125 0.4630972222222222 0.06941406250000001 0.14808333333333334
0 0.8226445312500001 0.6686527777777779 0.09553906250000006 0.1479444444444445
0 0.44327734375 0.4189236111111111 0.050492187499999994 0.18179166666666666
2 0.44572265624999996 0.26638194444444446 0.038101562499999984 0.16823611111111114
1 0.52976171875 0.4056180555555555 0.06616406250000004 0.1532361111111111
0 0.22928515625 0.5617361111111111 0.06142968750000002 0.18911111111111106
0 0.16273437500000001 0.6492916666666667 0.06160937499999999 0.1946666666666667
