2 0.67015625 0.30852083333333336 0.03610937499999993 0.1507638888888889
0 0.745203125 0.5675138888888889 0.07829687500000002 0.12619444444444447
0 0.5407421875 0.5875833333333333 0.058499999999999996 0.15097222222222229
0 0.24394140625 0.4351944444444444 0.061460937499999965 0.1486111111111111
0 0.48061328124999997 0.5266944444444445 0.0666953125 0.13255555555555557
0 0.6887226562500001 0.5515277777777778 0.04561718749999999 0.1711666666666667
0 0.063890625 0.509826388888889 0.070046875 0.1485138888888889
0 0.33849999999999997 0.36384722222222216 0.05428124999999997 0.12324999999999997
0 0.39342578125000005 0.3992013888888889 0.051820312499999986 0.13120833333333337
1 0.8082890625000001 0.4989513888888889 0.04670312499999998 0.1688472222222222
