0 0.62457421875 0.6388333333333334 0.07453906249999998 0.16527777777777786
0 0.35252343750000004 0.5151249999999999 0.07170312500000002 0.14577777777777776
0 0.36827343749999997 0.6523194444444445 0.06974999999999998 0.16652777777777775
0 0.3750546875 0.36300000000000004 0.048249999999999994 0.15047222222222217
0 0.50158984375 0.5590277777777778 0.06938281250000004 0.17041666666666672
0 0.56475390625 0.4869652777777778 0.0571328125 0.1600972222222222
0 0.66090625 0.8170625000000001 0.06851562499999994 0.2202361111111112
0 0.45824999999999994 0.40775 0.060406250000000036 0.15552777777777776
2 0.703796875 0.36322916666666666 0.041953125000000036 0.16012500000000002
1 0.7013046875000001 0.5355694444444444 0.05971874999999995 0.1546111111111111
