0 0.760671875 0.4493958333333333 0.05095312500000002 0.14454166666666673
0 0.76706640625 0.6292222222222221 0.06675781249999994 0.1868333333333333
0 0.446390625 0.4159305555555556 0.05223437499999992 0.15230555555555558
0 0.64336328125 0.5060625 0.06092968750000001 0.1705972222222222
2 0.39529296875000003 0.26104166666666667 0.04461718749999997 0.1559166666666667
0 0.7793320312500001 0.4667083333333333 0.06978906250000003 0.16688888888888892
1 0.52919140625 0.4517569444444444 0.07342968750000001 0.13462500000000002
0 0.3238671875 0.46857638888888886 0.056640625 0.18529166666666663
0 0.426546875 0.9085833333333334 0.06221874999999995 0.18152777777777768
0 0.07669921875 0.9284027777777778 0.07758593750000001 0.13733333333333334
