0 0.7466640625000001 0.4333611111111111 0.05006249999999994 0.14752777777777773
0 0.7471328125000001 0.5853402777777778 0.060328125000000024 0.19276388888888885
0 0.4891562499999999 0.392 0.052046875000000006 0.12808333333333338
0 0.67609375 0.48668749999999994 0.06451562500000003 0.16759722222222223
2 0.421484375 0.2554652777777778 0.04440624999999998 0.155875
0 0.7903437499999999 0.4490902777777778 0.06479687499999995 0.1793194444444444
1 0.5368789062499999 0.4514861111111112 0.07152343750000005 0.13375
0 0.37755078124999997 0.4607847222222222 0.05908593750000004 0.18015277777777775
0 0.4936249999999999 0.8811874999999999 0.06437499999999999 0.22837499999999994
0 0.12601562500000002 0.8850277777777779 0.07489062499999999 0.2135833333333333
