0 0.8504765625000001 0.5200277777777778 0.059734374999999854 0.13994444444444443
0 0.57808984375 0.41554166666666664 0.05157031249999999 0.13941666666666666
0 0.7286796875 0.49838888888888894 0.06246875000000003 0.14361111111111116
0 0.88893359375 0.3228125 0.057679687499999945 0.1267361111111111
0 0.54542578125 0.48996527777777776 0.05386718750000004 0.15879166666666664
0 0.5020234374999999 0.28692361111111114 0.046781249999999996 0.12706944444444446
0 0.69432421875 0.35130555555555554 0.05319531249999994 0.13802777777777778
0 0.42381250000000004 0.6159791666666666 0.06276562499999998 0.1607638888888889
0 0.47906250000000006 0.7953125 0.08460937500000006 0.19562499999999997
0 0.960796875 0.39350694444444445 0.050796874999999984 0.14093055555555556
2 0.3932265625 0.9504583333333332 0.057734374999999984 0.09908333333333338
