0 0.7597265625 0.3927986111111111 0.05718749999999995 0.14318055555555556
0 0.7165742187499999 0.4387777777777778 0.05025781250000003 0.1687777777777778
0 0.648140625 0.3724097222222222 0.06145312500000007 0.15145833333333336
0 0.6179609375 0.4358472222222222 0.051078124999999995 0.17719444444444446
2 0.45561328124999995 0.20840972222222223 0.0408203125 0.15954166666666666
0 0.8296445312500002 0.43143055555555554 0.05114843750000002 0.15249999999999997
1 0.55508984375 0.3999652777777778 0.06486718749999998 0.16054166666666664
0 0.31341796874999994 0.5075208333333333 0.05736718750000001 0.17195833333333332
0 0.5257968749999999 0.8337013888888889 0.07289062499999996 0.18781944444444448
0 0.37444531249999996 0.6616527777777778 0.07092187499999998 0.17411111111111122
