0 0.51108203125 0.7059791666666667 0.0450234375 0.17720833333333338
0 0.68521875 0.7504583333333332 0.05518749999999999 0.14436111111111102
0 0.70984765625 0.31495138888888885 0.04249218749999999 0.12954166666666664
0 0.73001953125 0.6403125 0.07214843750000002 0.17923611111111104
0 0.49579296875 0.7239583333333334 0.05278906249999995 0.18597222222222226
0 0.7192421875 0.34602777777777777 0.03959375000000005 0.15586111111111112
2 0.5101796875 0.17877777777777779 0.032781250000000026 0.13891666666666666
1 0.74678125 0.3178958333333333 0.03774999999999995 0.15331944444444442
0 0.24850390625000002 0.5580208333333333 0.051898437500000005 0.1786805555555556
0 0.5195859374999999 0.8510694444444444 0.06693749999999996 0.14602777777777776
0 0.08492187500000001 0.9002777777777778 0.07609375 0.19944444444444448
