0 0.7451367187500001 0.4202569444444444 0.04250781249999998 0.17515277777777777
0 0.6882890625 0.46643749999999995 0.03949999999999996 0.14306944444444444
0 0.65164453125 0.39614583333333336 0.04733593750000002 0.1812083333333333
0 0.6937265625 0.3985972222222222 0.06387499999999999 0.17269444444444448
2 0.47226953125 0.2639444444444445 0.04135156250000005 0.16194444444444445
0 0.800359375 0.46870138888888896 0.07028125000000003 0.17237499999999994
1 0.56653125 0.45991666666666664 0.08153125000000001 0.12769444444444444
0 0.329953125 0.42333333333333334 0.05153124999999999 0.18616666666666665
0 0.70726953125 0.7100625 0.06755468749999993 0.21626388888888895
0 0.0805234375 0.9460694444444445 0.085328125 0.10786111111111106
