0 0.53612109375 0.6503680555555555 0.07713281250000001 0.1857638888888889
0 0.22102734374999997 0.26868749999999997 0.05621093749999999 0.11598611111111114
0 0.93296484375 0.6448611111111111 0.0662109375 0.18805555555555553
2 0.6112421875 0.176375 0.03770312499999999 0.1562222222222222
0 0.48449218750000006 0.29965277777777777 0.062796875 0.13850000000000004
1 0.63778515625 0.32534722222222223 0.062148437499999966 0.17861111111111114
0 0.6646093750000001 0.7160625 0.09050000000000002 0.21898611111111105
0 0.27806640625 0.44276388888888885 0.0603515625 0.1656666666666667
0 0.6771015625000001 0.28658333333333336 0.055312500000000056 0.06269444444444443
0 0.2798984375 0.8110763888888889 0.09237500000000001 0.17598611111111115
