0 0.960109375 0.41080555555555553 0.047968750000000074 0.13008333333333336
2 0.36084375 0.9265069444444445 0.053749999999999964 0.14698611111111118
0 0.26570703125 0.4516180555555555 0.05489843749999999 0.13598611111111114
0 0.51509765625 0.297 0.04182031250000007 0.10691666666666669
0 0.643359375 0.7758194444444445 0.04520312499999992 0.19791666666666674
0 0.43121875000000004 0.4452291666666667 0.044500000000000026 0.138375
0 0.8570078125 0.3464513888888889 0.051031250000000125 0.10415277777777779
2 0.82757421875 0.4137361111111111 0.04838281250000005 0.13675
0 0.3635234375 0.45243055555555556 0.04959375000000001 0.13869444444444445
0 0.46356640625 0.8497499999999999 0.0719765625 0.19266666666666654
0 0.5715585937500001 0.29100694444444447 0.0466796875 0.102875
