0 0.262765625 0.7185555555555556 0.04943750000000002 0.20658333333333334
0 0.44673437499999996 0.8164305555555557 0.06587500000000004 0.18502777777777782
0 0.60584765625 0.37148611111111113 0.044007812499999945 0.14555555555555558
0 0.5587031250000001 0.7881041666666667 0.06982812499999999 0.18890277777777784
0 0.20555859375000002 0.7622083333333333 0.06724218749999997 0.19763888888888897
0 0.6534531250000001 0.39646527777777774 0.05131249999999996 0.129125
2 0.41166015624999996 0.21743055555555557 0.03277343749999999 0.12808333333333333
1 0.64604296875 0.3546944444444444 0.0591796875 0.13388888888888886
0 0.06528125 0.5815138888888889 0.06221874999999999 0.17227777777777772
0 0.440421875 0.892875 0.07590625000000006 0.1540833333333334
