0 0.7856875000000001 0.5293680555555556 0.07000000000000002 0.14526388888888886
0 0.53716015625 0.4230416666666667 0.04908593750000003 0.13274999999999998
0 0.6482187500000001 0.5089583333333333 0.06196875000000004 0.15330555555555556
0 0.8050976562500001 0.3051875 0.057679687500000035 0.1267361111111111
0 0.51887890625 0.4877638888888889 0.047945312500000004 0.1684444444444444
0 0.397625 0.2880138888888889 0.05149999999999997 0.12925
0 0.66342578125 0.35756944444444444 0.04710156250000006 0.14216666666666664
0 0.3672578125 0.6366388888888889 0.05807812499999998 0.16816666666666663
0 0.51309765625 0.8029166666666667 0.08239843750000002 0.1952222222222222
0 0.88168359375 0.3724097222222222 0.06458593750000005 0.13979166666666665
2 0.32503906250000003 0.9536527777777778 0.057734374999999984 0.09269444444444445
2 0.9639296875 0.2445902777777778 0.038671875 0.15020833333333333
