0 0.52955859375 0.6541388888888889 0.10150781249999996 0.17327777777777775
0 0.22218749999999998 0.2808541666666667 0.065515625 0.12065277777777779
0 0.959859375 0.6404930555555555 0.058890624999999905 0.18548611111111105
2 0.63595703125 0.17581944444444444 0.0376953125 0.15622222222222223
0 0.49341796875000005 0.3067083333333333 0.05216406249999998 0.1385
1 0.66150390625 0.3214652777777778 0.05546093750000001 0.1749861111111111
0 0.6643125 0.7008055555555556 0.084078125 0.21538888888888888
0 0.29770703125 0.44068749999999995 0.06296093750000002 0.1625416666666667
0 0.704453125 0.2808888888888889 0.055312500000000056 0.06269444444444447
0 0.2967734375 0.8216180555555557 0.08896875 0.17290277777777763
