0 0.7390546875 0.4178958333333333 0.044062500000000074 0.17515277777777777
0 0.6891718750000001 0.46624305555555556 0.046578125000000005 0.15134722222222227
0 0.65441015625 0.3996736111111111 0.05021093749999998 0.1804305555555556
0 0.6707109375 0.4027152777777778 0.058578125000000016 0.16918055555555556
2 0.46562890625 0.2611875 0.04135156250000005 0.16195833333333334
0 0.79383203125 0.46712499999999996 0.06430468749999996 0.17236111111111113
1 0.5594531249999999 0.45912500000000006 0.08153125000000001 0.12769444444444444
0 0.30815625 0.42175694444444445 0.053515625 0.18695833333333337
0 0.70560546875 0.7187222222222223 0.0695390625 0.21313888888888893
0 0.09158593749999999 0.9496111111111112 0.08090624999999999 0.1007777777777777
