0 0.2314296875 0.28923611111111114 0.05404687500000001 0.1367777777777778
0 0.22894921875000002 0.4439444444444444 0.06602343749999999 0.12922222222222224
0 0.79657421875 0.8963958333333333 0.0956015625 0.2072083333333334
0 0.651421875 0.35475694444444444 0.053515625 0.11876388888888892
0 0.6027578124999999 0.2787777777777778 0.05042187499999997 0.10075000000000003
0 0.18825390625 0.5352083333333334 0.0616953125 0.1450277777777778
0 0.48760546875 0.5969513888888888 0.06850781250000004 0.14731944444444445
0 0.756453125 0.42352083333333335 0.0720625 0.1254583333333334
2 0.01502734375 0.6740694444444444 0.0300546875 0.1876944444444444
1 0.0729140625 0.39715277777777774 0.081140625 0.13111111111111107
