0 0.8319921874999998 0.3801875 0.06626562499999995 0.13693055555555553
0 0.7690390625 0.43006249999999996 0.05003124999999997 0.15648611111111113
0 0.69269140625 0.3764861111111111 0.0735390625 0.1564444444444444
0 0.6613906249999999 0.43270833333333325 0.05815624999999995 0.15336111111111114
2 0.5219921875 0.19174305555555557 0.039687499999999966 0.15284722222222225
0 0.9111367187500001 0.44181250000000005 0.06060156249999995 0.1488194444444445
1 0.62039453125 0.3560972222222222 0.05974218750000002 0.15452777777777776
0 0.39206640625 0.5047152777777778 0.06686718749999998 0.1524027777777778
0 0.61630859375 0.8326805555555555 0.06316406249999992 0.18991666666666668
0 0.4822421875 0.6668055555555555 0.07239062499999997 0.1729444444444445
0 0.41826171875 0.9233819444444445 0.0634765625 0.13845833333333324
