2 0.68378125 0.30320833333333336 0.03610937500000002 0.15075
0 0.75434765625 0.5622013888888888 0.0736328125 0.13001388888888882
0 0.5523984375 0.5800416666666667 0.05695312499999998 0.14736111111111114
0 0.25433984375 0.4296666666666667 0.05907031250000001 0.15030555555555558
0 0.49310546874999994 0.5231805555555555 0.06658593750000001 0.1344444444444444
0 0.69637890625 0.5411180555555556 0.04538281249999994 0.17204166666666668
0 0.08224218750000001 0.5049444444444444 0.06826562500000001 0.14724999999999996
0 0.34543359375 0.35736805555555556 0.053570312499999995 0.1221805555555556
0 0.39910546875 0.3940972222222222 0.052179687500000016 0.13077777777777777
1 0.82 0.49278472222222225 0.047656249999999914 0.17140277777777774
