0 0.36871484375 0.358 0.06308593750000005 0.1465
0 0.475421875 0.4123055555555556 0.05334374999999998 0.1376111111111111
0 0.46892578125 0.54375 0.05388281250000002 0.13519444444444448
0 0.66823046875 0.4317847222222222 0.060476562499999977 0.15401388888888887
0 0.42487109375000004 0.44364583333333335 0.05953906250000003 0.14859722222222224
0 0.10825 0.4248402777777778 0.05753125 0.16520833333333335
0 0.3413515625 0.4728680555555556 0.05354687499999997 0.15287499999999998
0 0.7353945312500001 0.5741597222222222 0.07352343750000001 0.17201388888888886
2 0.9041132812499999 0.31932638888888887 0.046195312499999905 0.16212499999999994
0 0.9439414062499999 0.4075486111111111 0.060304687499999864 0.16156944444444446
