0 0.38283203125 0.2957152777777778 0.04260156249999998 0.12501388888888892
0 0.37024609374999995 0.3819375 0.04928906249999998 0.12198611111111113
0 0.9557421875 0.8398958333333334 0.08851562499999996 0.22529166666666672
0 0.8547734374999999 0.3613194444444444 0.048453124999999986 0.11655555555555558
0 0.814953125 0.3308263888888889 0.045906249999999996 0.13201388888888893
0 0.18158984375 0.48027083333333326 0.07966406250000002 0.1527083333333333
0 0.81108203125 0.659611111111111 0.0849609375 0.17499999999999993
0 0.9422578125000001 0.44536111111111104 0.05021874999999998 0.11686111111111117
2 0.18208203125 0.6921666666666667 0.053617187499999996 0.22105555555555567
1 0.09133203125 0.45511805555555557 0.06521093749999998 0.12798611111111108
