0 0.98259765625 0.4669166666666667 0.034804687499999966 0.15447222222222226
0 0.69055859375 0.6516180555555556 0.06886718749999998 0.16712500000000005
0 0.34596875 0.4168472222222222 0.058109375 0.15227777777777776
0 0.35416015625 0.5144166666666666 0.05621093749999999 0.1650555555555556
2 0.5916054687500001 0.23656944444444447 0.039945312499999996 0.1431388888888889
0 0.8343320312500001 0.689576388888889 0.06644531249999996 0.17573611111111107
1 0.74565234375 0.34479166666666666 0.06144531249999998 0.1456111111111111
0 0.26686718750000005 0.8155486111111112 0.07859374999999998 0.17640277777777777
0 0.76303515625 0.7720555555555555 0.06177343750000004 0.11608333333333323
0 0.26889062499999994 0.896361111111111 0.068515625 0.20727777777777778
0 0.72798828125 0.8059027777777777 0.056367187499999985 0.11097222222222235
