0 0.7702734375 0.6284027777777779 0.07568750000000009 0.1639722222222222
0 0.35242968750000003 0.8602083333333334 0.10170312500000005 0.1981944444444445
0 0.470953125 0.3924722222222223 0.046531250000000045 0.1608055555555556
0 0.3406328125 0.4728402777777779 0.072265625 0.148875
0 0.82686328125 0.6832222222222223 0.10046093750000003 0.14916666666666664
0 0.45514062499999997 0.41451388888888885 0.050484375000000005 0.1815277777777778
2 0.448125 0.2629166666666667 0.0375 0.16822222222222222
1 0.5398203125000001 0.40000694444444446 0.06615624999999996 0.15323611111111113
0 0.241453125 0.5661458333333333 0.05812499999999998 0.18831944444444448
0 0.18841015625000002 0.6614444444444445 0.05950781249999999 0.1949444444444444
