0 0.39171875 0.7085694444444444 0.04806249999999999 0.1972499999999999
0 0.5733750000000001 0.7881250000000001 0.059078125 0.17605555555555563
0 0.66214453125 0.3451736111111111 0.04414843749999999 0.13445833333333335
0 0.6669218750000001 0.7076111111111111 0.074515625 0.18041666666666664
0 0.362640625 0.7423958333333333 0.05724999999999998 0.19890277777777776
0 0.6841015625 0.37477083333333333 0.04740625000000005 0.13401388888888885
2 0.46710546875 0.1976527777777778 0.03277343750000004 0.13169444444444445
1 0.70537109375 0.3337638888888889 0.05171093750000004 0.1443888888888889
0 0.16449609375000002 0.5648472222222222 0.0552265625 0.17269444444444448
0 0.483609375 0.8689027777777777 0.07418750000000003 0.1519444444444444
0 0.051234375 0.862875 0.07121875 0.23055555555555557
