0 0.7255859375 0.42056944444444444 0.056640625 0.15883333333333335
0 0.7025078125 0.47054166666666664 0.06135937499999997 0.16852777777777775
0 0.6202734375000001 0.39647222222222217 0.052359374999999986 0.1667777777777778
0 0.6055546875 0.4555972222222222 0.049796875000000004 0.19172222222222224
2 0.41700781249999996 0.2433402777777778 0.04134375000000001 0.16745833333333335
0 0.76732421875 0.45805555555555555 0.050820312500000055 0.17083333333333334
1 0.51612890625 0.45139583333333333 0.07389843750000002 0.13604166666666673
0 0.128453125 0.47981250000000003 0.067359375 0.20981944444444445
0 0.48644140625 0.8568819444444443 0.0839921875 0.26337499999999997
0 0.016117187499999998 0.7165833333333335 0.032234374999999996 0.2423611111111112
