0 0.1591796875 0.892 0.074359375 0.21599999999999997
2 0.77235546875 0.18445833333333334 0.03939843750000005 0.13249999999999998
0 0.3859375 0.4713611111111111 0.06318750000000004 0.16430555555555548
1 0.7873359375000001 0.3340902777777778 0.06460937500000004 0.1492083333333333
0 0.2946875 0.5871111111111111 0.081640625 0.15047222222222217
0 0.48667578124999994 0.5529375 0.05836718749999994 0.14373611111111112
0 0.8086484375000002 0.25900694444444444 0.04859375000000003 0.07454166666666664
0 0.640640625 0.799701388888889 0.058296875000000005 0.13081944444444435
0 0.6184609375 0.8021388888888888 0.05154687500000001 0.1483611111111112
0 0.0566953125 0.7622499999999999 0.08775 0.21105555555555552
0 0.9194609375 0.6578611111111111 0.05864062499999996 0.16405555555555557
