0 0.7729843750000001 0.6448819444444444 0.07667187499999999 0.16765277777777776
0 0.39366406249999997 0.867486111111111 0.10376562499999994 0.1919166666666666
0 0.4915234375 0.391125 0.041640624999999966 0.16080555555555556
0 0.369453125 0.4858263888888889 0.07359374999999999 0.15309722222222225
0 0.8248984375000001 0.7046458333333334 0.10393750000000006 0.1482638888888889
0 0.47107031250000003 0.4084305555555555 0.04985937500000004 0.18105555555555558
2 0.450921875 0.2571805555555556 0.036234375 0.16755555555555557
1 0.5542695312499999 0.39255555555555555 0.06616406249999995 0.15325
0 0.258265625 0.5710347222222222 0.055171875 0.18368055555555557
0 0.22368359375 0.6800138888888889 0.057710937500000004 0.19516666666666665
