0 0.979671875 0.2637222222222222 0.03315625000000004 0.14633333333333334
0 0.6186953125 0.22923611111111114 0.03926562499999999 0.1340277777777778
0 0.95714453125 0.9634722222222223 0.06858593749999997 0.07305555555555558
0 0.45725781249999997 0.20547916666666666 0.03937499999999998 0.13106944444444443
0 0.573515625 0.5944097222222222 0.059375 0.16812500000000002
2 0.33718750000000003 0.2306875 0.03850000000000002 0.13093055555555555
0 0.47941015625 0.4880277777777778 0.05682031250000001 0.1368888888888889
0 0.0843046875 0.5260763888888889 0.05592187499999999 0.1920138888888889
0 0.67394140625 0.26505555555555554 0.054398437499999994 0.10713888888888887
0 0.1264921875 0.6401319444444444 0.05792187499999999 0.16504166666666656
