0 0.7458125000000001 0.5947083333333333 0.066703125 0.15019444444444444
0 0.29741015625 0.8402777777777778 0.0845703125 0.20905555555555552
0 0.4285781249999999 0.39537500000000003 0.06203124999999998 0.16080555555555556
0 0.2825546875 0.44640277777777776 0.06453125000000001 0.14672222222222228
0 0.8154140625 0.6436666666666666 0.087109375 0.1458055555555555
0 0.4229453125 0.42647222222222225 0.05050000000000003 0.18225000000000005
2 0.44160937499999997 0.2723263888888889 0.03914062499999993 0.16823611111111111
1 0.51251171875 0.4152291666666667 0.06616406250000004 0.1532361111111111
0 0.20842968750000002 0.5541805555555556 0.06707812500000002 0.1904722222222222
0 0.11871484375 0.6284583333333333 0.0652109375 0.19419444444444445
