0 0.63912109375 0.3891597222222222 0.033085937500000016 0.18273611111111115
0 0.639984375 0.7790694444444445 0.06512500000000002 0.22158333333333335
0 0.6932734375 0.6999583333333333 0.054749999999999945 0.2308333333333334
0 0.7464492187499999 0.6790833333333334 0.05677343749999997 0.21549999999999997
0 0.571328125 0.4693541666666667 0.04901562500000001 0.19720833333333335
2 0.7123242187500001 0.4009930555555556 0.05421093749999999 0.18154166666666663
1 0.49119921874999994 0.42066666666666663 0.041304687500000006 0.17574999999999996
0 0.7368476562499999 0.6354097222222223 0.06288281250000001 0.2085416666666667
0 0.60036328125 0.7392569444444445 0.055648437500000016 0.1963472222222223
0 0.28876171875 0.8123263888888889 0.06661718749999998 0.22923611111111106
