0 0.36250390625 0.7107569444444445 0.04935156249999997 0.19756944444444444
0 0.54795703125 0.7966875 0.0599609375 0.18326388888888895
0 0.6513046874999999 0.35204166666666664 0.04451562500000002 0.1355833333333333
0 0.6484453125 0.7287291666666668 0.07876562499999995 0.17918055555555562
0 0.3299921875 0.7492361111111112 0.05826562499999999 0.20183333333333334
0 0.6761132812499999 0.38130555555555556 0.049179687499999944 0.12905555555555553
2 0.45731640625000003 0.20194444444444445 0.03277343750000004 0.13005555555555556
1 0.69282421875 0.3383819444444444 0.0548828125 0.14237499999999997
0 0.13954296875 0.5745833333333333 0.05597656250000001 0.17133333333333337
0 0.47543359375000005 0.8729583333333333 0.07583593750000003 0.15330555555555556
0 0.03877734375 0.8595763888888889 0.0605078125 0.22720833333333337
