0 0.5721093749999999 0.6005277777777778 0.06157812500000004 0.17444444444444449
0 0.2731015625 0.4603055555555555 0.04962499999999999 0.1759722222222222
0 0.3381875 0.6236458333333333 0.059671875 0.18598611111111116
0 0.48391796875 0.32718055555555553 0.05278906250000004 0.11763888888888892
0 0.5401171874999999 0.4586736111111111 0.05362499999999999 0.1553194444444445
0 0.70051953125 0.4583472222222222 0.05589843750000005 0.17044444444444448
0 0.9749570312500001 0.6786736111111111 0.05008593749999992 0.19945833333333343
0 0.463296875 0.3695486111111111 0.067375 0.12362499999999998
2 0.8719140624999999 0.3862083333333333 0.03781250000000007 0.16661111111111113
1 0.8666796874999999 0.5289166666666667 0.047171874999999905 0.1743333333333333
