0 0.9839453125000001 0.25161805555555555 0.032109374999999926 0.134125
0 0.5769453125 0.21509027777777778 0.03507812500000007 0.13251388888888888
0 0.84999609375 0.9392361111111112 0.06858593750000015 0.12152777777777778
0 0.3665390625 0.18921527777777775 0.03937499999999998 0.13106944444444443
0 0.41741796875000003 0.6544861111111111 0.060195312500000056 0.1680277777777778
2 0.28615625 0.2272708333333333 0.03850000000000002 0.13093055555555558
0 0.34025 0.38970138888888894 0.04915625000000001 0.11462500000000005
0 0.0989765625 0.4868680555555555 0.04768750000000001 0.18754166666666672
0 0.61737890625 0.22725694444444444 0.04769531249999996 0.10115277777777777
0 0.01547265625 0.5698888888888889 0.0309453125 0.1786388888888889
