0 0.9369531249999999 0.4074652777777778 0.0584843750000001 0.12584722222222225
2 0.35788671875 0.9282777777777778 0.05447656249999997 0.1434444444444444
0 0.23473046875000003 0.4607361111111111 0.04977343749999998 0.1384166666666667
0 0.46307421875 0.30125694444444445 0.04182031249999998 0.10693055555555557
0 0.619734375 0.7739999999999999 0.04520312500000001 0.19791666666666666
0 0.39305078125000004 0.4546736111111111 0.0400390625 0.14506944444444442
0 0.82859765625 0.3476736111111111 0.05103906249999994 0.10415277777777775
2 0.7800039062499999 0.4162777777777778 0.04633593749999996 0.13494444444444448
0 0.33853125 0.46247916666666666 0.05643750000000001 0.14418055555555556
0 0.46294531249999993 0.8547013888888889 0.06221874999999999 0.20448611111111115
0 0.5297968750000001 0.2943541666666667 0.047359375 0.09981944444444445
