0 0.74494921875 0.43234722222222227 0.05061718749999997 0.14966666666666664
0 0.74528515625 0.5808819444444444 0.06017968749999998 0.19179166666666664
0 0.4943085937499999 0.39119444444444446 0.05186718749999999 0.1295277777777778
0 0.6779531249999999 0.48404166666666665 0.06423437500000002 0.16719444444444445
2 0.42453515625 0.25503472222222223 0.04419531250000004 0.15581944444444445
0 0.79194140625 0.4490277777777777 0.06317968749999991 0.1788888888888889
1 0.53830859375 0.4516388888888888 0.07152343749999997 0.13375
0 0.379875 0.45983333333333337 0.05815625000000004 0.1818611111111111
0 0.49969921875 0.8769444444444444 0.06605468749999996 0.2306388888888888
0 0.12846484375 0.878048611111111 0.0761171875 0.21479166666666663
