0 0.9832656249999999 0.8414513888888889 0.033468749999999936 0.21573611111111116
0 0.9069921875 0.4054097222222222 0.060249999999999915 0.12731944444444446
2 0.35369140625 0.9292638888888888 0.05694531250000003 0.14147222222222225
0 0.19660937500000003 0.4760138888888889 0.05050000000000001 0.14658333333333337
0 0.40488671875 0.3068194444444444 0.04302343749999995 0.10736111111111113
0 0.59240234375 0.7731944444444445 0.04689843749999998 0.19663888888888886
0 0.35487890625 0.4645763888888889 0.0409140625 0.15048611111111115
0 0.79440625 0.3513194444444444 0.05103125000000004 0.10413888888888888
2 0.7239882812499999 0.41635416666666664 0.04422656250000001 0.13306944444444443
0 0.30779296875 0.4727291666666667 0.056164062500000035 0.1472361111111111
0 0.46167187500000006 0.853125 0.059203125000000065 0.21061111111111125
0 0.48771484374999996 0.29579166666666673 0.04630468749999998 0.10238888888888889
