0 0.7322031250000001 0.6857708333333333 0.059328125000000044 0.16318055555555558
0 0.57420703125 0.8637847222222221 0.07358593750000005 0.15815277777777778
0 0.54615625 0.3851736111111111 0.04118750000000002 0.16079166666666664
0 0.45226953124999997 0.5210069444444444 0.06467968749999997 0.1689583333333333
0 0.76880859375 0.762236111111111 0.07974218749999995 0.13691666666666671
0 0.51918359375 0.3932916666666667 0.04605468749999995 0.17602777777777778
2 0.45687109375000007 0.23779166666666668 0.031539062500000006 0.16044444444444445
1 0.596765625 0.37438194444444445 0.06449999999999996 0.15101388888888892
0 0.29715625 0.585 0.05842187499999998 0.16719444444444445
0 0.32420703125 0.7402777777777778 0.057710937500000004 0.19516666666666665
