2 0.7776171875 0.1988402777777778 0.03909374999999997 0.12920833333333334
0 0.12262890625 0.5584930555555556 0.0615703125 0.1414027777777778
1 0.8109609375 0.34545138888888893 0.05642187500000011 0.13993055555555559
0 0.0141328125 0.5604791666666666 0.028265625 0.14465277777777774
0 0.4716875 0.666125 0.06754687500000003 0.1538888888888889
0 0.8364843749999998 0.2557152777777778 0.04859375000000003 0.07454166666666664
0 0.6069453125 0.7900416666666665 0.07346874999999997 0.1563333333333334
0 0.57262109375 0.8301874999999999 0.0904296875 0.16612500000000002
0 0.384796875 0.7971736111111112 0.071046875 0.15351388888888884
0 0.9120546875000001 0.6575486111111112 0.05540625000000006 0.1844305555555556
