2 0.8456210937499999 0.24342361111111113 0.040335937500000085 0.14948611111111113
0 0.8747578125000001 0.4923958333333333 0.05259374999999995 0.15612500000000004
0 0.6848398437500001 0.5052152777777777 0.05421093749999999 0.13745833333333338
0 0.38928515625 0.38338888888888883 0.056085937499999974 0.14783333333333332
0 0.6310703125 0.48030555555555565 0.06106249999999998 0.15180555555555558
0 0.79380859375 0.4288263888888889 0.04855468750000007 0.175875
0 0.26358203125 0.4552777777777778 0.053851562500000005 0.1440555555555556
0 0.44104687499999995 0.28920833333333335 0.047500000000000056 0.11744444444444445
0 0.48731640625 0.3459583333333333 0.055929687499999936 0.12630555555555556
1 0.96017578125 0.4285763888888889 0.048476562499999966 0.17787500000000003
0 0.053128906249999996 0.6398125 0.0761015625 0.1875972222222223
