2 0.3783515625 0.9227152777777778 0.074328125 0.1545694444444444
0 0.34428125 0.42402083333333335 0.05812499999999998 0.13173611111111114
0 0.6692734375 0.29410416666666667 0.04349999999999996 0.108125
0 0.7306171875 0.7787847222222223 0.046218749999999975 0.19701388888888885
0 0.5357695312499999 0.4225625 0.05080468749999998 0.13062499999999994
0 0.949046875 0.3446527777777778 0.04873437500000009 0.10855555555555559
2 0.95791015625 0.4026527777777778 0.055007812499999885 0.1413611111111111
0 0.43859765624999997 0.4268333333333334 0.06658593750000001 0.12249999999999998
0 0.49426953124999995 0.8217083333333334 0.0983359375 0.16436111111111099
0 0.6923515625000001 0.28358333333333335 0.04607812500000001 0.10558333333333335
