0 0.5563750000000001 0.6961805555555556 0.06473437500000001 0.17719444444444443
0 0.71872265625 0.7406180555555556 0.05435156250000004 0.1360694444444445
0 0.7173359375 0.32684027777777774 0.024390624999999933 0.15612499999999996
0 0.7256875 0.6059097222222222 0.07845312500000005 0.16804166666666667
0 0.55523046875 0.7358611111111111 0.05196093749999999 0.19016666666666662
0 0.7027070312499999 0.33902777777777776 0.03960156249999995 0.15586111111111106
2 0.52812109375 0.16902083333333331 0.03278906250000002 0.1441527777777778
1 0.73103125 0.31509722222222225 0.03775000000000004 0.15333333333333335
0 0.27461328125 0.5734375 0.04641406249999998 0.17870833333333327
0 0.5061953125 0.8384722222222223 0.06693749999999996 0.14602777777777776
0 0.07745703125 0.9233611111111111 0.06116406249999999 0.1532777777777778
