0 0.7744765625 0.530701388888889 0.06665625000000004 0.14793055555555554
0 0.52862890625 0.42512500000000003 0.04908593749999994 0.13274999999999998
0 0.63323828125 0.510888888888889 0.060789062500000046 0.15477777777777776
0 0.7870234375 0.30252083333333335 0.05768749999999993 0.1267361111111111
0 0.5140859375 0.4874236111111111 0.04703125000000004 0.16993055555555558
0 0.3769609375 0.2880138888888889 0.051671875000000034 0.12925
0 0.6535507812500001 0.3578680555555555 0.04710156250000006 0.14215277777777774
0 0.35278124999999994 0.6391666666666667 0.05825 0.16966666666666663
0 0.51426953125 0.8033611111111111 0.08474218750000002 0.1961111111111111
0 0.86628515625 0.3688402777777778 0.06458593750000005 0.13979166666666665
2 0.3116484375 0.9546944444444444 0.057734375000000025 0.09061111111111113
2 0.9471953125000001 0.2442152777777778 0.038671875 0.15020833333333333
