0 0.38899609375 0.37680555555555556 0.06057031249999998 0.15383333333333335
0 0.53738671875 0.442 0.07077343750000002 0.12672222222222224
0 0.15837890625 0.4072430555555555 0.05597656250000001 0.13243055555555555
0 0.59596875 0.9086944444444445 0.07034374999999997 0.1705555555555555
0 0.31035546875 0.5729930555555556 0.06872656250000002 0.15923611111111108
2 0.038515625 0.22511111111111112 0.04221874999999999 0.13794444444444445
0 0.51646484375 0.715173611111111 0.06560156249999993 0.1805416666666666
0 0.4672109375 0.659611111111111 0.062703125 0.18705555555555556
0 0.8992265625000002 0.8585833333333335 0.07479687500000001 0.2520555555555554
2 0.9264921874999998 0.24530555555555555 0.054421875000000064 0.12555555555555556
