0 0.355828125 0.3484027777777778 0.06934375 0.14169444444444446
0 0.45835546874999994 0.3929097222222222 0.056960937499999975 0.1294861111111111
0 0.5052578125 0.5595555555555556 0.05575000000000001 0.14619444444444443
0 0.6777460937500001 0.41756944444444444 0.053007812500000015 0.1560833333333333
0 0.4535234375 0.4328819444444444 0.05954687500000002 0.15231944444444448
0 0.10302343750000001 0.42467361111111107 0.056625000000000016 0.15193055555555554
0 0.38211328125 0.47350694444444436 0.05080468750000002 0.15304166666666666
0 0.693109375 0.5577222222222222 0.08024999999999993 0.1565555555555556
2 0.89520703125 0.32708333333333334 0.046195312500000085 0.1621388888888889
0 0.9566250000000001 0.405375 0.05178124999999998 0.17147222222222228
