0 0.62327734375 0.6128194444444445 0.06286718750000002 0.1882777777777778
0 0.33486328125 0.46530555555555553 0.04617968750000001 0.17369444444444446
0 0.377046875 0.6201805555555555 0.05879687499999999 0.19133333333333333
0 0.45930859375 0.34099305555555554 0.05450781249999999 0.11765277777777779
0 0.5735742187499999 0.48552777777777784 0.056632812500000004 0.16150000000000003
0 0.71649609375 0.47445833333333337 0.05071093750000007 0.17808333333333337
0 0.9611171875 0.7063680555555555 0.06031249999999986 0.19945833333333335
0 0.49396874999999996 0.37569444444444444 0.05871874999999997 0.13744444444444445
2 0.8831445312500001 0.3846736111111111 0.037820312500000064 0.166625
1 0.8783359374999999 0.5392847222222221 0.05062500000000014 0.1643472222222222
