0 0.72036328125 0.41297916666666673 0.05833593749999997 0.16140277777777776
0 0.68916796875 0.45766666666666667 0.06097656249999996 0.1854444444444444
0 0.62933203125 0.3809652777777777 0.06147656249999996 0.15062499999999998
0 0.598140625 0.4571875 0.05037500000000002 0.20034722222222223
2 0.41860546875000004 0.23351388888888888 0.04135156249999996 0.16194444444444445
0 0.77894921875 0.44536111111111104 0.04947656250000003 0.16322222222222227
1 0.52057421875 0.42925694444444445 0.06958593750000004 0.15170833333333336
0 0.25061328125 0.5177986111111111 0.05207031250000003 0.19909722222222226
0 0.45695703125 0.854986111111111 0.08444531250000002 0.22144444444444436
0 0.27221875 0.6742152777777778 0.06471875000000002 0.20262499999999997
