0 0.58201171875 0.6407499999999999 0.06266406250000003 0.17349999999999993
0 0.30626953125 0.5213125000000001 0.04875781250000002 0.17870833333333336
0 0.33288671875000003 0.655 0.05591406249999999 0.1875
0 0.34974218749999997 0.36542361111111116 0.04176562499999999 0.14601388888888892
0 0.36524999999999996 0.5789375000000001 0.05918749999999999 0.17854166666666668
0 0.43786718750000003 0.4613611111111111 0.043593749999999966 0.15955555555555556
0 0.49651562499999996 0.8745416666666667 0.07126562500000003 0.21177777777777781
0 0.4364296875 0.3978055555555556 0.046250000000000034 0.1510277777777778
2 0.6011484375 0.3286736111111111 0.040328125000000006 0.1532638888888889
1 0.6300585937500001 0.5006527777777778 0.06313281249999995 0.13211111111111104
