0 0.7457265625 0.3973263888888889 0.04050000000000002 0.1699861111111111
0 0.70165234375 0.4442013888888889 0.05558593750000007 0.17790277777777777
0 0.6614765625000001 0.4065555555555556 0.061484374999999945 0.17752777777777776
0 0.690640625 0.4382847222222222 0.044578124999999955 0.17204166666666668
2 0.49665234374999995 0.2622361111111111 0.03880468749999997 0.15450000000000003
0 0.824640625 0.4625 0.056374999999999884 0.18127777777777776
1 0.58569921875 0.46029861111111103 0.06567968750000004 0.12979166666666664
0 0.40190625 0.4432916666666667 0.053984375000000015 0.19883333333333333
0 0.6456640625000001 0.72225 0.06267187499999993 0.1878611111111111
0 0.08346875000000001 0.6660347222222222 0.07142187500000001 0.21170833333333333
