0 0.316703125 0.5830277777777777 0.08557812499999998 0.15166666666666664
0 0.5329765625 0.3174097222222222 0.04928125000000003 0.1235694444444444
0 0.26371875 0.35825 0.062359375000000036 0.11477777777777776
0 0.01840234375 0.3600763888888889 0.0368046875 0.13087500000000002
0 0.0371640625 0.44436805555555553 0.052625 0.11462499999999996
2 0.35334765625 0.2945 0.05203906249999997 0.15774999999999997
0 0.35666015624999997 0.6492986111111111 0.07541406250000002 0.12726388888888882
0 0.87446484375 0.38786805555555554 0.05194531250000001 0.15009722222222224
0 0.94050390625 0.4175833333333333 0.04430468750000003 0.13963888888888892
0 0.9748125 0.6896944444444444 0.05037500000000002 0.17105555555555552
