0 0.518703125 0.6582569444444444 0.07271875000000003 0.14962499999999995
0 0.2237890625 0.2975763888888889 0.07831249999999998 0.12706944444444446
0 0.9864531249999999 0.6323958333333333 0.02709375000000005 0.17270833333333335
2 0.6833828125 0.16854166666666665 0.03770312499999999 0.15622222222222223
0 0.52341796875 0.3142777777777778 0.04610156249999999 0.13855555555555557
1 0.70268359375 0.31612500000000004 0.0633828125 0.17
0 0.66390234375 0.6798263888888889 0.07525781250000003 0.21043055555555554
0 0.34181249999999996 0.4378472222222222 0.066546875 0.15827777777777782
0 0.7420703125 0.27306250000000004 0.055312499999999966 0.06270833333333334
0 0.33525 0.8382847222222223 0.10260937500000003 0.1686527777777777
