0 0.64345703125 0.37710416666666663 0.03338281250000001 0.18273611111111115
0 0.61434375 0.6890486111111112 0.07209374999999998 0.19954166666666676
0 0.71737109375 0.7023402777777777 0.06032031250000003 0.21420833333333328
0 0.6837617187499999 0.6463333333333333 0.06041406250000003 0.1724722222222223
0 0.59016796875 0.43728472222222226 0.048585937499999954 0.18406944444444445
2 0.67371484375 0.35803472222222216 0.03958593750000006 0.176125
1 0.50908984375 0.4010833333333333 0.03763281250000006 0.16574999999999995
0 0.8182578125 0.6276597222222222 0.09209375 0.17718055555555562
0 0.54379296875 0.6829861111111111 0.07407031250000004 0.18600000000000003
0 0.25098828125 0.8840555555555555 0.0655703125 0.22619444444444448
0 0.04055859375 0.9448819444444445 0.0811171875 0.11023611111111112
