0 0.5270976562499999 0.6555625 0.1106484375 0.1685972222222223
0 0.22262890625000004 0.2854097222222222 0.06900781249999999 0.12240277777777778
0 0.9699453124999999 0.6388541666666667 0.0561406250000001 0.18451388888888884
2 0.6452265625 0.1756111111111111 0.03770312499999999 0.15622222222222223
0 0.49676953125 0.30936111111111114 0.048179687500000054 0.13850000000000004
1 0.67040234375 0.3200069444444445 0.05294531249999999 0.17362500000000003
0 0.664203125 0.6950833333333334 0.08167187500000006 0.21402777777777773
0 0.3050703125 0.4399166666666667 0.06393750000000002 0.16138888888888886
0 0.7147109374999999 0.27875694444444443 0.055312500000000056 0.06270833333333334
0 0.30310546875 0.8255763888888888 0.0876953125 0.1717361111111111
