0 0.63912109375 0.3814861111111111 0.033085937500000016 0.18274999999999997
0 0.642140625 0.7571527777777778 0.06512500000000002 0.22158333333333327
0 0.6972890625 0.6952847222222223 0.05414062499999996 0.2269861111111112
0 0.734421875 0.6626388888888889 0.054296875 0.20344444444444448
0 0.57303125 0.458125 0.04871875000000001 0.19008333333333327
2 0.7026171875 0.391125 0.04651562499999997 0.18152777777777776
1 0.49598046875 0.4149236111111111 0.03853906249999994 0.17301388888888883
0 0.7566914062500001 0.6313541666666667 0.06288281249999991 0.20854166666666663
0 0.59126953125 0.7228055555555557 0.05903906250000004 0.18975
0 0.28084375 0.8220138888888889 0.0660625 0.22925
0 0.0229296875 0.9654930555555555 0.045859375 0.06901388888888896
