2 0.65653125 0.31383333333333335 0.03610937500000002 0.15075000000000002
0 0.7360625 0.5728194444444444 0.08296875000000004 0.12236111111111114
0 0.52908203125 0.595125 0.0600546875 0.15458333333333335
0 0.2335390625 0.44072222222222224 0.06384375000000002 0.14691666666666664
0 0.468125 0.5302013888888889 0.06681249999999998 0.13065277777777776
0 0.68107421875 0.5619375000000001 0.04585156250000004 0.17031944444444452
0 0.04554296875 0.5147083333333333 0.07183593749999999 0.14977777777777773
0 0.33156640625 0.3703194444444444 0.05500781250000002 0.12430555555555556
0 0.38774609375 0.4043055555555556 0.051460937500000005 0.1316388888888889
1 0.7965781250000001 0.5051041666666667 0.04575000000000005 0.1662916666666667
