0 0.49585156250000006 0.7055277777777778 0.045140625000000066 0.18205555555555553
0 0.66996875 0.7555902777777778 0.05571875000000004 0.14868055555555548
0 0.7033437499999999 0.31906944444444446 0.04271874999999996 0.13022222222222224
0 0.7238984374999999 0.6459930555555555 0.07024999999999997 0.18029166666666668
0 0.47883203124999996 0.7251458333333334 0.05339843750000002 0.18773611111111121
0 0.71444921875 0.3499444444444444 0.040664062499999966 0.1528888888888889
2 0.5043046875 0.18135416666666665 0.032781250000000026 0.13793055555555553
1 0.743015625 0.3194513888888889 0.03965625000000008 0.15209722222222222
0 0.23783203125000002 0.557861111111111 0.05235156249999999 0.1778611111111111
0 0.5146796874999999 0.8534999999999999 0.06792187499999995 0.14683333333333337
0 0.08096874999999999 0.8944791666666668 0.076703125 0.20506944444444442
