0 0.7201523437499999 0.41213194444444445 0.047867187499999984 0.1751805555555556
0 0.711265625 0.46694444444444444 0.06389062499999998 0.17152777777777778
0 0.6311289062500001 0.405125 0.05661718750000002 0.16274999999999998
0 0.6015429687499999 0.4218194444444444 0.04561718749999999 0.16055555555555553
2 0.43279296875 0.24855555555555553 0.04135156250000005 0.16194444444444445
0 0.76259765625 0.4526458333333333 0.04971093750000009 0.17234722222222218
1 0.527859375 0.4477569444444444 0.07689062499999996 0.1277083333333333
0 0.190765625 0.4332777777777778 0.053703125000000004 0.1983611111111111
0 0.654546875 0.7916180555555554 0.08006249999999993 0.2391527777777777
0 0.1525078125 0.9647291666666666 0.07007812499999999 0.07054166666666661
