0 0.960609375 0.2682361111111111 0.034453125000000105 0.14724999999999996
0 0.6066171875 0.2350902777777778 0.03926562499999999 0.13404166666666667
0 0.95714453125 0.9634722222222223 0.06858593749999997 0.07305555555555558
0 0.58046484375 0.5963680555555555 0.061585937499999945 0.16554166666666667
2 0.3183984375 0.23893055555555556 0.03849999999999998 0.13091666666666665
0 0.49057421874999996 0.516 0.05938281250000008 0.1368888888888889
0 0.05749609375 0.5332013888888889 0.05160156250000001 0.1920138888888889
0 0.64758203125 0.2761180555555556 0.04999218750000001 0.107125
0 0.10444921874999999 0.6582152777777778 0.05453906249999999 0.1749027777777778
0 0.9714921875 0.42311805555555554 0.0452031250000001 0.1504027777777778
