0 0.76383984375 0.6195347222222222 0.07332031250000011 0.16034722222222228
0 0.33794921875 0.8549583333333334 0.09719531249999998 0.20105555555555554
0 0.45980078125000007 0.3932361111111111 0.05061718750000006 0.1608055555555555
0 0.32534765625 0.4658819444444445 0.07022656249999999 0.1483194444444444
0 0.8238476562500001 0.6728124999999999 0.09694531249999994 0.14829166666666657
0 0.4466679687499999 0.4176666666666667 0.050492187499999994 0.18172222222222217
2 0.44641015624999997 0.26538888888888884 0.03792968749999996 0.1682222222222222
1 0.53263671875 0.4040069444444444 0.06616406250000004 0.15323611111111113
0 0.232765625 0.5630000000000001 0.060484374999999965 0.18888888888888888
0 0.17006640625 0.6527569444444444 0.06100781250000002 0.19473611111111117
