0 0.8061171874999999 0.29990972222222223 0.03531250000000004 0.15187500000000004
0 0.74168359375 0.2516111111111111 0.0392578125 0.15330555555555556
0 0.8439140625 0.4772708333333333 0.051125000000000045 0.1641805555555556
2 0.38077734375 0.2703888888888889 0.05682031250000001 0.13044444444444442
0 0.9573984375 0.5686388888888889 0.0676874999999999 0.16508333333333336
0 0.44008984375000004 0.3846875 0.05482031249999997 0.1381805555555556
0 0.75660546875 0.3635486111111111 0.037867187500000024 0.15029166666666668
0 0.741109375 0.326 0.044343749999999994 0.1368055555555556
0 0.11469531250000001 0.44137499999999996 0.06271874999999999 0.1756666666666666
0 0.08226171875 0.6463402777777778 0.08286718750000002 0.16673611111111114
