0 0.019164062500000002 0.9252361111111113 0.038328125000000005 0.14952777777777773
2 0.7464140625 0.19424305555555557 0.03303124999999998 0.1310138888888889
0 0.2408046875 0.5187361111111112 0.06081249999999998 0.1400555555555556
1 0.7655078124999999 0.34654861111111107 0.061421875 0.15773611111111113
0 0.12792578125 0.5807847222222222 0.05930468749999999 0.1577361111111111
0 0.44822656250000004 0.602111111111111 0.05337499999999995 0.15211111111111109
0 0.7873281249999999 0.2593125 0.04859375000000012 0.07454166666666664
0 0.60774609375 0.7926527777777779 0.0653359375 0.1563055555555555
0 0.5818007812499999 0.8050347222222223 0.06882031250000002 0.15109722222222216
0 0.1731171875 0.7707291666666668 0.06685937499999998 0.1861527777777778
0 0.8849843750000002 0.6628472222222223 0.053749999999999964 0.17097222222222216
