0 0.629671875 0.6143611111111111 0.06303125000000005 0.19
0 0.34258203125 0.46593055555555557 0.045757812499999995 0.1734166666666666
0 0.38190234375 0.6197430555555556 0.0586953125 0.19201388888888896
0 0.45623046875 0.34271527777777777 0.054726562499999964 0.11765277777777779
0 0.57775390625 0.48888194444444444 0.05700781250000002 0.16226388888888896
0 0.71849609375 0.4764652777777778 0.050070312500000026 0.17904166666666663
0 0.95337890625 0.7090138888888889 0.06416406250000009 0.1994444444444444
0 0.49780078124999994 0.3764583333333333 0.057632812500000075 0.13916666666666666
2 0.8845468750000001 0.38447916666666665 0.03781250000000007 0.166625
1 0.8797968749999999 0.5405763888888889 0.05106249999999992 0.16309722222222223
