0 0.9785546875 0.26430555555555557 0.03445312499999993 0.14750000000000002
0 0.613515625 0.23174305555555558 0.03926562499999999 0.1340416666666667
0 0.95714453125 0.9634722222222223 0.06858593749999997 0.07305555555555558
0 0.57649609375 0.59525 0.06032031250000003 0.16702777777777778
2 0.32913671875 0.23422222222222225 0.03849218749999998 0.13091666666666668
0 0.4841953125 0.5000138888888889 0.057906250000000006 0.1368888888888889
0 0.07281640625 0.5291319444444444 0.05407031250000001 0.1920138888888889
0 0.66264453125 0.26979166666666665 0.05250781249999994 0.10713888888888887
0 0.11704296875 0.6478819444444445 0.05647656250000001 0.16926388888888882
0 0.9835898437499999 0.42344444444444446 0.03282031249999999 0.15022222222222217
