0 0.55808984375 0.6367708333333334 0.08030468749999997 0.18798611111111108
0 0.23313671874999997 0.25256944444444446 0.051335937499999984 0.1112222222222222
0 0.8933046874999999 0.6488263888888889 0.06785937499999992 0.18901388888888893
2 0.5855390625 0.17658333333333334 0.04112499999999999 0.1562222222222222
0 0.4812890625 0.2921666666666667 0.054062499999999944 0.14816666666666664
1 0.6179296875 0.3304652777777778 0.06671874999999998 0.18120833333333336
0 0.6768671875 0.7196597222222222 0.09117187500000004 0.22218055555555552
0 0.2640234375 0.44779861111111113 0.06314062499999999 0.16681944444444446
0 0.656734375 0.2929791666666667 0.054953124999999936 0.06270833333333334
0 0.26295703125 0.8010416666666667 0.0916015625 0.17713888888888885
