0 0.60558984375 0.7065625 0.05427343750000002 0.15520833333333334
0 0.7028554687499999 0.7725486111111112 0.05453906249999996 0.1265972222222221
0 0.6470039062499999 0.35568749999999993 0.0356484375 0.15779166666666664
0 0.63111328125 0.579125 0.06236718750000003 0.1710555555555556
0 0.60568359375 0.7573819444444445 0.05191406250000004 0.18306944444444445
0 0.6291718749999999 0.36549999999999994 0.04439062500000004 0.16325000000000003
2 0.48515234375 0.20459722222222224 0.030726562499999943 0.1493888888888889
1 0.6678359374999999 0.35035416666666663 0.049453125000000056 0.15331944444444442
0 0.27892968749999997 0.5985347222222223 0.05679687499999999 0.1820138888888889
0 0.48098046875 0.8444930555555556 0.06622656249999999 0.17170833333333332
