0 0.17319921875 0.72025 0.05627343749999998 0.20541666666666664
0 0.34395703125 0.837375 0.06617968749999999 0.2048611111111111
0 0.56946484375 0.3846041666666667 0.04657031250000001 0.15348611111111113
0 0.4577343750000001 0.8124375 0.057296875000000025 0.20284722222222223
0 0.08662109375 0.7631666666666667 0.06683593750000001 0.19530555555555548
0 0.64603515625 0.40387500000000004 0.04713281250000003 0.14100000000000001
2 0.36771875 0.2327847222222222 0.032328125 0.13715277777777776
1 0.6083164062499999 0.37080555555555555 0.055335937499999946 0.13447222222222222
0 0.017984375 0.571375 0.03596875 0.17413888888888887
0 0.40396874999999993 0.9071319444444444 0.07450000000000001 0.1534861111111111
