0 0.73951171875 0.4077013888888889 0.0427734375 0.16287500000000002
0 0.71440625 0.48109027777777774 0.05656249999999998 0.1684583333333333
0 0.6135117187500001 0.38686111111111104 0.05264843749999999 0.1645555555555555
0 0.68703125 0.4409930555555555 0.04517187499999995 0.1672638888888889
2 0.48499218749999995 0.2574861111111111 0.039125000000000035 0.15458333333333332
0 0.8142851562500001 0.45397916666666666 0.056398437500000044 0.18098611111111113
1 0.57258984375 0.4555277777777778 0.07152343750000005 0.13375
0 0.42228515625000007 0.45079166666666665 0.06236718750000003 0.1948333333333333
0 0.5759257812499999 0.7522291666666667 0.07791406249999992 0.20795833333333336
0 0.11632421875000001 0.7223124999999999 0.0746640625 0.22006944444444443
