2 0.77608203125 0.19970833333333332 0.04132031249999999 0.12844444444444444
0 0.13182812500000002 0.5551875000000001 0.067328125 0.1414027777777778
1 0.8074765625000001 0.34545138888888893 0.056421875000000024 0.13993055555555559
0 0.020546875 0.5594791666666666 0.04109375 0.14465277777777774
0 0.46910937500000005 0.6616597222222222 0.06349999999999997 0.153375
0 0.8327187500000001 0.25621527777777775 0.04859375000000003 0.07454166666666669
0 0.6051015625 0.7905763888888889 0.07346874999999997 0.15631944444444437
0 0.5734140625 0.8274444444444444 0.09042187500000001 0.1640833333333333
0 0.37225 0.7919652777777778 0.07104687500000004 0.15351388888888884
0 0.9087109375000001 0.6592847222222223 0.05540624999999988 0.1844305555555556
