2 0.37271093750000006 0.9233541666666667 0.065671875 0.15329166666666666
0 0.32447265625 0.4316041666666667 0.05946093750000001 0.13381944444444446
0 0.62605078125 0.29420138888888886 0.04182031249999998 0.10693055555555553
0 0.703953125 0.7784375 0.04520312500000001 0.19793055555555555
0 0.5069804687499999 0.4279166666666667 0.048460937500000065 0.13241666666666663
0 0.9224218749999998 0.3439027777777778 0.05103124999999995 0.10708333333333336
2 0.9192656249999999 0.4046319444444445 0.05579687499999988 0.140375
0 0.4175234375 0.43309027777777775 0.059125000000000004 0.12687500000000004
0 0.48625390625 0.8281527777777777 0.08932031250000003 0.17169444444444446
0 0.6644609375 0.28506944444444443 0.04607812500000001 0.1055833333333333
