0 0.35229296875 0.7834236111111111 0.07136718750000001 0.21018055555555562
0 0.09875 0.41958333333333336 0.069734375 0.1411666666666667
2 0.809359375 0.16744444444444445 0.039406250000000045 0.13249999999999998
0 0.5182890625000001 0.3795208333333333 0.04835937499999998 0.1474583333333333
1 0.8213593749999999 0.31155555555555553 0.06515624999999999 0.1496944444444444
0 0.51159765625 0.609625 0.06133593749999999 0.16330555555555562
0 0.47944140625 0.497125 0.05807031250000003 0.15675000000000003
0 0.8455664062499999 0.24611805555555552 0.05697656250000005 0.07454166666666664
0 0.6348671875 0.8216736111111111 0.05217187499999998 0.12104166666666663
0 0.60127734375 0.8258472222222223 0.05642968750000001 0.14586111111111108
