0 0.47513281250000006 0.3232291666666667 0.06351562500000005 0.12276388888888891
0 0.64059765625 0.36230555555555555 0.05453906250000005 0.11386111111111114
0 0.32207421875 0.32940972222222226 0.05785156249999997 0.12237500000000003
0 0.6122617187499999 0.8152986111111111 0.07849218749999994 0.19551388888888888
0 0.09857421875 0.3874444444444444 0.0459765625 0.17361111111111108
0 0.44063671875 0.6311805555555555 0.07375781250000006 0.16058333333333333
2 0.1470546875 0.21088194444444447 0.04184375 0.13015277777777776
0 0.58556640625 0.6234930555555555 0.07347656249999997 0.1524583333333334
0 0.52830078125 0.7301805555555556 0.0683671875 0.18916666666666673
0 0.94303515625 0.8385416666666666 0.07289843749999995 0.2298055555555556
