2 0.6450546875 0.31808333333333333 0.03610937500000002 0.15075000000000002
0 0.73265625 0.5786666666666667 0.08045312500000001 0.1217222222222222
0 0.51590234375 0.6038333333333333 0.06010156250000005 0.1624444444444445
0 0.22448828125000003 0.4415763888888889 0.0634296875 0.14798611111111104
0 0.45120703124999995 0.5297222222222222 0.06346093750000001 0.1316111111111111
0 0.68343359375 0.5770138888888888 0.05080468749999998 0.16669444444444442
0 0.032140625 0.5131527777777778 0.06428125 0.14947222222222215
0 0.33043359375 0.37483333333333335 0.052132812500000014 0.12863888888888889
0 0.3911796875 0.408125 0.05054687499999995 0.13502777777777775
1 0.7872265624999999 0.5110486111111112 0.047609374999999954 0.16054166666666664
