0 0.19021484375000003 0.7210763888888888 0.05311718750000003 0.20840277777777788
0 0.36449609375 0.83175 0.06746093750000001 0.19491666666666654
0 0.574578125 0.38261805555555556 0.045265624999999955 0.15281944444444445
0 0.47846875000000005 0.8126041666666667 0.058218750000000076 0.20054166666666665
0 0.10939453125000001 0.7641597222222222 0.06925781249999999 0.19398611111111105
0 0.64519921875 0.4030416666666667 0.04880468750000002 0.138
2 0.37543359375 0.22964583333333333 0.03250781250000001 0.13351388888888888
1 0.6141757812499999 0.3674930555555556 0.05700781250000002 0.13248611111111114
0 0.02802734375 0.5758333333333334 0.0560546875 0.17413888888888887
0 0.41122265625 0.9058055555555555 0.07450781249999996 0.15347222222222223
