0 0.9755039062499999 0.4320694444444445 0.04899218750000003 0.12027777777777773
0 0.7616601562499999 0.5414930555555556 0.06480468749999994 0.1490416666666666
0 0.5445117187499999 0.4116458333333333 0.06063281250000001 0.12526388888888892
0 0.54351953125 0.4904305555555556 0.056570312499999977 0.14588888888888893
2 0.5908515624999999 0.21043055555555554 0.03965624999999999 0.1426111111111111
0 0.95665625 0.577875 0.07035937499999996 0.17672222222222222
1 0.7093984375 0.3515277777777778 0.06143749999999999 0.14561111111111108
0 0.40277343749999994 0.6733819444444445 0.06731249999999997 0.16148611111111116
0 0.7203046875 0.8126249999999999 0.04448437500000004 0.12033333333333332
0 0.412921875 0.79175 0.062046875000000015 0.2163055555555555
0 0.72025390625 0.820576388888889 0.06000781250000005 0.11440277777777778
