2 0.74321484375 0.29306944444444444 0.041976562499999925 0.14030555555555552
0 0.78348046875 0.6031875 0.06519531249999995 0.16162500000000002
0 0.57080859375 0.6853541666666666 0.061507812500000016 0.19295833333333326
0 0.27571484375 0.3859444444444444 0.044929687499999996 0.12733333333333338
0 0.40919921875 0.4934444444444444 0.049226562499999994 0.1661388888888888
0 0.7411953125 0.8006666666666666 0.07026562500000004 0.21016666666666667
0 0.08999609374999999 0.40498611111111116 0.04849218749999999 0.14450000000000002
0 0.592546875 0.37527083333333333 0.04409374999999995 0.14237499999999997
0 0.6968945312500001 0.44734027777777785 0.053804687500000004 0.1589583333333333
1 0.8913710937499999 0.49034722222222216 0.06285156250000004 0.16799999999999998
