0 0.74689453125 0.41340277777777773 0.04147656250000002 0.17375
0 0.691890625 0.45863888888888893 0.04285937499999992 0.15233333333333335
0 0.6552734375 0.39913194444444444 0.05132812500000004 0.18056944444444442
0 0.69815234375 0.40993749999999995 0.05913281250000004 0.17343055555555553
2 0.481625 0.26416666666666666 0.04056250000000006 0.15963888888888889
0 0.8096875000000001 0.467375 0.06732812500000004 0.17513888888888893
1 0.5747382812499999 0.46042361111111113 0.07622656250000004 0.1281805555555555
0 0.352703125 0.4293680555555555 0.05292187500000001 0.19693055555555558
0 0.69990625 0.7053194444444445 0.06068750000000005 0.2185
0 0.023441406249999998 0.6338263888888889 0.046882812499999996 0.2107638888888889
0 0.056746093750000004 0.9393819444444444 0.08732031250000001 0.12093055555555547
