2 0.8364843750000001 0.2466875 0.0399531249999999 0.14959722222222221
0 0.8675507812500001 0.49657638888888883 0.05260156250000012 0.15531944444444443
0 0.6775703125 0.5089375 0.053828124999999984 0.13687499999999994
0 0.3812734375 0.3853333333333333 0.05539062500000003 0.14875000000000002
0 0.623640625 0.48276388888888894 0.061515625000000004 0.15099999999999997
0 0.7880820312499999 0.4347708333333334 0.04816406249999998 0.17587500000000003
0 0.2546015625 0.4577916666666667 0.05443750000000001 0.14383333333333334
0 0.4351914062500001 0.29275 0.047757812499999996 0.11744444444444445
0 0.48161718750000004 0.34825 0.055734375000000023 0.12652777777777782
1 0.9522226562499998 0.43188888888888893 0.048789062500000036 0.17833333333333337
0 0.042035156250000004 0.6450069444444444 0.0673359375 0.19204166666666664
