0 0.8392109375000001 0.7162083333333334 0.06279687500000009 0.17997222222222228
0 0.7512226562500001 0.39972222222222215 0.06588281250000003 0.14055555555555554
2 0.96805859375 0.24309027777777778 0.024976562499999844 0.131875
2 0.33297265625000005 0.9367847222222222 0.07132031250000001 0.12643055555555552
0 0.02685546875 0.5480347222222223 0.0537109375 0.1838194444444444
0 0.1389921875 0.3446666666666666 0.048296874999999996 0.1201111111111111
0 0.44322265625 0.7400347222222223 0.05597656249999998 0.18593055555555557
0 0.21970703125000002 0.4925069444444445 0.07146093749999997 0.13329166666666661
0 0.56101171875 0.36324999999999996 0.041007812500000004 0.11452777777777776
2 0.455671875 0.4153819444444445 0.03995312499999999 0.13670833333333335
0 0.162890625 0.51975 0.061484374999999994 0.16591666666666663
0 0.37718359375 0.7675347222222222 0.07547656250000001 0.17334722222222215
0 0.2847265625 0.3290416666666667 0.043062500000000004 0.11433333333333333
