0 0.7516484375 0.6697083333333332 0.06876562499999998 0.1648611111111111
0 0.49507031250000005 0.8716805555555556 0.089546875 0.17977777777777784
0 0.522078125 0.38925 0.041640624999999966 0.1608055555555555
0 0.41397265625 0.5055138888888889 0.06886718750000002 0.16811111111111113
0 0.8011914062500001 0.7425902777777778 0.10077343750000001 0.13987499999999997
0 0.4955781249999999 0.3986180555555556 0.04720312499999997 0.18009722222222221
2 0.4540820312499999 0.2454652777777778 0.03307031250000003 0.1647638888888889
1 0.5790312500000001 0.38131249999999994 0.06615624999999996 0.1532361111111111
0 0.28539062499999995 0.5757222222222222 0.054640625 0.1668055555555555
0 0.28005078125 0.7146666666666668 0.057710937500000004 0.1951666666666667
