0 0.6834140625 0.7701597222222222 0.056374999999999974 0.20279166666666665
0 0.25990234375 0.35454861111111113 0.051664062499999996 0.1532361111111111
0 0.42279296874999994 0.4142013888888889 0.06089843749999999 0.13409722222222223
2 0.70215625 0.23866666666666667 0.041390625000000014 0.15
0 0.74075 0.7864930555555555 0.07721875000000003 0.17390277777777774
1 0.8552695312499999 0.327 0.05821093749999999 0.1456111111111111
0 0.200578125 0.9176319444444444 0.06031249999999999 0.13451388888888893
0 0.88460546875 0.7229791666666666 0.06599218750000002 0.15176388888888878
0 0.22676953125 0.9377430555555555 0.0687265625 0.12079166666666655
0 0.83212109375 0.7638333333333334 0.05132031250000004 0.1468611111111112
