0 0.7389453125 0.4159166666666667 0.046812499999999965 0.16102777777777777
0 0.7193828124999999 0.5115208333333333 0.05776562499999995 0.1762361111111111
0 0.5753789062499999 0.3828819444444444 0.050507812499999985 0.15287499999999998
0 0.6839492187499999 0.44479166666666664 0.056320312500000025 0.16344444444444436
2 0.467609375 0.25385416666666666 0.04081250000000001 0.1549861111111111
0 0.8079140625000001 0.45190277777777776 0.05651562499999994 0.17944444444444452
1 0.5611601562499999 0.45423611111111106 0.07152343749999997 0.13375
0 0.41017187499999996 0.4517152777777778 0.056937500000000044 0.19470833333333332
0 0.5591406250000001 0.7946180555555555 0.07440625000000001 0.2219305555555555
0 0.131125 0.7724444444444444 0.07984375 0.22191666666666662
