2 0.77531640625 0.2001388888888889 0.04244531250000003 0.12805555555555553
0 0.13643359375 0.5535416666666666 0.0702109375 0.14141666666666666
1 0.80573046875 0.34545138888888893 0.05642968750000001 0.13993055555555559
0 0.023195312500000002 0.5584930555555556 0.046390625000000005 0.14465277777777774
0 0.46782421875 0.659423611111111 0.06147656249999996 0.15312499999999993
0 0.8308359374999998 0.25645138888888885 0.04859375000000003 0.07454166666666664
0 0.6041796875000001 0.7908472222222224 0.07346874999999997 0.1563333333333334
0 0.57380859375 0.826076388888889 0.09041406250000002 0.1630694444444444
0 0.36597265625 0.7893680555555556 0.07105468749999995 0.15351388888888884
0 0.9070390625 0.6601527777777778 0.05540625000000006 0.1844166666666667
