0 0.7183164062499999 0.41213194444444445 0.047867187500000075 0.1751805555555556
0 0.697765625 0.4661388888888889 0.06389062499999998 0.17152777777777778
0 0.64767578125 0.4025694444444445 0.05705468749999998 0.16402777777777772
0 0.60495703125 0.41433333333333333 0.04561718749999999 0.16055555555555553
2 0.44404296875 0.25255555555555553 0.04135156250000005 0.16194444444444442
0 0.77294921875 0.4598402777777778 0.04971093750000009 0.17234722222222218
1 0.53753515625 0.45415972222222223 0.08003906249999995 0.1277083333333334
0 0.23419531249999997 0.42287500000000006 0.05687500000000001 0.19194444444444442
0 0.68619921875 0.7555972222222221 0.07585156250000002 0.21830555555555556
0 0.13041015625000002 0.9599513888888889 0.0700859375 0.08009722222222217
