0 0.95753515625 0.4104305555555555 0.0491328124999999 0.12961111111111115
2 0.3601015625 0.9267013888888889 0.053000000000000026 0.14659722222222216
0 0.26226562500000006 0.45263194444444443 0.05432812500000002 0.1362638888888889
0 0.50931640625 0.29747222222222225 0.04182031250000007 0.10691666666666665
0 0.6407343750000001 0.775625 0.04520312500000001 0.19791666666666674
0 0.4269765625 0.4462777777777778 0.04400000000000004 0.13911111111111107
0 0.8538515624999998 0.3465902777777778 0.05103124999999995 0.10415277777777779
2 0.8235078125000002 0.41437500000000005 0.04815625000000008 0.13655555555555554
0 0.36074609375 0.4535416666666666 0.05036718750000002 0.13930555555555557
0 0.46214843749999995 0.8511041666666668 0.07089062500000001 0.19398611111111105
0 0.56691796875 0.2913819444444445 0.046757812500000016 0.10254166666666668
