2 0.632625 0.32233333333333336 0.03610937500000002 0.15075000000000002
0 0.735765625 0.5871875 0.06754687500000003 0.12518055555555554
0 0.4962890625 0.6170208333333334 0.058171875000000026 0.178625
0 0.21421874999999999 0.4364861111111111 0.05915625 0.15311111111111111
0 0.42276171875 0.5237708333333333 0.05438281250000006 0.1366805555555555
0 0.6999296875000001 0.6033402777777778 0.06371875000000005 0.1581527777777777
0 0.02087109375 0.5024861111111111 0.0417421875 0.14697222222222223
0 0.33665234374999997 0.37822916666666667 0.04353906249999997 0.13884722222222223
0 0.40790625 0.4115208333333333 0.04862500000000001 0.14351388888888886
1 0.77791015625 0.5186805555555556 0.05383593750000006 0.1486111111111111
