0 0.7902812499999999 0.6749722222222222 0.060484374999999965 0.1840277777777778
0 0.75611328125 0.40243055555555557 0.04461718750000001 0.1448333333333333
2 0.91434765625 0.23074305555555555 0.026773437499999986 0.13090277777777776
2 0.43181640625 0.9295763888888889 0.07313281249999996 0.14084722222222218
0 0.024042968749999998 0.5827569444444445 0.048085937499999995 0.19501388888888893
0 0.13598046875 0.3781111111111111 0.0408203125 0.1276111111111111
0 0.40362890625 0.6794652777777779 0.04385156250000004 0.16151388888888893
0 0.25526953125 0.5227291666666667 0.047226562500000034 0.12756944444444449
0 0.45313671875 0.3629236111111111 0.041007812500000004 0.11451388888888883
2 0.4171875 0.4363194444444444 0.03515625 0.1516944444444444
0 0.225203125 0.5439652777777777 0.050859375 0.16156944444444443
0 0.4043671875 0.730013888888889 0.049765625000000036 0.18419444444444438
0 0.28473437500000004 0.3712638888888889 0.04890624999999997 0.12869444444444444
