0 0.7478828125 0.6740902777777779 0.067375 0.16437499999999997
0 0.5129648437500001 0.8724305555555557 0.08703906249999997 0.17763888888888885
0 0.5274687499999999 0.38891666666666663 0.041640624999999966 0.1608055555555556
0 0.42182812500000005 0.5089791666666668 0.06803125000000003 0.17076388888888888
0 0.7970078125 0.7492916666666667 0.10021874999999998 0.13838888888888878
0 0.49990234375 0.3968888888888889 0.04674218749999994 0.1799166666666666
2 0.45463671874999995 0.24340277777777777 0.03250781250000001 0.16427777777777777
1 0.58340234375 0.3793402777777778 0.06616406250000004 0.15323611111111113
0 0.29017578125 0.5765416666666667 0.0545390625 0.1638333333333333
0 0.28999609375 0.7207777777777779 0.057710937500000004 0.1951666666666667
