0 0.7731484375 0.6632916666666666 0.05884374999999995 0.1842222222222222
0 0.7567578125 0.40708333333333335 0.04037500000000005 0.14577777777777776
2 0.90124609375 0.23102777777777778 0.026773437499999986 0.1308888888888889
2 0.45663671875 0.9312638888888889 0.07457031250000004 0.13747222222222225
0 0.029605468750000002 0.5888680555555555 0.05157031250000001 0.20365277777777777
0 0.14204296875 0.3850972222222222 0.03858593749999999 0.1312222222222222
0 0.39654296875000006 0.661375 0.044398437499999985 0.15197222222222218
0 0.269828125 0.5257499999999999 0.04431250000000002 0.12944444444444442
0 0.42241015624999995 0.3673194444444445 0.04100781249999992 0.11452777777777776
2 0.40753515625 0.4454097222222222 0.03692968749999999 0.1505694444444444
0 0.254125 0.5446666666666666 0.04784374999999996 0.1678333333333333
0 0.40863671875000007 0.7107083333333333 0.05122656250000004 0.17908333333333326
0 0.30197265624999997 0.3840833333333334 0.0489296875 0.13386111111111115
