0 0.73633203125 0.6246041666666667 0.06213281249999998 0.1685972222222223
0 0.74086328125 0.4302777777777778 0.04080468749999992 0.13752777777777775
2 0.8830039062499999 0.24251388888888892 0.02955468750000012 0.12511111111111112
2 0.5007109375000001 0.9350555555555555 0.04850000000000003 0.12988888888888886
0 0.0841328125 0.6146944444444444 0.055703125 0.17502777777777775
0 0.181171875 0.40418055555555554 0.03700000000000001 0.1368333333333333
0 0.37440234375000003 0.6379930555555556 0.051867187499999946 0.1629027777777778
0 0.3405078125 0.5164236111111111 0.040140625 0.12793055555555558
0 0.36480468750000006 0.4032638888888889 0.054265624999999984 0.1137777777777778
2 0.40046484375 0.4769236111111111 0.041414062500000036 0.1405694444444445
0 0.35421484375 0.5271944444444445 0.03744531250000001 0.1420555555555556
0 0.41559765625 0.6394861111111111 0.04725781250000001 0.15094444444444446
0 0.37628515625 0.4156388888888889 0.03639843749999998 0.13163888888888886
