0 0.7715664062500001 0.6301736111111111 0.07616406249999992 0.16468055555555555
0 0.35532421875 0.8612569444444444 0.10260156250000003 0.19762499999999994
0 0.47318750000000004 0.39232638888888893 0.04571875000000007 0.16081944444444443
0 0.34369140625 0.4742361111111111 0.07266406249999999 0.14899999999999997
0 0.82746484375 0.6853055555555556 0.1011640625000001 0.14936111111111122
0 0.4568359375 0.4138819444444444 0.050484374999999915 0.1814861111111111
2 0.44846484375000006 0.2624166666666667 0.03741406249999999 0.16822222222222222
1 0.5412578124999999 0.39920138888888884 0.06615624999999996 0.1532361111111111
0 0.24318749999999997 0.5667777777777777 0.057656250000000006 0.1882222222222222
0 0.19207812500000002 0.6631805555555556 0.05921874999999999 0.19497222222222213
