0 0.6390156250000001 0.6288055555555556 0.07581250000000006 0.17199999999999996
0 0.36403515625000005 0.4957916666666667 0.07547656249999997 0.14874999999999997
0 0.38270312500000003 0.6367013888888889 0.060968750000000016 0.16651388888888888
0 0.41375 0.35035416666666663 0.05453125000000001 0.1340972222222222
0 0.56769140625 0.5296458333333334 0.07022656249999999 0.15626388888888895
0 0.6308515625 0.4891944444444445 0.057125 0.16011111111111115
0 0.76178125 0.7775486111111112 0.06851562499999994 0.2202361111111111
0 0.4860703125 0.39622222222222225 0.07421875 0.15330555555555558
2 0.77971875 0.3714166666666666 0.03817187500000001 0.16605555555555557
1 0.7722109375 0.5370555555555555 0.052593750000000036 0.1546111111111111
