0 0.738203125 0.42670833333333336 0.052109375000000034 0.15858333333333335
0 0.73511328125 0.5563611111111111 0.059351562499999934 0.18644444444444447
0 0.522640625 0.38677083333333334 0.05085937500000002 0.13756944444444447
0 0.6858906250000001 0.46908333333333335 0.06265624999999994 0.165
2 0.44129687500000003 0.25263888888888886 0.043031249999999945 0.15552777777777776
0 0.7995390625000001 0.44918749999999996 0.05667187500000006 0.17740277777777771
1 0.54616015625 0.4525347222222223 0.07152343750000005 0.1337638888888889
0 0.39265625000000004 0.4545972222222222 0.05303124999999995 0.19116666666666665
0 0.533109375 0.8536180555555556 0.07523437499999996 0.2431805555555556
0 0.14194921875 0.8396597222222223 0.0828984375 0.22145833333333323
