0 0.6382109375 0.4099444444444444 0.04296875 0.19141666666666665
0 0.5355234375 0.8834236111111112 0.05846875000000003 0.2309027777777778
0 0.680984375 0.7135902777777777 0.052718750000000016 0.2364305555555555
0 0.82680078125 0.7714513888888888 0.05714843750000007 0.1862638888888889
0 0.588859375 0.5240972222222222 0.04289062500000007 0.20125000000000004
2 0.7960390625 0.48240277777777774 0.06404687500000002 0.19911111111111113
1 0.48197656250000004 0.4355833333333333 0.06976562500000005 0.18047222222222217
0 0.60240625 0.6894444444444444 0.05684374999999999 0.2571111111111112
0 0.56615625 0.8700416666666666 0.05621874999999994 0.24616666666666667
0 0.391453125 0.7007291666666667 0.06339062499999999 0.2247916666666667
