0 0.746578125 0.40412499999999996 0.04085937499999996 0.17202777777777775
0 0.6966249999999999 0.44909722222222226 0.049796875000000004 0.16691666666666669
0 0.66080859375 0.4041944444444444 0.05733593749999999 0.17944444444444446
0 0.69420703125 0.4253680555555555 0.05124218750000002 0.17290277777777774
2 0.49030468749999995 0.2633194444444444 0.03959374999999996 0.15680555555555556
0 0.8183632812500001 0.46513194444444445 0.06132031250000001 0.17851388888888892
1 0.58183984375 0.46072222222222226 0.06977343749999995 0.12877777777777774
0 0.37775390625 0.4364930555555555 0.053367187499999955 0.19929166666666664
0 0.67521484375 0.7127291666666666 0.06017968749999998 0.20315277777777777
0 0.053609375 0.6482430555555556 0.062281249999999996 0.2107638888888889
0 0.0347109375 0.9358402777777777 0.069421875 0.12779166666666666
