0 0.71451953125 0.43009722222222224 0.07007031249999995 0.16736111111111115
0 0.6979726562499999 0.47468055555555555 0.06135156249999998 0.18547222222222226
0 0.6315468750000001 0.39647222222222217 0.07490625 0.1667777777777778
0 0.6038789062500001 0.47186805555555555 0.04977343750000003 0.19762499999999994
2 0.41626171875000006 0.24475694444444443 0.04135156249999996 0.16534722222222223
0 0.7709140624999999 0.4597361111111111 0.055062500000000014 0.17080555555555557
1 0.51105078125 0.44277777777777777 0.07691406250000003 0.14700000000000005
0 0.20591796874999999 0.5290416666666666 0.060835937500000006 0.22800000000000004
0 0.43934765625 0.8711527777777778 0.08702343749999994 0.25652777777777785
0 0.1760703125 0.7008263888888889 0.060078125 0.24237500000000006
