0 0.67058203125 0.7063680555555556 0.05172656250000003 0.160875
0 0.669046875 0.8204444444444445 0.05589062499999997 0.08725000000000006
0 0.59172265625 0.3732847222222222 0.0396484375 0.16034722222222225
0 0.53101171875 0.5499166666666666 0.05733593749999999 0.15761111111111115
0 0.68467578125 0.7632222222222222 0.05780468750000001 0.1632777777777777
0 0.57021875 0.38566666666666666 0.04543750000000006 0.16486111111111107
2 0.463671875 0.2253125 0.030281249999999992 0.1504583333333333
1 0.62758203125 0.36454166666666665 0.05857031249999993 0.1454722222222222
0 0.30117578125 0.6069166666666667 0.06892968750000002 0.18575000000000003
0 0.40651953125 0.7876875 0.05875781250000003 0.19293055555555558
