0 0.7268945312499999 0.41318055555555555 0.04717968749999999 0.17516666666666666
0 0.69094140625 0.4658472222222222 0.0607421875 0.16786111111111104
0 0.6599453125 0.40673611111111113 0.055984374999999975 0.1788888888888889
0 0.62468359375 0.4109513888888889 0.04797656249999997 0.162125
2 0.45235546875 0.2556805555555556 0.04135156250000005 0.16194444444444442
0 0.7807812500000001 0.46397222222222223 0.052359375000000076 0.17236111111111113
1 0.5452929687499999 0.4575555555555556 0.08153906250000001 0.12769444444444444
0 0.26456640625 0.41861805555555553 0.05749218749999998 0.18854166666666664
0 0.70228515625 0.736048611111111 0.07352343750000001 0.2068749999999999
0 0.11371093750000001 0.9566875 0.072046875 0.08662500000000001
