0 0.3786015625 0.2937291666666667 0.04181249999999999 0.1247916666666667
0 0.36121484375 0.3807361111111111 0.049945312500000005 0.12291666666666666
0 0.9530820312500001 0.8460902777777777 0.09383593749999992 0.2238749999999999
0 0.8456093750000001 0.35820138888888886 0.04870312499999994 0.11818055555555552
0 0.8096250000000002 0.326 0.04353125000000002 0.12872222222222224
0 0.1811796875 0.48329861111111116 0.07937499999999997 0.15087499999999998
0 0.80108984375 0.6610486111111111 0.08588281249999996 0.1766527777777777
0 0.93279296875 0.44172222222222224 0.0490234375 0.11616666666666665
2 0.1779140625 0.6902916666666666 0.04978124999999998 0.22388888888888886
1 0.09939453125 0.45195138888888886 0.06521093750000001 0.12587500000000007
