0 0.71371875 0.43042361111111105 0.07024999999999997 0.17056944444444444
0 0.6977890625 0.4724444444444445 0.06134374999999999 0.19183333333333333
0 0.6317734375 0.39388194444444447 0.07242187499999994 0.1602916666666667
0 0.60476953125 0.4720138888888889 0.04977343750000003 0.19983333333333334
2 0.41820703124999997 0.24589583333333337 0.04135156250000001 0.16365277777777779
0 0.77377734375 0.4603680555555556 0.05363281249999998 0.17079166666666662
1 0.51390625 0.43872222222222224 0.07471874999999999 0.1484166666666667
0 0.22303515625 0.5303680555555556 0.056039062500000014 0.22465277777777778
0 0.44548828124999995 0.871986111111111 0.08489843749999997 0.25544444444444436
0 0.206703125 0.6975555555555556 0.06007812499999998 0.2423611111111111
