0 0.75290625 0.66825 0.069234375 0.1650277777777777
0 0.48910546875000005 0.8714375 0.09038281249999995 0.18048611111111101
0 0.52028125 0.38936111111111116 0.041640625000000056 0.1608055555555556
0 0.4113515625 0.5043541666666667 0.069140625 0.16723611111111106
0 0.8025898437500001 0.740361111111111 0.10096093750000001 0.1403611111111112
0 0.4941367187499999 0.3991944444444444 0.0473671875 0.18013888888888888
2 0.45389843750000003 0.24615972222222224 0.03324999999999996 0.16493055555555558
1 0.57757421875 0.38197916666666665 0.06616406249999995 0.1532361111111111
0 0.28379296875 0.5754444444444445 0.05466406250000002 0.16780555555555554
0 0.27673437500000003 0.7126250000000001 0.05771875000000004 0.1951666666666667
