0 0.31144140625 0.2834236111111111 0.05310156249999998 0.12598611111111108
0 0.291375 0.4060416666666667 0.06385937500000001 0.12841666666666665
0 0.9124531250000001 0.8777013888888888 0.09560937500000008 0.2234027777777778
0 0.76379296875 0.34945138888888894 0.048789062500000036 0.11873611111111113
0 0.72871484375 0.29486111111111113 0.044882812500000036 0.1019722222222222
0 0.1792421875 0.5048472222222222 0.06987499999999998 0.14002777777777778
0 0.67817578125 0.6416388888888889 0.07680468750000005 0.18366666666666667
0 0.8505234375 0.4270347222222223 0.05659375000000004 0.1275138888888889
2 0.11545703125 0.6748958333333333 0.04919531250000001 0.2107083333333333
1 0.10135546875000001 0.43161805555555555 0.0652109375 0.12518055555555554
