0 0.974796875 0.828951388888889 0.050406249999999986 0.21573611111111116
0 0.8856249999999999 0.4051388888888889 0.05515625000000011 0.13211111111111112
2 0.3492109375 0.9292638888888888 0.05695312499999998 0.14147222222222225
0 0.17046875 0.48877083333333327 0.05496874999999999 0.15509722222222225
0 0.36828515624999997 0.3108125 0.044523437499999964 0.10790277777777778
0 0.5746328125 0.7734444444444445 0.04900000000000002 0.1950277777777778
0 0.3336640625 0.4704236111111111 0.045109374999999965 0.15259722222222222
0 0.7713984375 0.3550347222222222 0.05103124999999995 0.10415277777777779
2 0.69081640625 0.41580555555555554 0.04302343749999995 0.13197222222222219
0 0.28671875 0.4785833333333333 0.051078124999999995 0.14724999999999996
0 0.45629687499999994 0.8502083333333333 0.06218750000000002 0.21011111111111108
0 0.46411328125000006 0.29525694444444445 0.044523437499999916 0.10770833333333335
