0 0.62351953125 0.7085833333333333 0.05172656250000003 0.15191666666666667
0 0.6947656249999999 0.7853055555555557 0.05460937499999998 0.11961111111111111
0 0.6259179687499999 0.3634375 0.03852343750000005 0.15815277777777778
0 0.59689453125 0.5694236111111112 0.05857031250000002 0.16984722222222226
0 0.625671875 0.7620902777777778 0.052749999999999984 0.17887500000000003
0 0.6072421875 0.37338888888888894 0.04543749999999998 0.1648611111111111
2 0.47433593749999997 0.2141597222222222 0.030281249999999992 0.15045833333333336
1 0.65049609375 0.3589861111111112 0.0529296875 0.1521944444444444
0 0.28577343749999995 0.6011111111111112 0.06053124999999997 0.18316666666666667
0 0.46361718749999997 0.8311875000000001 0.06503125000000001 0.1795138888888889
