0 0.73851953125 0.4220833333333333 0.04983593750000006 0.15963888888888889
0 0.726796875 0.5363125 0.05867187500000002 0.18206944444444442
0 0.5458203125 0.3831527777777778 0.05003124999999997 0.1441388888888889
0 0.68403515625 0.4553680555555556 0.06136718750000005 0.16320833333333332
2 0.4545703124999999 0.2511319444444444 0.04207812500000001 0.15529166666666666
0 0.8031289062500001 0.45034722222222223 0.056601562500000036 0.17827777777777779
1 0.5525898437500001 0.4532638888888889 0.07152343750000005 0.13375
0 0.40108984375 0.4524027777777778 0.05286718750000001 0.19458333333333327
0 0.54655078125 0.8264097222222222 0.07177343750000001 0.23243055555555567
0 0.14222265625 0.8100347222222223 0.0837421875 0.22329166666666672
