0 0.7625507812500001 0.6177638888888889 0.0728515625 0.15961111111111112
0 0.3350546875 0.8539166666666665 0.09629687499999999 0.2016388888888888
0 0.4575703125 0.3933888888888889 0.05142187500000004 0.16080555555555556
0 0.32229296875 0.46449305555555553 0.06982031250000001 0.1482083333333334
0 0.8232460937499999 0.6707361111111111 0.09624218749999995 0.14811111111111108
0 0.44497265625000004 0.4182916666666667 0.050492187499999994 0.18175000000000002
2 0.44606640624999994 0.2658888888888889 0.038023437499999965 0.16822222222222222
1 0.53119921875 0.4048125 0.06616406249999995 0.1532361111111111
0 0.23102343750000004 0.5623680555555555 0.06095312500000003 0.18901388888888884
0 0.1663984375 0.6510277777777778 0.06131249999999999 0.19469444444444453
