0 0.6411328125 0.624125 0.07143750000000004 0.18008333333333337
0 0.36258984375000003 0.4843958333333333 0.06478906250000001 0.15754166666666666
0 0.38676953124999996 0.6293819444444444 0.05953906249999998 0.17609722222222218
0 0.42909375 0.34808333333333336 0.05514062499999994 0.12722222222222226
0 0.5783203125 0.5156875 0.06582812499999999 0.1580972222222222
0 0.6676249999999999 0.4862222222222222 0.05414062500000005 0.16755555555555554
0 0.8308554687499999 0.7525347222222223 0.06971093749999993 0.21281944444444456
0 0.49469921875 0.3890069444444445 0.0683671875 0.14934722222222227
2 0.8228125000000001 0.3764444444444444 0.03781250000000007 0.16661111111111107
1 0.816015625 0.5393263888888888 0.05192187500000003 0.1567638888888889
