0 0.6336562499999999 0.3812569444444444 0.04020312499999994 0.17998611111111112
0 0.47569531249999997 0.6139374999999999 0.07767187500000006 0.17820833333333333
0 0.77113671875 0.7328402777777777 0.059835937499999936 0.16979166666666667
0 0.5977265624999999 0.5818472222222222 0.05807812500000002 0.13833333333333336
0 0.59897265625 0.4271597222222222 0.049179687499999944 0.167875
2 0.62078515625 0.323 0.03608593750000004 0.15686111111111106
1 0.51895703125 0.3971458333333333 0.05872656250000006 0.17434722222222218
0 0.88545703125 0.6645486111111112 0.06555468749999989 0.15073611111111115
0 0.41588671875000005 0.6556944444444445 0.060742187500000044 0.1860555555555556
0 0.16104687499999998 0.9500833333333333 0.056062500000000015 0.09983333333333333
