0 0.71949609375 0.41213194444444445 0.047867187499999984 0.1751805555555556
0 0.6964765625 0.4660694444444444 0.06389062499999998 0.17152777777777778
0 0.650375 0.40371527777777777 0.05709374999999994 0.16693055555555553
0 0.6068554687500001 0.41402777777777783 0.04561718749999999 0.1605555555555555
2 0.44512109375 0.25293055555555555 0.04135156250000005 0.16194444444444445
0 0.77393359375 0.4605277777777778 0.049710937499999996 0.1723333333333333
1 0.5384570312499999 0.4547638888888888 0.08033593750000004 0.12769444444444444
0 0.23833203125 0.421875 0.05716406249999997 0.19133333333333333
0 0.689265625 0.7524652777777779 0.07556250000000002 0.21573611111111116
0 0.12805078125 0.9596111111111112 0.0700859375 0.08077777777777774
