0 0.6465156249999999 0.7704236111111111 0.056374999999999974 0.20279166666666673
0 0.21437890624999997 0.36956249999999996 0.051742187499999995 0.15723611111111113
0 0.34261328125 0.4343680555555556 0.0663046875 0.13581944444444438
2 0.6394453125 0.2390138888888889 0.042984374999999984 0.14855555555555555
0 0.69952734375 0.7795833333333334 0.07874218749999998 0.1871944444444445
1 0.7906289062499999 0.3282222222222222 0.06144531249999998 0.1456111111111111
0 0.13573828125 0.9413472222222222 0.06800781250000001 0.11730555555555561
0 0.830828125 0.725923611111111 0.06174999999999997 0.15176388888888886
0 0.16733203125 0.9479027777777778 0.051054687500000015 0.10419444444444442
0 0.78234765625 0.7738611111111112 0.047585937499999884 0.1279722222222222
