0 0.8316484375 0.5229930555555555 0.06726562499999993 0.13993055555555556
0 0.567484375 0.41702083333333334 0.05046874999999993 0.13645833333333332
0 0.706234375 0.501375 0.06329687499999999 0.1466111111111111
0 0.86773828125 0.31736805555555553 0.057679687499999945 0.1267361111111111
0 0.5404453124999999 0.4892916666666666 0.052046875000000006 0.16174999999999998
0 0.4739882812499999 0.2874097222222222 0.0487265625 0.12804166666666666
0 0.6893671875 0.35381944444444446 0.050484375000000005 0.13986111111111113
0 0.41154296874999996 0.6229097222222222 0.060539062500000004 0.16273611111111105
0 0.49314843750000004 0.7982986111111111 0.08154687499999999 0.1946527777777778
0 0.9393203124999999 0.38730555555555557 0.05692187499999992 0.1404166666666667
2 0.3748203125 0.9509513888888889 0.057734375000000025 0.09809722222222221
