0 0.6436640625 0.37806249999999997 0.03989062499999996 0.1820972222222222
0 0.53175390625 0.6392708333333333 0.07742968750000001 0.17640277777777777
0 0.760640625 0.7224375 0.057734375000000074 0.17773611111111107
0 0.62581640625 0.6041388888888889 0.05988281249999998 0.13619444444444445
0 0.5963828125 0.43013888888888896 0.04900000000000002 0.1726388888888889
2 0.642453125 0.3264444444444445 0.03878124999999999 0.15525
1 0.51676171875 0.3979583333333333 0.052976562500000046 0.17199999999999996
0 0.88051953125 0.6531597222222223 0.07174218749999994 0.14595833333333338
0 0.46674218750000007 0.6657777777777778 0.06656249999999994 0.18602777777777785
0 0.19676171875 0.9260555555555555 0.055398437499999995 0.1478888888888889
