0 0.1561875 0.7194305555555556 0.05943750000000001 0.20244444444444443
0 0.32341796875 0.8429930555555555 0.06489843749999999 0.21479166666666663
0 0.5643515625 0.3865833333333333 0.04787499999999998 0.15413888888888888
0 0.43699999999999994 0.8122638888888889 0.05635937499999999 0.2051666666666667
0 0.06384765625 0.7621666666666667 0.06441406250000001 0.19661111111111104
0 0.646875 0.40470833333333334 0.04546875000000004 0.14397222222222225
2 0.36001171875 0.2359166666666667 0.03214843749999998 0.14077777777777775
1 0.602453125 0.37411805555555555 0.05365625000000005 0.1364861111111111
0 0.01296484375 0.5691388888888889 0.0259296875 0.17413888888888895
0 0.39671484375 0.908451388888889 0.0745078125 0.1534861111111111
