0 0.8236523437500001 0.3809583333333333 0.06625781250000004 0.13602777777777778
0 0.76548828125 0.427875 0.04728906250000007 0.15658333333333335
0 0.6923984375 0.3772361111111111 0.07459375000000001 0.15649999999999997
0 0.65839453125 0.4312430555555556 0.056882812499999956 0.15315277777777775
2 0.5182968750000001 0.19225694444444447 0.039687500000000056 0.1536527777777778
0 0.903859375 0.4391388888888889 0.06098437499999996 0.14863888888888888
1 0.61510546875 0.35837500000000005 0.05974218750000002 0.1545277777777778
0 0.38762109375 0.5010763888888888 0.06721093749999998 0.15209722222222222
0 0.60962890625 0.8326944444444444 0.06292968750000005 0.19391666666666668
0 0.47953124999999996 0.6634722222222222 0.07250000000000005 0.1720277777777778
0 0.40296875 0.9270763888888889 0.06348437499999995 0.1384583333333334
