0 0.54941796875 0.6421875 0.07483593749999998 0.1890694444444445
0 0.22756249999999997 0.2577083333333334 0.051953125 0.11255555555555555
0 0.9040546875000001 0.6477361111111111 0.06895312499999999 0.18902777777777774
2 0.59284765625 0.17658333333333334 0.03960156250000004 0.1562222222222222
0 0.48122265624999994 0.29431944444444447 0.059710937499999964 0.14386111111111108
1 0.6228007812499999 0.32884027777777775 0.06580468749999993 0.1806527777777778
0 0.6714687500000001 0.7205972222222221 0.09193750000000005 0.2213611111111111
0 0.2669921875 0.4459027777777778 0.06146874999999996 0.16683333333333333
0 0.6612265625 0.2910833333333333 0.055109374999999974 0.06269444444444447
0 0.26767578125 0.8037500000000001 0.09250781249999998 0.17713888888888898
