0 0.5733203124999999 0.6989097222222223 0.062406249999999996 0.17051388888888894
0 0.7150390625 0.7504583333333333 0.05500000000000007 0.13172222222222219
0 0.6962539062499999 0.3361388888888889 0.027023437500000025 0.15780555555555553
0 0.7054765625 0.5997777777777779 0.073828125 0.16847222222222225
0 0.57316796875 0.7429305555555555 0.05191406250000004 0.18819444444444436
0 0.6796054687499999 0.3467777777777778 0.041054687499999964 0.15811111111111115
2 0.5140781249999999 0.17993055555555557 0.032156249999999977 0.14597222222222223
1 0.71111328125 0.3257083333333333 0.041304687500000006 0.1533333333333333
0 0.27401953125 0.5844583333333333 0.04933593749999998 0.1797222222222222
0 0.49949999999999994 0.8443819444444445 0.06671874999999998 0.1538472222222222
