0 0.63912109375 0.3913541666666666 0.033085937500000016 0.1827361111111111
0 0.6393671875000001 0.7853333333333334 0.06512500000000002 0.22158333333333335
0 0.69212890625 0.7012916666666666 0.05491406250000006 0.23194444444444437
0 0.74988671875 0.6837777777777778 0.05747656249999995 0.2189444444444444
0 0.5708437500000001 0.4725625 0.04910937500000001 0.19923611111111117
2 0.71509765625 0.40381944444444445 0.05641406249999994 0.18155555555555558
1 0.4898359375 0.4223125 0.04209375 0.1765138888888889
0 0.7311757812499999 0.6365625 0.06288281250000001 0.20854166666666663
0 0.6029609375 0.7439583333333333 0.054671875000000016 0.1982222222222222
0 0.29155078125 0.8090277777777778 0.06774218750000002 0.22924999999999993
