0 0.7631015624999999 0.285875 0.03528124999999997 0.1518611111111111
0 0.6864648437499999 0.2388611111111111 0.0392578125 0.15330555555555553
0 0.787265625 0.47470138888888885 0.05687499999999997 0.16670833333333338
2 0.338453125 0.2633888888888889 0.05106249999999997 0.13683333333333333
0 0.9031484375 0.5660902777777778 0.07106250000000003 0.16509722222222223
0 0.42289062499999996 0.37959027777777776 0.057656250000000055 0.14581944444444445
0 0.72505078125 0.35207638888888887 0.037867187499999934 0.1502916666666667
0 0.7023828125 0.3170763888888889 0.044343749999999994 0.13681944444444447
0 0.05998046875 0.44731250000000006 0.06172656249999999 0.17804166666666665
0 0.035664062499999996 0.6539236111111111 0.07132812499999999 0.1741805555555555
