0 0.642390625 0.6178055555555556 0.06379687500000006 0.1927222222222223
0 0.35827343749999996 0.4681388888888889 0.046 0.17200000000000004
0 0.3913515625 0.6194652777777777 0.058531249999999965 0.19240277777777773
0 0.44891406249999993 0.3462777777777778 0.05515625000000002 0.11819444444444444
0 0.5856874999999999 0.4967083333333333 0.058203125 0.16350000000000003
0 0.71944140625 0.4808125 0.049070312499999956 0.18020833333333333
0 0.9319453124999999 0.7164305555555555 0.07174999999999994 0.20019444444444442
0 0.5048671875 0.3786041666666667 0.05618750000000006 0.1429861111111111
2 0.883765625 0.3836736111111111 0.03781250000000007 0.16662500000000005
1 0.8790078125 0.5429583333333333 0.051921874999999854 0.16038888888888891
