0 0.6458203124999999 0.5051944444444445 0.07495312500000004 0.15144444444444438
0 0.51830078125 0.22390277777777778 0.054726562500000055 0.13219444444444445
0 0.689078125 0.6074722222222222 0.06332812499999996 0.17388888888888895
2 0.48533203125 0.14165972222222223 0.03999218750000004 0.13265277777777776
0 0.5327695312499999 0.24930555555555556 0.04903906250000008 0.1864722222222222
1 0.6118046874999999 0.3345902777777778 0.07353125 0.18706944444444445
0 0.6892109375000001 0.6639166666666666 0.08318749999999993 0.16686111111111118
0 0.25321875 0.4446319444444444 0.07750000000000004 0.17359722222222224
0 0.6539140625 0.27255555555555555 0.06193749999999998 0.09180555555555554
0 0.06948828124999999 0.8262500000000002 0.0707421875 0.23241666666666672
