0 0.634890625 0.6316666666666666 0.07545312500000004 0.1700833333333333
0 0.36074609375 0.5013194444444444 0.07439843750000001 0.14791666666666667
0 0.37857812500000004 0.6411666666666667 0.06346875000000005 0.16652777777777783
0 0.4026953125 0.3539652777777778 0.05273437500000004 0.13876388888888888
0 0.5488046875 0.5380416666666666 0.06998437500000003 0.1603055555555556
0 0.61196484375 0.4885555555555555 0.0571328125 0.16011111111111107
0 0.7329609375 0.7888402777777779 0.06851562499999994 0.2202361111111111
0 0.478125 0.39951388888888884 0.07026562500000004 0.15394444444444444
2 0.7580312499999999 0.3690763888888889 0.03925000000000001 0.1643472222222222
1 0.75194921875 0.536625 0.05463281250000005 0.1546111111111111
