0 0.8998984374999999 0.38379166666666664 0.06278124999999993 0.13647222222222222
0 0.79296875 0.4492569444444445 0.06335937499999993 0.14812500000000003
0 0.6864296875 0.3814027777777778 0.07357812500000005 0.1581666666666667
0 0.67410546875 0.44695833333333335 0.06960156250000002 0.15519444444444447
2 0.5552187500000001 0.18714583333333334 0.039671875000000065 0.14548611111111112
0 0.9647265624999999 0.46954861111111107 0.05596875000000008 0.1493472222222222
1 0.6632304687499999 0.3419097222222222 0.05974218749999993 0.1545138888888889
0 0.43206640625000003 0.5374791666666667 0.0637734375 0.15515277777777775
0 0.6764453125000001 0.8325624999999999 0.06521875000000002 0.15390277777777786
0 0.50666015625 0.6968055555555556 0.07136718750000001 0.18122222222222234
0 0.55587890625 0.8901458333333333 0.0634765625 0.1384583333333334
