0 0.9871210937499999 0.5076666666666666 0.025757812500000022 0.15447222222222218
0 0.6534023437500001 0.7350694444444444 0.07097656250000002 0.18494444444444447
0 0.236125 0.41220833333333334 0.058109375 0.16997222222222225
0 0.26735156250000003 0.5018958333333333 0.07446875 0.15884722222222222
2 0.59799609375 0.24221527777777777 0.04299218750000007 0.14856944444444445
0 0.71937890625 0.7399027777777778 0.07342968750000001 0.17827777777777773
1 0.7692851562499999 0.33608333333333335 0.06144531249999998 0.14561111111111108
0 0.1091484375 0.9194097222222223 0.0750625 0.1611805555555555
0 0.77107421875 0.7587847222222223 0.06175781249999997 0.1394583333333333
0 0.17267187499999997 0.9427361111111111 0.06851562500000001 0.11452777777777783
0 0.73733203125 0.7951736111111113 0.04972656249999998 0.12381944444444441
