0 0.7391249999999999 0.4133541666666667 0.045546875000000056 0.16159722222222225
0 0.7178281249999999 0.5020138888888889 0.05739062499999994 0.17380555555555555
0 0.587296875 0.384125 0.051171875 0.1565277777777778
0 0.6849140625000001 0.44361111111111107 0.052828125000000004 0.16463888888888892
2 0.47304296875 0.25498611111111114 0.04028906249999995 0.15486111111111112
0 0.8099023437499999 0.45254861111111117 0.05647656249999997 0.17993055555555557
1 0.56473828125 0.4546388888888889 0.07152343749999997 0.13375
0 0.41395703125 0.45142361111111107 0.058632812500000006 0.1947361111111111
0 0.5643828125000001 0.7813680555555556 0.07549999999999998 0.21756944444444443
0 0.12649609374999998 0.7567708333333333 0.0782265625 0.22134722222222214
