0 0.48856640625000003 0.5600347222222223 0.06135156249999998 0.16240277777777778
0 0.1173828125 0.4714930555555556 0.05254687499999999 0.176375
0 0.23193359375 0.6557569444444444 0.06352343749999996 0.19740277777777784
0 0.4934609375 0.3287708333333333 0.05756250000000005 0.12618055555555555
0 0.43715234375000006 0.4151319444444444 0.05289843749999994 0.15787500000000002
0 0.6243593749999999 0.43865277777777784 0.06503125000000001 0.16186111111111115
0 0.9713007812500001 0.6280277777777777 0.04903906249999999 0.17861111111111114
0 0.42715625 0.37630555555555556 0.057421875 0.1311666666666667
2 0.826875 0.40107638888888886 0.04068750000000012 0.16404166666666664
1 0.80895703125 0.5235208333333333 0.04425781249999998 0.1859027777777778
