0 0.0931484375 0.29801388888888886 0.06021875000000001 0.16536111111111115
0 0.23633593749999998 0.5020694444444445 0.06407812499999999 0.16836111111111116
0 0.5348046875 0.8969652777777779 0.06793749999999994 0.18726388888888895
0 0.5042578125 0.3777222222222223 0.06496874999999998 0.14002777777777778
0 0.42116796875 0.2750972222222222 0.05628906250000001 0.1282222222222222
0 0.014988281249999999 0.5772083333333333 0.029976562499999998 0.16061111111111118
0 0.08362109375 0.6431666666666668 0.0859453125 0.16227777777777774
0 0.6591210937499999 0.4254236111111111 0.06871093749999994 0.1522083333333334
2 0.89561328125 0.20398611111111112 0.04536718750000013 0.13702777777777775
0 0.81847265625 0.9236458333333333 0.06828906249999989 0.14343055555555553
