2 0.63701171875 0.32581944444444444 0.03983593750000001 0.14697222222222223
0 0.7462500000000001 0.5989027777777778 0.06643750000000007 0.13213888888888886
0 0.49185937499999993 0.6349930555555556 0.060640625000000004 0.18612500000000007
0 0.21782812499999998 0.43196527777777777 0.05435937500000001 0.15643055555555554
0 0.4071640625 0.5179722222222222 0.04857812500000001 0.14094444444444448
0 0.7264843750000001 0.6461041666666667 0.0725625 0.16015277777777778
0 0.0112734375 0.4900347222222222 0.022546875 0.14448611111111107
0 0.36440234375 0.38802777777777775 0.04536718750000004 0.1398333333333334
0 0.445984375 0.41965277777777776 0.04762500000000003 0.15002777777777784
1 0.7877265625 0.5253402777777778 0.05882812500000005 0.14415277777777774
