0 0.5260468749999999 0.6558958333333333 0.10590625000000005 0.1662361111111112
0 0.22277343749999998 0.2869305555555556 0.070171875 0.123
0 0.97234375 0.6404444444444445 0.05332812499999999 0.1867777777777778
2 0.64999609375 0.17473611111111112 0.0376953125 0.15622222222222223
0 0.5001015625 0.3099722222222222 0.04792187499999993 0.13850000000000004
1 0.6744375 0.3195277777777778 0.05425000000000004 0.17316666666666664
0 0.6641640625 0.6931805555555556 0.08087499999999999 0.21358333333333338
0 0.3096640625 0.4396527777777777 0.06426562499999999 0.16100000000000003
0 0.7181328125 0.2780486111111111 0.055312500000000056 0.06270833333333334
0 0.307125 0.8271597222222223 0.08956249999999999 0.17134722222222223
