0 0.7209843749999999 0.41149305555555554 0.057328124999999994 0.160375
0 0.68846484375 0.45662499999999995 0.060945312499999994 0.18438888888888888
0 0.62919140625 0.38016666666666665 0.06099218749999995 0.15049999999999997
0 0.5975117187500001 0.4559375 0.050429687500000056 0.20020833333333338
2 0.41847265624999996 0.23238888888888887 0.04135156250000001 0.16194444444444445
0 0.7791406249999999 0.4440555555555556 0.049249999999999974 0.16258333333333333
1 0.520890625 0.42880555555555555 0.06934375 0.15186111111111117
0 0.25165234375 0.5172638888888889 0.0521015625 0.19783333333333333
0 0.45740234375 0.8534999999999999 0.08458593749999999 0.2186944444444445
0 0.27512499999999995 0.6725416666666667 0.06510937499999998 0.19930555555555557
