0 0.36722265625 0.7750625 0.07394531249999999 0.2030694444444444
0 0.10873046875 0.4083680555555555 0.0675390625 0.14115277777777774
2 0.8058828124999999 0.16722222222222222 0.039406250000000045 0.13249999999999998
0 0.521125 0.37425694444444446 0.04835937499999998 0.14745833333333336
1 0.81884765625 0.31040972222222224 0.0655390625 0.15062500000000004
0 0.527109375 0.6104236111111111 0.0625 0.16262500000000005
0 0.47275 0.4948333333333333 0.05935937500000001 0.15397222222222215
0 0.84441015625 0.24818055555555554 0.05697656249999987 0.07455555555555557
0 0.61961328125 0.8272847222222222 0.05255468749999999 0.1244861111111111
0 0.5880234375000001 0.8347708333333332 0.05848437500000001 0.1458472222222222
