0 0.6439140625 0.37710416666666663 0.034296874999999984 0.18273611111111115
0 0.6050507812499999 0.6830694444444444 0.07289843750000005 0.19608333333333328
0 0.723078125 0.7047777777777777 0.059859375000000006 0.2093333333333333
0 0.6766875000000001 0.6412569444444445 0.06042187500000003 0.16720833333333332
0 0.5909453124999999 0.4363958333333333 0.04864062499999999 0.18265277777777778
2 0.67017578125 0.35367361111111106 0.03958593749999997 0.17306944444444441
1 0.5100468749999999 0.40069444444444446 0.039546875 0.16652777777777775
0 0.8268671875000001 0.6308055555555555 0.08946875000000007 0.1725
0 0.53494921875 0.6809583333333333 0.07327343749999997 0.18600000000000003
0 0.24477734375 0.8890277777777779 0.06408593749999998 0.21708333333333327
0 0.039304687500000005 0.9448819444444445 0.07860937500000001 0.11023611111111112
