0 0.63912109375 0.3935486111111111 0.033085937500000016 0.1827361111111111
0 0.6387499999999999 0.7915972222222223 0.06512500000000002 0.22158333333333335
0 0.690984375 0.7026180555555556 0.05509374999999998 0.23304166666666662
0 0.75332421875 0.6884722222222222 0.05817968750000002 0.22238888888888889
0 0.570359375 0.4757777777777778 0.04918749999999994 0.20127777777777772
2 0.7178671875 0.4066388888888888 0.058609374999999984 0.18155555555555555
1 0.48846484374999993 0.4239513888888889 0.04288281249999999 0.17729166666666668
0 0.7255039062499999 0.6377152777777777 0.06288281250000001 0.2085416666666667
0 0.6055625 0.7486527777777777 0.053703125000000004 0.20011111111111116
0 0.29434375 0.8057222222222222 0.06885937499999999 0.22925
