0 0.57257421875 0.6384583333333332 0.059242187499999946 0.1780833333333333
0 0.30571484375 0.5116527777777777 0.04653906250000004 0.18219444444444446
0 0.33846875 0.6398750000000001 0.04923437499999998 0.18997222222222226
0 0.37121484374999997 0.3540208333333333 0.04175781249999999 0.14601388888888883
0 0.35591015625 0.5640694444444444 0.055007812499999975 0.16763888888888895
0 0.431734375 0.4454930555555556 0.04081250000000001 0.15556944444444443
0 0.48577734375000003 0.8700763888888889 0.06205468749999996 0.2038472222222222
0 0.45719921875 0.3856805555555555 0.047632812500000024 0.1446111111111111
2 0.60812109375 0.3182569444444444 0.040335937499999995 0.1532638888888889
1 0.64247265625 0.48628472222222224 0.06341406250000006 0.12715277777777773
