0 0.73991015625 0.40573611111111113 0.04194531249999996 0.16355555555555554
0 0.71291015625 0.47390277777777773 0.05630468749999995 0.16752777777777778
0 0.62260546875 0.3885 0.053445312499999974 0.16725
0 0.6876093750000001 0.4402847222222222 0.04307812499999999 0.16798611111111117
2 0.48865234374999994 0.2583611111111111 0.03880468749999997 0.15449999999999997
0 0.8159218750000001 0.45475000000000004 0.056375000000000064 0.18127777777777776
1 0.5752578125 0.4559930555555555 0.07124999999999995 0.13356944444444438
0 0.42404296874999997 0.45062500000000005 0.06235156249999996 0.19486111111111112
0 0.5817890625000001 0.7424236111111111 0.07815625000000007 0.20162500000000003
0 0.112296875 0.7121736111111111 0.0736875 0.21973611111111108
