0 0.57493359375 0.6390347222222222 0.06010156249999996 0.17693055555555545
0 0.3058515625 0.5140625 0.047093749999999976 0.1813194444444444
0 0.33707421875 0.6436597222222222 0.050898437499999984 0.18934722222222228
0 0.36584765625 0.356875 0.04175781249999999 0.14600000000000002
0 0.35824609375 0.5677847222222222 0.0560546875 0.17034722222222218
0 0.43326953125 0.44945833333333335 0.0415078125 0.1565555555555556
0 0.4884609375 0.8711944444444444 0.064359375 0.2058333333333334
0 0.45200781249999994 0.38871527777777776 0.04728125000000007 0.1462083333333333
2 0.60637890625 0.32086805555555553 0.040335937499999995 0.1532638888888889
1 0.6393671875 0.48987500000000006 0.06334374999999995 0.12838888888888889
