0 0.622875 0.5377430555555555 0.08015625000000001 0.15893055555555557
0 0.45383203125 0.21914583333333332 0.061179687499999955 0.11176388888888891
0 0.77646484375 0.6199305555555555 0.06953906250000008 0.17472222222222225
2 0.5309765625 0.15390277777777778 0.04515624999999997 0.15133333333333332
0 0.5347304687500001 0.25609027777777776 0.05702343750000001 0.16904166666666667
1 0.621796875 0.3348263888888889 0.07028125000000003 0.1829861111111111
0 0.7215078125 0.6745763888888889 0.089546875 0.19873611111111117
0 0.26614453125000004 0.43204166666666666 0.0754921875 0.16097222222222218
0 0.65607421875 0.27994444444444444 0.06003906250000002 0.07813888888888888
0 0.17443359374999998 0.7904583333333334 0.07763281249999998 0.21891666666666676
