2 0.7907890625 0.2629930555555555 0.03803124999999996 0.15018055555555554
0 0.8315156250000001 0.5174374999999999 0.05262499999999992 0.15129166666666669
0 0.6412109375 0.5275138888888888 0.05190625000000004 0.13400000000000004
0 0.3412109375 0.3950625 0.051859375 0.1533472222222222
0 0.5864804687499999 0.4950763888888889 0.06378906249999998 0.14701388888888892
0 0.75944140625 0.46452777777777776 0.046242187499999955 0.17588888888888887
0 0.2097109375 0.4703888888888889 0.057328124999999994 0.14269444444444446
0 0.40590625 0.31048611111111113 0.049046875000000024 0.1174444444444444
0 0.45313671875000006 0.3596944444444445 0.05477343750000001 0.12769444444444444
1 0.9124609375 0.44847916666666665 0.050359375000000026 0.180625
