0 0.75985546875 0.4483958333333334 0.05085156249999993 0.14459722222222215
0 0.76586328125 0.6265972222222222 0.06633593749999997 0.1873055555555556
0 0.4488984374999999 0.41439583333333335 0.05223437500000001 0.1505972222222222
0 0.645421875 0.5049513888888889 0.06118749999999995 0.1704305555555556
2 0.39683203125 0.2607083333333333 0.04461718750000001 0.15591666666666665
0 0.7799609375 0.46553472222222225 0.06956249999999989 0.16773611111111109
1 0.52960546875 0.4517291666666667 0.07330468749999994 0.13456944444444444
0 0.3272890625 0.46812499999999996 0.056859374999999976 0.18483333333333332
0 0.43060937499999996 0.9070416666666665 0.06225000000000001 0.18450000000000005
0 0.0798203125 0.9259722222222223 0.077328125 0.14233333333333337
