0 0.9902734375 0.25161805555555555 0.01945312500000007 0.134125
0 0.6023828124999999 0.2210347222222222 0.03507812499999998 0.13251388888888888
0 0.9027578125000002 0.9493402777777777 0.06859374999999997 0.1013194444444445
0 0.41877343749999996 0.18613194444444442 0.03937500000000003 0.13106944444444443
0 0.49320312499999996 0.628625 0.06437499999999999 0.16219444444444442
2 0.32129296875 0.22771527777777775 0.03849218749999998 0.13093055555555558
0 0.4007460937499999 0.4173958333333333 0.058523437499999977 0.11462500000000005
0 0.118390625 0.4999583333333334 0.04768750000000001 0.18752777777777782
0 0.65553515625 0.2397638888888889 0.054398437499999994 0.10713888888888887
0 0.0891015625 0.5847569444444444 0.057734375000000004 0.1607638888888889
