2 0.7529999999999999 0.20135416666666667 0.03703124999999998 0.1309861111111111
0 0.19346484375 0.5397847222222222 0.0769921875 0.15093055555555557
1 0.7786523437499999 0.34896527777777775 0.061429687499999996 0.15773611111111113
0 0.07366015625 0.5699027777777778 0.06986718750000001 0.14566666666666667
0 0.45623828125 0.6306041666666666 0.053382812499999946 0.15212500000000004
0 0.79639453125 0.2568958333333333 0.048585937500000044 0.07454166666666669
0 0.59765625 0.7937777777777778 0.07346874999999997 0.15633333333333327
0 0.5792734375 0.8067777777777778 0.0859375 0.15236111111111117
0 0.25956640625 0.77225 0.06799218749999998 0.15994444444444447
0 0.8918515625000001 0.6628472222222223 0.053749999999999964 0.17097222222222216
