2 0.9289531249999999 0.2312013888888889 0.037046875000000055 0.1410972222222222
0 0.9400664062499999 0.46214583333333337 0.04302343749999995 0.1577361111111111
0 0.7605390625 0.4900555555555556 0.05864062499999996 0.14586111111111116
0 0.4561875000000001 0.3746388888888889 0.05520312499999998 0.1460277777777778
0 0.696828125 0.4668541666666667 0.066109375 0.14606944444444447
0 0.8527265625 0.3942152777777778 0.0520624999999999 0.1726527777777778
0 0.34680078124999997 0.44537499999999997 0.052695312499999994 0.14452777777777778
0 0.49885156249999996 0.2715625 0.04698437499999999 0.11745833333333332
0 0.55209375 0.3340625 0.06364062499999994 0.12093055555555554
0 0.17257421874999998 0.6054791666666668 0.06788281249999999 0.16104166666666664
0 0.0242578125 0.8384375 0.048515625 0.18593055555555557
