2 0.7114453125 0.30454166666666665 0.04243749999999995 0.14019444444444445
0 0.77957421875 0.6097986111111111 0.06977343749999995 0.1580416666666666
0 0.5480937499999999 0.6798263888888889 0.06389062500000006 0.18956944444444446
0 0.25969921875 0.3983541666666667 0.0427734375 0.12948611111111114
0 0.40119531249999996 0.5007013888888889 0.047796875 0.16401388888888893
0 0.75649609375 0.7830347222222224 0.061179687500000045 0.21401388888888892
0 0.0640703125 0.42442361111111115 0.052296875 0.14448611111111115
0 0.5330625 0.38623611111111117 0.04449999999999994 0.14125
0 0.637765625 0.4506666666666667 0.044140625 0.16719444444444445
1 0.8668906249999999 0.5022291666666667 0.06820312499999996 0.16201388888888893
