0 0.64574609375 0.37710416666666663 0.03796093750000003 0.18273611111111115
0 0.567859375 0.6591319444444446 0.07610937500000006 0.18229166666666674
0 0.74589453125 0.714513888888889 0.05802343749999998 0.189861111111111
0 0.648390625 0.6209722222222223 0.06042187500000003 0.1461111111111111
0 0.59405078125 0.4328194444444444 0.04885156249999998 0.17691666666666667
2 0.6560273437499999 0.33620833333333333 0.03958593749999997 0.16086111111111115
1 0.5138828125 0.39913194444444444 0.047218750000000045 0.16965277777777774
0 0.86131640625 0.6433888888888889 0.07896093749999995 0.15386111111111106
0 0.4995859375 0.6728541666666666 0.07009375000000002 0.1860138888888888
0 0.21991015625000002 0.9089097222222222 0.05816406249999999 0.18056944444444442
0 0.03429296875 0.9448819444444445 0.0685859375 0.11023611111111112
