0 0.74709765625 0.5964791666666667 0.0671796875 0.15093055555555557
0 0.3003046875 0.8413263888888889 0.08546874999999998 0.20848611111111098
0 0.43080468750000006 0.39522222222222225 0.06121875000000001 0.16080555555555556
0 0.285609375 0.44779166666666664 0.06493750000000001 0.1468333333333333
0 0.816015625 0.6457569444444444 0.08781250000000007 0.14598611111111112
0 0.4246367187500001 0.4258402777777778 0.050492187499999994 0.18220833333333333
2 0.44195312500000006 0.2718263888888889 0.0390625 0.16823611111111106
1 0.51394921875 0.4144236111111111 0.06616406250000004 0.15323611111111113
0 0.21016796875 0.5548055555555556 0.06661718749999998 0.19036111111111112
0 0.12238281250000001 0.6301944444444445 0.06490625 0.19422222222222219
