0 0.63912109375 0.3946388888888889 0.033085937500000016 0.18275000000000002
0 0.6384453125 0.7947291666666667 0.06512500000000002 0.22156944444444449
0 0.6904101562499999 0.7032916666666666 0.0551796875 0.23358333333333342
0 0.75504296875 0.6908194444444444 0.05853906249999996 0.2241111111111112
0 0.57011328125 0.4773819444444445 0.049226562499999994 0.2022916666666667
2 0.71925390625 0.40804166666666664 0.05971093750000005 0.18155555555555553
1 0.48778515625 0.4247777777777778 0.04327343749999999 0.17769444444444443
0 0.72266796875 0.6382986111111111 0.06288281250000001 0.20854166666666663
0 0.606859375 0.7510069444444445 0.05321875 0.2010694444444445
0 0.29573828125 0.8040694444444445 0.06941406250000001 0.2292500000000001
