0 0.73730078125 0.5537569444444445 0.058242187499999966 0.15101388888888892
0 0.24531640625 0.8184513888888888 0.07194531250000002 0.2170694444444444
0 0.3845390625 0.3934930555555555 0.06493750000000001 0.16168055555555552
0 0.2196796875 0.4063888888888889 0.05882812499999999 0.14513888888888893
0 0.8031289062500001 0.5872430555555556 0.0695390625 0.14137499999999995
0 0.39620703125 0.4477777777777777 0.05050781250000003 0.18277777777777773
2 0.4513671875 0.2971111111111111 0.040359375000000065 0.17183333333333328
1 0.48512109374999995 0.4384791666666667 0.06969531249999994 0.15231944444444448
0 0.1231640625 0.5374722222222222 0.06271874999999999 0.20305555555555554
0 0.019527343750000002 0.5653541666666667 0.039054687500000004 0.1826805555555555
