0 0.5195742187500001 0.7041388888888889 0.0487265625 0.17719444444444443
0 0.6919492187499999 0.7478194444444444 0.05413281250000006 0.14438888888888887
0 0.7112499999999999 0.3171805555555556 0.03909374999999997 0.1345277777777778
0 0.730453125 0.6344930555555556 0.07332812500000001 0.17712500000000003
0 0.5069375 0.7261875 0.052640624999999996 0.18676388888888892
0 0.71614453125 0.3447152777777778 0.03960156249999995 0.15587499999999999
2 0.5160546874999999 0.17620833333333333 0.03278124999999994 0.13988888888888887
1 0.7438281250000001 0.31737499999999996 0.03774999999999995 0.1533333333333333
0 0.25393359374999996 0.5609097222222222 0.050867187499999966 0.1786805555555556
0 0.51707421875 0.8487083333333333 0.06692968750000006 0.14602777777777776
0 0.08352343749999999 0.9046041666666668 0.073296875 0.19079166666666666
