0 0.64651171875 0.37710416666666663 0.03949218749999996 0.18273611111111115
0 0.5523671875 0.6491597222222222 0.07745312499999998 0.17654166666666676
0 0.7554023437499999 0.7185694444444445 0.05725781249999997 0.18174999999999994
0 0.6366015624999999 0.6125208333333333 0.06042187500000003 0.13731944444444444
0 0.5953476562500001 0.4313263888888889 0.0489296875 0.17454166666666665
2 0.6501328125000001 0.32893055555555556 0.03959374999999996 0.15577777777777782
1 0.5154804687500001 0.3984791666666666 0.050414062500000065 0.1709583333333333
0 0.8756718750000001 0.648625 0.07457812499999986 0.14608333333333334
0 0.48484765625000004 0.6694791666666666 0.06875781249999999 0.1860138888888889
0 0.20954687500000002 0.9171944444444444 0.055703125000000006 0.16533333333333328
0 0.032203125 0.9448819444444445 0.06440625 0.11023611111111112
