0 0.74194921875 0.589388888888889 0.06528906250000004 0.14802777777777776
0 0.28871875 0.837125 0.08185937499999998 0.21077777777777776
0 0.42188671875 0.3958333333333333 0.06447656249999997 0.1608055555555555
0 0.2733828125 0.4422291666666666 0.06331249999999997 0.14637500000000006
0 0.8136093750000001 0.6374305555555555 0.08499999999999996 0.1452777777777778
0 0.41785937500000003 0.42836111111111114 0.05049999999999995 0.18236111111111108
2 0.44058203124999995 0.27381249999999996 0.03939843749999996 0.16823611111111106
1 0.50819921875 0.41763194444444446 0.06616406250000004 0.15323611111111113
0 0.20321484375 0.5522847222222222 0.0684921875 0.19081944444444443
0 0.1077109375 0.6232569444444445 0.066109375 0.19406944444444446
