0 0.7184062499999999 0.41213194444444445 0.04785937500000008 0.1751805555555556
0 0.69840625 0.46618055555555554 0.06389062499999998 0.17152777777777778
0 0.64688671875 0.40269444444444447 0.05702343750000001 0.16397222222222227
0 0.60479296875 0.4146944444444444 0.04561718749999999 0.16055555555555553
2 0.44351171874999995 0.2523611111111111 0.04135156249999996 0.16194444444444445
0 0.7724570312499999 0.4594930555555556 0.049710937499999996 0.17234722222222218
1 0.53707421875 0.4538541666666666 0.0798828125 0.1277083333333333
0 0.232125 0.4233611111111111 0.05671875000000002 0.19224999999999995
0 0.6846640625 0.757173611111111 0.07599999999999998 0.21959722222222225
0 0.1315859375 0.9601180555555556 0.070078125 0.07976388888888881
