0 0.6800312500000001 0.2710138888888889 0.03600000000000003 0.13530555555555557
0 0.53478515625 0.23674305555555553 0.0392578125 0.15329166666666666
0 0.6368515625000001 0.49677083333333333 0.06753124999999996 0.17045833333333335
2 0.1990625 0.2503680555555555 0.04343750000000002 0.148125
0 0.6963671875 0.5917847222222222 0.05815625000000004 0.17654166666666668
0 0.3801796875 0.36251388888888886 0.054234375000000015 0.12738888888888888
0 0.66135546875 0.35980555555555555 0.03789843749999999 0.15766666666666665
0 0.9603359375 0.27047916666666666 0.044578124999999955 0.15915277777777778
0 0.5923046875 0.2690416666666666 0.05081249999999997 0.13041666666666668
0 0.9852695312499999 0.7187083333333334 0.029460937500000027 0.18741666666666673
