2 0.7465859375 0.2919097222222222 0.04196875000000002 0.1402916666666667
0 0.7838671875 0.6025277777777778 0.06473437500000001 0.16197222222222224
0 0.573078125 0.6859027777777779 0.06126562499999997 0.19330555555555565
0 0.27731640625000004 0.3847013888888889 0.04514843750000001 0.127125
0 0.40999609374999996 0.49272222222222223 0.0493671875 0.16633333333333333
0 0.7396640624999999 0.8024305555555555 0.07117187500000002 0.20977777777777773
0 0.09258984375000001 0.4030416666666667 0.04810156250000001 0.1445
0 0.59856640625 0.3742708333333333 0.044039062500000004 0.14251388888888886
0 0.7026679687499999 0.44675 0.05489843749999999 0.15802777777777782
1 0.8938007812500001 0.48941666666666667 0.06232031249999999 0.1683888888888889
