0 0.784609375 0.2928958333333333 0.03529687500000005 0.15187499999999998
0 0.71407421875 0.2452361111111111 0.0392578125 0.15330555555555556
0 0.8155859375000001 0.4759861111111111 0.054000000000000006 0.16544444444444445
2 0.35961328124999997 0.2668888888888889 0.05394531250000001 0.1336388888888889
0 0.9302734375 0.5673611111111111 0.06937500000000014 0.16508333333333336
0 0.43148828124999994 0.38213888888888886 0.056242187500000006 0.14199999999999996
0 0.740828125 0.3578125 0.03787500000000001 0.15029166666666668
0 0.72174609375 0.32154166666666667 0.04435156249999998 0.13680555555555557
0 0.08858984375 0.44404861111111116 0.0627265625 0.17568055555555548
0 0.06167968749999999 0.6481180555555556 0.08285937499999999 0.16673611111111106
