0 0.74640625 0.39921527777777777 0.04053125 0.171125
0 0.69912890625 0.4440416666666666 0.05347656250000003 0.1746388888888889
0 0.663734375 0.406875 0.06051562499999994 0.17886111111111108
0 0.69212109375 0.4335347222222222 0.04705468750000001 0.17262500000000003
2 0.49489453125000005 0.26287499999999997 0.03908593749999998 0.15533333333333335
0 0.8229609374999999 0.46393749999999995 0.05814062499999997 0.18029166666666668
1 0.58559765625 0.46087500000000003 0.06636718749999995 0.12908333333333333
0 0.3917265625 0.4403125 0.053359374999999966 0.19929166666666664
0 0.66043359375 0.7177430555555555 0.06071093750000003 0.19312499999999994
0 0.07090625 0.6563611111111112 0.06798437500000001 0.2107500000000001
