0 0.60466796875 0.576875 0.08977343749999997 0.17133333333333328
0 0.37046875 0.22925 0.05720312500000002 0.1068611111111111
0 0.82161328125 0.6349930555555556 0.06947656250000005 0.17851388888888892
2 0.5497890625 0.1669861111111111 0.04656250000000002 0.1562222222222222
0 0.5158945312500001 0.27045833333333336 0.05642968750000001 0.16194444444444445
1 0.61387109375 0.33663194444444444 0.06969531250000002 0.18301388888888886
0 0.7098671875 0.69525 0.08918750000000006 0.21527777777777785
0 0.26271484375 0.43997916666666664 0.07252343749999998 0.16154166666666667
0 0.65048046875 0.28952083333333334 0.05738281250000003 0.06970833333333333
0 0.21379687499999997 0.7887569444444444 0.082765625 0.1997916666666667
