0 0.38846875000000003 0.29836805555555557 0.04367187500000003 0.12531944444444443
0 0.38229687500000004 0.3835347222222222 0.048406250000000026 0.12073611111111113
0 0.95928515625 0.8316388888888888 0.08142968750000001 0.2271666666666666
0 0.8669882812499999 0.36547916666666663 0.04810156249999995 0.11434722222222224
0 0.82205078125 0.33727777777777773 0.04908593750000012 0.13641666666666666
0 0.1821328125 0.4762361111111111 0.080046875 0.15513888888888888
0 0.8244023437499999 0.6576875 0.08372656249999996 0.1727916666666667
0 0.954875 0.4502083333333333 0.05181250000000013 0.11780555555555555
2 0.18763281250000002 0.6946597222222222 0.058734374999999985 0.21729166666666666
1 0.08058593750000001 0.4593541666666667 0.065203125 0.13081944444444443
