0 0.985953125 0.4971527777777778 0.02809375000000003 0.15447222222222226
0 0.67029296875 0.7106805555555555 0.06928906250000004 0.17069444444444443
0 0.25921875 0.41756944444444444 0.058109375 0.16997222222222216
0 0.27689453124999996 0.5108263888888889 0.0721171875 0.1659861111111111
2 0.58615234375 0.24313194444444444 0.04299218749999998 0.14856944444444445
0 0.7489921875000001 0.7202777777777777 0.06170312500000001 0.16758333333333328
1 0.7631875 0.3383333333333333 0.061437500000000075 0.14561111111111108
0 0.143953125 0.8970972222222223 0.072390625 0.2058055555555555
0 0.767390625 0.7633055555555556 0.061765624999999956 0.1296111111111111
0 0.193421875 0.9284513888888889 0.06851562500000001 0.14309722222222218
0 0.7349218750000001 0.7979444444444445 0.051437500000000025 0.12049999999999998
