0 0.39437500000000003 0.3726736111111111 0.05906250000000002 0.1587916666666667
0 0.539234375 0.44790972222222225 0.061593750000000023 0.15684722222222222
0 0.43902343750000006 0.5390208333333334 0.06303124999999996 0.13404166666666673
0 0.7106796875 0.4650138888888889 0.06662499999999998 0.15819444444444442
0 0.43090234375 0.45961805555555557 0.05953906249999994 0.14859722222222224
0 0.15298828125 0.43575 0.057320312500000005 0.1683888888888889
0 0.3003515625 0.4776319444444444 0.058109375 0.1461527777777778
0 0.88037109375 0.601013888888889 0.061273437499999875 0.18591666666666667
2 0.962296875 0.3129166666666667 0.040015624999999846 0.15572222222222223
0 0.95811328125 0.42264583333333333 0.06188281250000003 0.14451388888888886
