0 0.486796875 0.3140833333333333 0.06426562499999999 0.11875
0 0.6542656250000001 0.35238194444444443 0.054031249999999975 0.11273611111111113
0 0.34119140625 0.3197083333333333 0.058476562499999975 0.1190277777777778
0 0.6194726562499999 0.7976944444444445 0.07585156250000002 0.1928333333333333
0 0.12295703124999999 0.3775277777777778 0.0443359375 0.17294444444444443
0 0.45129296874999997 0.6380902777777777 0.07275781249999999 0.16459722222222212
2 0.15958984375 0.2065347222222222 0.04083593750000001 0.12993055555555552
0 0.59823046875 0.6087777777777778 0.07497656250000002 0.15022222222222217
0 0.53350390625 0.7376458333333333 0.07024218750000007 0.1902638888888889
0 0.9490546875 0.8318541666666666 0.07114062499999996 0.22712500000000013
