2 0.7519882812500001 0.20026388888888888 0.03641406250000001 0.13099999999999998
0 0.20155078125 0.5369166666666666 0.07375781249999999 0.14875000000000002
1 0.7766328125 0.34860416666666666 0.06142187500000009 0.15773611111111105
0 0.08175 0.5712916666666668 0.06775 0.14605555555555558
0 0.45500781250000005 0.6262222222222222 0.05337500000000004 0.15211111111111109
0 0.795 0.25727083333333334 0.04859375000000003 0.07454166666666664
0 0.59910546875 0.7937777777777778 0.07346093749999998 0.15633333333333327
0 0.5797148437499999 0.8050972222222224 0.08414843750000003 0.1525555555555556
0 0.24612499999999998 0.7713541666666667 0.06676562499999998 0.16251388888888887
0 0.8907968749999998 0.6628472222222223 0.053749999999999964 0.17097222222222216
