0 0.7205 0.41213194444444445 0.047859374999999996 0.1751805555555556
0 0.71384375 0.4670972222222222 0.06389062499999998 0.17152777777777778
0 0.6279765625 0.40561111111111114 0.05653125000000001 0.16250000000000003
0 0.6008906250000001 0.42323611111111115 0.045624999999999985 0.1605555555555555
2 0.43065234375 0.24779166666666666 0.04135156250000005 0.16194444444444445
0 0.76062890625 0.4512708333333333 0.049710937499999996 0.17234722222222218
1 0.526015625 0.44654166666666667 0.07628125 0.12769444444444444
0 0.18249218749999999 0.4352569444444444 0.05310937499999999 0.1995694444444445
0 0.6485859375 0.7988402777777778 0.08099999999999996 0.24240277777777774
0 0.15605078125 0.9659583333333334 0.0700859375 0.0680833333333333
