0 0.7390117187499999 0.6815972222222222 0.06313281250000005 0.1635833333333333
0 0.5494375 0.8691458333333333 0.07984375000000003 0.16806944444444444
0 0.53855859375 0.38712500000000005 0.04144531249999996 0.16080555555555556
0 0.43936328125 0.5161250000000001 0.0661171875 0.1715
0 0.7825312500000001 0.7586666666666667 0.09112499999999998 0.13691666666666663
0 0.51063671875 0.3943541666666667 0.04617968750000001 0.17815277777777774
2 0.45591406249999994 0.23981250000000004 0.03176562499999998 0.16234722222222225
1 0.591625 0.37607638888888884 0.06545312499999997 0.15229166666666671
0 0.29590234375 0.5806458333333333 0.0561484375 0.1635694444444444
0 0.31034375000000003 0.7326319444444445 0.05771875 0.19518055555555552
