0 0.991234375 0.2603958333333333 0.017531250000000043 0.13443055555555555
0 0.604828125 0.2222638888888889 0.03570312499999995 0.13275
0 0.91182421875 0.9516944444444445 0.06858593749999997 0.09661111111111104
0 0.42454687500000005 0.1890347222222222 0.03937499999999998 0.13106944444444443
0 0.50525 0.6234930555555555 0.06362500000000004 0.1630694444444445
2 0.3236796875 0.22815972222222222 0.03849999999999998 0.13093055555555555
0 0.412546875 0.42798611111111107 0.05826562500000003 0.11797222222222221
0 0.11440625 0.5040277777777777 0.04946874999999999 0.1883333333333333
0 0.65829296875 0.24355555555555558 0.054398437499999994 0.10713888888888891
0 0.09736328125 0.5931597222222222 0.0580234375 0.1607638888888889
