0 0.19871875 0.7214930555555555 0.05153124999999999 0.20987499999999995
0 0.374765625 0.8289444444444445 0.06810937499999996 0.18994444444444444
0 0.5771367187499999 0.381625 0.04461718750000001 0.15250000000000002
0 0.48883593750000004 0.8126805555555555 0.058687500000000004 0.1993888888888888
0 0.12078124999999999 0.7646666666666666 0.07046875 0.19333333333333333
0 0.64478125 0.4026180555555555 0.04964062500000006 0.13651388888888885
2 0.3792890625 0.2280763888888889 0.03259375000000002 0.13170833333333334
1 0.6171054687499999 0.3658402777777777 0.05785156249999997 0.13148611111111114
0 0.033046874999999996 0.5780694444444444 0.06609374999999999 0.17413888888888887
0 0.41484765625 0.9051458333333334 0.07450781250000005 0.1534861111111111
