0 0.6835546875 0.2717569444444445 0.03587499999999997 0.13806944444444444
0 0.54458203125 0.23610416666666667 0.0392578125 0.15329166666666666
0 0.6466484375 0.49359027777777775 0.06728125 0.16834722222222226
2 0.20421874999999998 0.24969444444444444 0.04359375000000001 0.1475
0 0.7121445312500001 0.5885 0.060304687499999954 0.17463888888888882
0 0.37928515625000003 0.36325694444444445 0.05578906250000006 0.12970833333333334
0 0.6629101562499999 0.35789583333333336 0.03789843749999999 0.15768055555555555
0 0.96551953125 0.26929166666666665 0.042898437499999886 0.15916666666666665
0 0.5997734375 0.2723333333333333 0.049734374999999977 0.1314722222222222
0 0.9857578124999999 0.714361111111111 0.028484375000000027 0.18913888888888883
