0 0.765578125 0.3916319444444445 0.05814062499999997 0.14231944444444442
0 0.7213515625 0.4374027777777778 0.04965625000000005 0.16750000000000004
0 0.652765625 0.373 0.06295312500000003 0.15199999999999997
0 0.62190234375 0.43520833333333336 0.05155468750000001 0.17463888888888895
2 0.46182421875 0.20676388888888889 0.040695312499999935 0.15900000000000003
0 0.8366914062500002 0.43195833333333333 0.05222656250000011 0.15208333333333332
1 0.5608515625 0.3958263888888889 0.06432812499999993 0.15990277777777778
0 0.32076171875000004 0.5064583333333333 0.058429687500000015 0.16983333333333336
0 0.53391796875 0.8335972222222223 0.07182031249999996 0.18888888888888888
0 0.38521875000000005 0.6614930555555555 0.07110937500000003 0.17379166666666673
