0 0.95834375 0.8076597222222222 0.065234375 0.20170833333333335
0 0.85437109375 0.4045347222222222 0.050179687500000014 0.1371527777777778
2 0.3426484375 0.9301666666666667 0.05731249999999997 0.13966666666666658
0 0.13484765625 0.5044444444444445 0.0595703125 0.16547222222222221
0 0.316953125 0.3165416666666666 0.046390625 0.10936111111111109
0 0.548203125 0.7718263888888889 0.05198437500000006 0.19276388888888893
0 0.3050703125 0.47709722222222223 0.050687499999999996 0.15380555555555556
0 0.7358046874999999 0.35959722222222223 0.050156249999999944 0.10505555555555558
2 0.6418671875 0.41496527777777775 0.043390624999999974 0.1310694444444444
0 0.25710156250000005 0.4865 0.047375000000000035 0.14725000000000005
0 0.44503125 0.841923611111111 0.06504687499999999 0.2079027777777777
0 0.42970312499999996 0.29615972222222225 0.04265625000000002 0.11304166666666669
