2 0.64865234375 0.3282569444444444 0.044632812499999994 0.14209722222222224
0 0.758234375 0.6098472222222223 0.07123437499999996 0.13944444444444448
0 0.4956250000000001 0.6517361111111111 0.06475 0.18797222222222218
0 0.2274140625 0.42861111111111116 0.05026562499999998 0.15825
0 0.40083203124999994 0.5133958333333333 0.04549218749999997 0.14395833333333338
0 0.7526718750000001 0.6883888888888888 0.07770312499999994 0.16683333333333342
0 0.01838671875 0.4806597222222222 0.0367734375 0.14448611111111107
0 0.39708203124999997 0.39899305555555553 0.051851562500000045 0.13620833333333332
0 0.48687890625 0.42846527777777776 0.04725781250000001 0.15429166666666672
1 0.80483984375 0.5302083333333333 0.062257812499999954 0.1441666666666666
