0 0.59144921875 0.6430347222222222 0.06610156250000002 0.16893055555555547
0 0.30682421875 0.5309722222222223 0.05099218749999999 0.17522222222222217
0 0.32730859375 0.670125 0.0626015625 0.18502777777777782
0 0.32826953125 0.37682638888888886 0.04175781250000003 0.1460138888888889
0 0.37459375 0.5938125000000001 0.06337499999999996 0.18943055555555555
0 0.44399609375000004 0.47723611111111114 0.04636718750000002 0.1635277777777778
0 0.50725390625 0.879 0.08047656249999999 0.2197222222222223
0 0.4156640625 0.4099444444444444 0.044875 0.15744444444444441
2 0.5941796874999999 0.3390902777777777 0.040328125000000006 0.1532638888888889
1 0.61765234375 0.5150347222222222 0.06285156250000004 0.13706944444444444
