0 0.73976953125 0.6359166666666667 0.060789062499999956 0.17455555555555563
0 0.74211328125 0.4250277777777777 0.03939843749999996 0.14247222222222225
2 0.8811054687500001 0.23933333333333331 0.02788281250000004 0.12858333333333336
2 0.4849492187499999 0.9338263888888889 0.05402343749999998 0.13234722222222217
0 0.061214843750000004 0.6162361111111111 0.05542968749999999 0.17799999999999996
0 0.1633203125 0.39921527777777777 0.03587499999999999 0.13681944444444444
0 0.3710234375 0.64775 0.050609375000000026 0.16013888888888883
0 0.31132421875 0.5270208333333334 0.04327343749999999 0.12906944444444446
0 0.36529296875 0.39259722222222215 0.049429687499999986 0.11433333333333333
2 0.3915 0.4704097222222222 0.04360937499999999 0.14448611111111107
0 0.32146484375 0.5403055555555555 0.0447265625 0.156
0 0.40759375000000003 0.6631805555555556 0.04567187500000003 0.16486111111111118
0 0.35197265624999996 0.4108958333333333 0.04174218750000001 0.1333194444444444
