0 0.7464609375 0.4008541666666667 0.040640624999999986 0.17143055555555553
0 0.6982968749999999 0.44572222222222224 0.05225 0.17205555555555554
0 0.6627578125 0.40597916666666667 0.059453125000000016 0.17906944444444442
0 0.69281640625 0.4308125 0.04844531249999999 0.17270833333333335
2 0.49336328125 0.2630208333333333 0.0392578125 0.15581944444444445
0 0.8214296874999999 0.4643333333333333 0.05920312499999998 0.17969444444444443
1 0.58434375 0.46082638888888894 0.06749999999999998 0.1289861111111111
0 0.3870703125 0.43903472222222223 0.05335937500000001 0.19929166666666667
0 0.665359375 0.7160694444444443 0.060531250000000016 0.1964722222222222
0 0.065140625 0.6536527777777777 0.066078125 0.21075000000000002
