0 0.98062890625 0.4338055555555556 0.038742187499999935 0.12027777777777773
0 0.748796875 0.5526458333333333 0.06292187499999997 0.14979166666666663
0 0.5150195312499999 0.4109027777777778 0.06063281250000001 0.12527777777777777
0 0.52071875 0.4993541666666666 0.05615625 0.14962499999999995
2 0.5962890625 0.21377083333333333 0.03965624999999999 0.142625
0 0.9459179687500001 0.5957430555555555 0.06896093749999999 0.17673611111111112
1 0.7152539062500001 0.3522638888888889 0.06144531249999998 0.1456111111111111
0 0.396390625 0.6966319444444445 0.07253124999999998 0.16631944444444452
0 0.7348359375 0.8035208333333335 0.04217187500000001 0.1184861111111112
0 0.3949296875 0.807375 0.06121875000000006 0.21927777777777777
0 0.72684765625 0.8170555555555555 0.05896093750000002 0.10736111111111105
