0 0.7303593749999999 0.5734305555555556 0.06103125 0.1415
0 0.26265625 0.8276874999999999 0.07374999999999998 0.21593055555555543
0 0.40180859375000005 0.39720833333333333 0.07182031249999996 0.16080555555555556
0 0.24587109375000002 0.4297083333333333 0.05964843749999997 0.14536111111111114
0 0.8081875000000001 0.6186875000000001 0.07867187499999995 0.14368055555555553
0 0.40260937499999994 0.43402083333333336 0.05049999999999999 0.1827083333333333
2 0.43749609375 0.27827083333333336 0.04017968750000005 0.16823611111111114
1 0.49526171874999997 0.4248402777777778 0.06616406249999995 0.15323611111111113
0 0.18757421874999997 0.546625 0.07274218749999999 0.19183333333333333
0 0.07469140625 0.607625 0.06880468749999999 0.19372222222222224
