2 0.75096875 0.19917361111111112 0.03579687499999995 0.1309861111111111
0 0.20963671875000003 0.5340416666666666 0.07052343750000004 0.1465833333333333
1 0.774609375 0.34822916666666665 0.06142187499999992 0.1577361111111111
0 0.08983984375000001 0.5726875 0.0656328125 0.14645833333333333
0 0.45377343749999993 0.6218333333333333 0.05337500000000004 0.15211111111111117
0 0.79360546875 0.2576319444444444 0.048585937500000044 0.07454166666666669
0 0.6005546875000001 0.7937777777777778 0.07346874999999997 0.15633333333333327
0 0.5801640625 0.8034027777777778 0.08235937500000005 0.15275000000000002
0 0.23267968749999998 0.7704583333333334 0.06554687499999998 0.16508333333333328
0 0.8897343750000001 0.6628472222222223 0.053749999999999964 0.17097222222222216
