0 0.6397812500000001 0.37710416666666663 0.03307812500000003 0.18273611111111115
0 0.64086328125 0.7356944444444443 0.06638281249999993 0.21766666666666662
0 0.7020898437499999 0.6940277777777778 0.05485156249999994 0.2233611111111111
0 0.72056640625 0.6525486111111111 0.05271093749999993 0.19181944444444446
0 0.5765156250000001 0.44947916666666665 0.048562499999999974 0.18579166666666663
2 0.6935664062500001 0.381375 0.04171093749999999 0.18083333333333332
1 0.50030078125 0.40999305555555554 0.03696093749999996 0.17051388888888885
0 0.77312109375 0.6291388888888889 0.06763281250000013 0.2038333333333333
0 0.57986328125 0.7087083333333333 0.0630859375 0.18597222222222226
0 0.27278906249999996 0.8360555555555556 0.0660625 0.2292500000000001
0 0.030406250000000003 0.9561527777777779 0.060812500000000005 0.08769444444444442
