0 0.9885781250000001 0.5208125 0.022843750000000006 0.15448611111111113
0 0.63135546875 0.7655486111111112 0.07122656250000006 0.20279166666666673
0 0.20765625000000001 0.4035208333333334 0.05774999999999999 0.16926388888888894
0 0.260265625 0.48760416666666667 0.07679687500000001 0.149125
2 0.61427734375 0.24095833333333336 0.04299218749999998 0.14855555555555555
0 0.6818046875 0.7649375 0.08696875000000004 0.19265277777777784
1 0.777671875 0.33299999999999996 0.06143749999999999 0.1456111111111111
0 0.068484375 0.9478888888888889 0.07840625000000001 0.10422222222222217
0 0.777546875 0.7511597222222223 0.06174999999999997 0.15176388888888895
0 0.14787890625 0.959875 0.0675390625 0.08024999999999996
0 0.7418320312500001 0.7912152777777777 0.047585937499999974 0.12795833333333334
