0 0.9848125 0.4496388888888889 0.030375000000000086 0.12516666666666668
0 0.726515625 0.5783611111111111 0.06168749999999994 0.1530833333333333
0 0.45946484375 0.4109027777777778 0.06027343750000007 0.12888888888888891
0 0.4728203125 0.5113680555555555 0.05549999999999997 0.15590277777777778
2 0.6017265625 0.22063194444444442 0.03965624999999999 0.14262499999999997
0 0.91920703125 0.6284791666666667 0.0671796875 0.17676388888888886
1 0.7258320312500001 0.35209722222222223 0.06144531249999998 0.1456111111111111
0 0.37240624999999994 0.7381944444444445 0.07925 0.1725277777777778
0 0.7548984375 0.7890486111111111 0.04242187499999996 0.1160972222222221
0 0.35805078125 0.8369166666666665 0.06135156249999998 0.22163888888888894
0 0.7341914062500001 0.811673611111111 0.05750781250000001 0.09998611111111112
