0 0.318359375 0.2844375 0.05189062499999997 0.1258472222222222
0 0.29841015625 0.40334027777777776 0.062414062500000034 0.127875
0 0.9166367187500001 0.8745902777777776 0.0956015625000001 0.2234027777777778
0 0.7720859375 0.35025694444444444 0.04879687500000003 0.11873611111111113
0 0.73704296875 0.29796527777777776 0.044648437499999985 0.10468055555555557
0 0.17943359374999998 0.5026875 0.07086718749999998 0.14109722222222226
0 0.6907617187499999 0.6437361111111112 0.07778906250000003 0.18297222222222223
0 0.8588515624999999 0.4284513888888889 0.055749999999999925 0.12629166666666666
2 0.12188281249999999 0.6764513888888889 0.049124999999999995 0.21220833333333344
1 0.10143359374999998 0.43364583333333334 0.0652109375 0.12518055555555554
