0 0.25688671875 0.7190277777777778 0.04930468750000001 0.20736111111111113
0 0.44030468749999996 0.8172986111111111 0.0663125 0.18440277777777775
0 0.6028984375 0.37250694444444443 0.04392187500000002 0.14634722222222218
0 0.5525625 0.7912013888888888 0.06854687500000001 0.18993055555555546
0 0.19780859374999998 0.7626319444444445 0.0679453125 0.19693055555555558
0 0.652265625 0.39713194444444444 0.05131250000000005 0.12968055555555555
2 0.408578125 0.218375 0.03276562500000004 0.12808333333333333
1 0.64315625 0.35567361111111107 0.059218749999999966 0.13334722222222217
0 0.061250000000000006 0.5810833333333333 0.062703125 0.17250000000000007
0 0.43812890625000006 0.8942430555555556 0.07572656249999996 0.15401388888888887
