0 0.41947265624999996 0.7458125 0.08297656249999999 0.17820833333333333
0 0.14365234375 0.3691041666666667 0.059867187499999995 0.14112500000000003
2 0.79371875 0.16641666666666668 0.039406250000000045 0.1325
0 0.53103515625 0.3558333333333334 0.04836718749999998 0.14747222222222223
1 0.81005859375 0.30640972222222224 0.06689843750000009 0.15381944444444445
0 0.58140234375 0.6132152777777777 0.06657031249999994 0.16018055555555552
0 0.44933203125 0.48680555555555555 0.06383593750000002 0.14433333333333329
0 0.84035546875 0.2553888888888889 0.05697656249999987 0.07455555555555557
0 0.5662265625 0.8469236111111113 0.05390625 0.13654166666666676
0 0.54162890625 0.8659930555555555 0.06567968750000004 0.14581944444444445
