0 0.1689453125 0.7200486111111111 0.057062500000000016 0.20468055555555556
0 0.3388203125 0.8387777777777777 0.06585937499999997 0.2073333333333333
0 0.5681835937499999 0.38509027777777777 0.04689843749999998 0.15365277777777778
0 0.45255078125 0.8123958333333333 0.05705468749999998 0.2034305555555555
0 0.08092578125000001 0.7629166666666666 0.0662265625 0.19563888888888892
0 0.64624609375 0.40408333333333335 0.04671093750000006 0.14175000000000004
2 0.36578906250000004 0.23356944444444447 0.03228125 0.13805555555555557
1 0.60684765625 0.3716319444444444 0.05491406249999997 0.13498611111111114
0 0.015476562499999999 0.5702569444444444 0.030953124999999998 0.17415277777777777
0 0.40215625 0.9074583333333334 0.07450000000000005 0.15347222222222223
