2 0.65641015625 0.329875 0.04782031249999994 0.1388611111111111
0 0.7662226562500001 0.6171527777777778 0.07442968750000008 0.1443055555555556
0 0.4981328124999999 0.6629027777777777 0.067484375 0.18919444444444442
0 0.23380859375 0.42638194444444444 0.04753906249999997 0.15945833333333329
0 0.39660937500000004 0.5103472222222222 0.04343750000000002 0.14597222222222225
0 0.7701328125 0.7165833333333335 0.08114062500000001 0.17127777777777783
0 0.02298828125 0.47396527777777775 0.0459765625 0.14448611111111107
0 0.41887109375 0.40629861111111104 0.05617968750000002 0.13379166666666664
0 0.51414453125 0.4343472222222223 0.04702343750000004 0.15713888888888888
1 0.8162499999999999 0.5334652777777779 0.06453124999999993 0.14418055555555556
