0 0.63912109375 0.3957291666666666 0.033085937500000016 0.1827361111111111
0 0.6381328125 0.7978611111111111 0.06512500000000002 0.22158333333333335
0 0.6898359375 0.7039583333333334 0.055265625000000006 0.23413888888888887
0 0.75676171875 0.6931666666666666 0.05889843749999999 0.22583333333333336
0 0.56987109375 0.4789861111111111 0.04927343750000004 0.20330555555555554
2 0.720640625 0.4094583333333333 0.060812500000000026 0.18155555555555558
1 0.48710156250000003 0.42559722222222224 0.04367187500000007 0.17808333333333337
0 0.71983203125 0.638875 0.06288281250000001 0.20852777777777767
0 0.6081562500000001 0.753361111111111 0.052734375 0.20199999999999999
0 0.2971328125 0.8024236111111112 0.06996875 0.22926388888888888
