0 0.6395625 0.37710416666666663 0.03307812499999994 0.18273611111111115
0 0.641703125 0.7386736111111112 0.06596875000000005 0.2189583333333333
0 0.7012578125 0.6935555555555556 0.05449999999999999 0.22383333333333344
0 0.722890625 0.6527847222222222 0.05276562500000006 0.19340277777777778
0 0.57567578125 0.4502222222222222 0.04855468750000007 0.1858611111111111
2 0.694734375 0.38274305555555554 0.04184374999999996 0.18106944444444445
1 0.49976953124999995 0.4105347222222222 0.03696093750000005 0.1708194444444444
0 0.770484375 0.6292986111111111 0.06604687499999998 0.20540277777777777
0 0.58193359375 0.7102777777777778 0.062382812499999926 0.18597222222222226
0 0.2740234375 0.8331597222222222 0.06606249999999995 0.22923611111111106
0 0.02974609375 0.9568611111111112 0.0594921875 0.08627777777777779
