0 0.64590234375 0.37710416666666663 0.03827343750000001 0.18273611111111115
0 0.56476171875 0.6571388888888888 0.07638281249999998 0.1811388888888889
0 0.747796875 0.7153263888888889 0.05787500000000003 0.18823611111111108
0 0.64603515625 0.6192847222222222 0.06041406250000003 0.14434722222222224
0 0.59430859375 0.4325208333333333 0.048867187499999964 0.17645833333333336
2 0.6548515625 0.3347569444444444 0.03959374999999996 0.15984722222222222
1 0.514203125 0.39899999999999997 0.047859374999999996 0.16991666666666663
0 0.8641875000000001 0.6444305555555556 0.07807812500000004 0.15230555555555558
0 0.49663671874999993 0.6721805555555556 0.06982031250000001 0.18599999999999994
0 0.2178359375 0.9105625 0.05767187500000002 0.1775138888888888
0 0.033875 0.9448819444444445 0.06775 0.11023611111111112
