0 0.7139843750000001 0.43031250000000004 0.07018750000000003 0.1695138888888889
0 0.6978515625 0.4731875 0.06134374999999999 0.18970833333333337
0 0.6320078125 0.39499305555555553 0.07415624999999997 0.1630694444444445
0 0.60447265625 0.47196527777777775 0.04977343750000003 0.19909722222222226
2 0.41755859375000004 0.24551388888888886 0.04135156250000005 0.1642222222222222
0 0.7728203125 0.46015972222222223 0.054109374999999994 0.1707916666666667
1 0.5129531249999999 0.4400763888888889 0.07545312500000004 0.14793055555555554
0 0.21799999999999997 0.5324305555555556 0.057499999999999975 0.22813888888888886
0 0.44343749999999993 0.8717083333333333 0.08560937500000003 0.2558055555555556
0 0.1964921875 0.6986458333333333 0.06007812499999998 0.24237499999999998
