0 0.7444609375000001 0.41999305555555555 0.042671875000000005 0.17515277777777777
0 0.68838671875 0.46641666666666676 0.04028906249999995 0.14400000000000002
0 0.65194921875 0.3965347222222222 0.04764843750000001 0.18112499999999995
0 0.6911679687500001 0.39905555555555555 0.06328906249999999 0.1723055555555556
2 0.47152734375000005 0.26363888888888887 0.04135156249999996 0.16194444444444445
0 0.79963671875 0.4685277777777778 0.06961718749999993 0.17236111111111108
1 0.56574609375 0.45983333333333337 0.08153906250000001 0.12769444444444444
0 0.32753125 0.4231527777777778 0.051750000000000004 0.18625000000000003
0 0.70708203125 0.7110277777777777 0.0677734375 0.21591666666666665
0 0.08175390625 0.9464652777777777 0.0848359375 0.1070694444444445
