0 0.7172578125 0.42038194444444443 0.063375 0.1665694444444444
0 0.6926875 0.4628958333333333 0.061125000000000006 0.19076388888888884
0 0.6300546875 0.3849583333333333 0.06387499999999999 0.15116666666666664
0 0.6012734375 0.46343055555555557 0.050125000000000065 0.20105555555555554
2 0.41924609375 0.23914583333333334 0.04135156250000001 0.16195833333333334
0 0.777984375 0.451875 0.05060937500000007 0.16636111111111115
1 0.5189843749999999 0.43151388888888886 0.07081249999999999 0.15091666666666662
0 0.24542187499999998 0.5204513888888889 0.05190625 0.205375
0 0.45473437499999997 0.8624166666666667 0.08374999999999995 0.23516666666666675
0 0.25768359375 0.6825763888888889 0.0627890625 0.21918055555555555
