0 0.7196445312499999 0.4263333333333333 0.06527343749999996 0.15883333333333333
0 0.6998046875 0.47727777777777775 0.06135937499999997 0.16852777777777775
0 0.6216132812499999 0.39647222222222217 0.055039062499999944 0.1667777777777778
0 0.6028515624999999 0.4661666666666667 0.049796875000000004 0.19172222222222224
2 0.41151171875000003 0.24158333333333332 0.04135156250000005 0.17011111111111113
0 0.76462890625 0.45805555555555555 0.05621093750000004 0.17083333333333334
1 0.50490234375 0.45490277777777777 0.0818359375 0.1410833333333333
0 0.1387421875 0.5001597222222223 0.070703125 0.2155694444444445
0 0.4326171875 0.8661944444444444 0.08612500000000001 0.26075000000000004
0 0.0621328125 0.7135277777777778 0.060078125 0.2423611111111111
