0 0.7386992187500001 0.41952083333333334 0.04857031249999997 0.16020833333333337
0 0.7221796875000001 0.5251666666666667 0.058296875000000005 0.17963888888888893
0 0.55869921875 0.3811388888888889 0.04957031250000003 0.14777777777777779
0 0.68300390625 0.44774305555555555 0.0606484375 0.1622083333333333
2 0.46000390625000004 0.2522638888888889 0.04155468749999995 0.15516666666666667
0 0.8051210937500001 0.4509930555555556 0.056570312499999977 0.17876388888888886
1 0.55616015625 0.45366666666666666 0.07152343749999997 0.13375
0 0.404875 0.4521111111111111 0.05456249999999998 0.19463888888888886
0 0.55179296875 0.8131666666666667 0.07286718749999999 0.22805555555555562
0 0.13759765625 0.794375 0.08211718750000001 0.22272222222222224
