0 0.7236914062500001 0.4224027777777778 0.05938281249999999 0.15883333333333335
0 0.7016484375 0.4726805555555556 0.06135937499999997 0.16852777777777775
0 0.62069921875 0.39647222222222217 0.05321093749999992 0.1667777777777778
0 0.6046953125 0.4589583333333334 0.049796875000000004 0.19172222222222224
2 0.4152578125 0.24278472222222222 0.04134375000000001 0.16829166666666664
0 0.76646484375 0.45805555555555555 0.0525390625 0.17083333333333334
1 0.5125546875 0.4525138888888889 0.07642187500000004 0.13763888888888892
0 0.12996484375 0.48644444444444446 0.06589843749999999 0.21022222222222225
0 0.46686718749999995 0.8589722222222222 0.09251562499999996 0.2625555555555555
0 0.026945312500000002 0.7165833333333335 0.053890625000000004 0.2423611111111112
