0 0.9840546875000001 0.48006249999999995 0.03189062499999995 0.15448611111111113
0 0.68292578125 0.6768402777777779 0.06886718749999998 0.16712499999999997
0 0.30740625 0.41782638888888884 0.058109375 0.16070833333333334
0 0.31850390625 0.5137708333333333 0.06350781249999997 0.16634722222222229
2 0.58759765625 0.23980555555555555 0.04139843750000001 0.14572222222222223
0 0.7972187500000001 0.7018611111111112 0.06279687500000009 0.17058333333333334
1 0.75327734375 0.3419861111111111 0.06144531249999998 0.14561111111111108
0 0.21248046875 0.8517291666666666 0.0753203125 0.19570833333333346
0 0.7624375000000001 0.7699305555555555 0.06178125000000003 0.11608333333333339
0 0.23542187500000003 0.9099444444444446 0.068515625 0.18011111111111106
0 0.73100390625 0.8024444444444444 0.05422656249999998 0.11511111111111111
