2 0.77920703125 0.28418055555555555 0.041976562500000016 0.14030555555555557
0 0.7927773437499999 0.5992916666666667 0.06107031249999997 0.16483333333333333
0 0.5912499999999999 0.6903194444444444 0.05935937500000001 0.19602777777777783
0 0.29321484375 0.3809375 0.046867187500000004 0.1254027777777778
0 0.419484375 0.48897222222222225 0.05049999999999999 0.1680277777777778
0 0.7274218749999999 0.8165347222222222 0.07843749999999998 0.20670833333333338
0 0.11642187500000001 0.3902361111111112 0.04892187500000002 0.14450000000000002
0 0.65108984375 0.3662777777777778 0.04363281250000002 0.1436388888888889
0 0.7536171875 0.44704166666666667 0.05934375000000003 0.1543611111111111
1 0.92118359375 0.4819930555555555 0.05807031249999994 0.17137500000000006
