0 0.628703125 0.6359652777777778 0.07490625 0.1672083333333334
0 0.3558125 0.5096041666666666 0.07278124999999998 0.14662499999999998
0 0.37239453125 0.6478611111111111 0.06724218750000004 0.16652777777777775
0 0.38610937500000003 0.35938194444444443 0.050046875000000005 0.14579166666666665
0 0.5204765625000001 0.5506319444444445 0.069625 0.16637500000000002
0 0.58363671875 0.48759722222222224 0.0571328125 0.16011111111111107
0 0.6897265625 0.8057708333333333 0.06851562500000004 0.2202361111111112
0 0.4661992187499999 0.40445833333333336 0.0643515625 0.15488888888888894
2 0.7254921875 0.3655694444444444 0.04087499999999995 0.1618055555555555
1 0.7215624999999999 0.5359930555555555 0.057687500000000023 0.15462499999999998
