0 0.6444375 0.7076041666666667 0.05173437500000002 0.15590277777777778
0 0.68333203125 0.8009236111111111 0.0551796875 0.10520833333333333
0 0.6107148437500001 0.3678125 0.039023437500000036 0.15912500000000002
0 0.56761328125 0.5607569444444445 0.05802343749999998 0.1644027777777778
0 0.65189453125 0.7625972222222223 0.05499218749999999 0.17194444444444446
0 0.5907890625000001 0.3788472222222222 0.04543749999999998 0.16486111111111112
2 0.46959375000000003 0.21911805555555552 0.030281249999999992 0.15045833333333336
1 0.6403125000000001 0.3614513888888889 0.05543750000000003 0.1492083333333333
0 0.2926171875 0.6036944444444444 0.06426562499999999 0.18430555555555553
0 0.43823828125 0.8118541666666667 0.06224218749999997 0.18548611111111105
