0 0.9882890625 0.5181805555555556 0.023421875000000016 0.15447222222222218
0 0.6365078125 0.7594583333333332 0.07267187499999998 0.19922222222222222
0 0.21303125 0.4068611111111111 0.058109375 0.16997222222222222
0 0.25780859375 0.4929722222222222 0.07682031250000003 0.1516944444444445
2 0.60983984375 0.24129861111111112 0.04299218749999998 0.14856944444444445
0 0.6897656249999999 0.7595347222222222 0.08515625 0.1889861111111111
1 0.7753828125 0.3338333333333333 0.06143749999999999 0.14561111111111108
0 0.07433984375 0.9417152777777779 0.07774218749999999 0.11656944444444438
0 0.774765625 0.7542708333333334 0.06175000000000006 0.1493194444444445
0 0.151921875 0.9570138888888888 0.068515625 0.08597222222222219
0 0.7397421875 0.7924027777777778 0.04801562500000003 0.12713888888888883
