0 0.22161328124999996 0.7218472222222222 0.04850781249999998 0.2120833333333334
0 0.40173046875 0.8224652777777777 0.06896093750000003 0.18065277777777786
0 0.5851953125 0.37861805555555555 0.04340625000000005 0.1510416666666667
0 0.5157070312500001 0.8097638888888888 0.060898437500000034 0.1960555555555555
0 0.15130859375 0.7652222222222222 0.0721796875 0.1927222222222223
0 0.6451328125 0.401125 0.05131250000000005 0.13297222222222224
2 0.39008203124999996 0.22400694444444444 0.03277343749999999 0.1280694444444444
1 0.6258515625 0.3615486111111111 0.05948437499999999 0.13004166666666667
0 0.03707421875 0.5785 0.0656015625 0.17391666666666664
0 0.42438671875 0.9024583333333334 0.07467968749999998 0.15355555555555547
