0 0.639265625 0.6166666666666667 0.06326562500000002 0.19261111111111112
0 0.3541640625 0.466875 0.04510937500000001 0.17300000000000001
0 0.38919140625 0.6190972222222222 0.0585390625 0.1930277777777778
0 0.45161718749999996 0.3453055555555556 0.05504687499999994 0.11766666666666671
0 0.5840273437500001 0.49390972222222224 0.05757031249999996 0.16343055555555558
0 0.7214921875 0.4794861111111111 0.049093749999999936 0.18047222222222223
0 0.9417617187499999 0.7129791666666667 0.06994531249999998 0.19945833333333327
0 0.5035507812500001 0.3776041666666667 0.056007812499999955 0.1417638888888889
2 0.88665625 0.38419444444444445 0.037812499999999895 0.16661111111111115
1 0.881984375 0.5425208333333333 0.05170312500000005 0.16123611111111116
