0 0.52963671875 0.5852222222222222 0.06097656250000005 0.16558333333333336
0 0.2081171875 0.46098611111111104 0.05181250000000002 0.17702777777777776
0 0.2952265625 0.6331388888888889 0.060999999999999985 0.1865833333333333
0 0.4966875 0.3217569444444444 0.05325000000000006 0.11976388888888884
0 0.50026171875 0.43645833333333334 0.052179687499999974 0.15336111111111106
0 0.67473828125 0.44663194444444443 0.06036718749999999 0.16506944444444446
0 0.9730117187499999 0.6424097222222223 0.04700781250000006 0.19945833333333335
0 0.44132421875 0.36864583333333334 0.06853906250000001 0.11968055555555554
2 0.8559218749999999 0.3905694444444444 0.03853124999999995 0.1659722222222222
1 0.847328125 0.5231875 0.044984374999999945 0.18143055555555554
