0 0.30441406249999997 0.8152013888888889 0.058109375 0.23065277777777776
0 0.07403515625 0.45480555555555563 0.0763046875 0.14233333333333328
2 0.8030039062500001 0.17176388888888888 0.03939843749999996 0.1325
0 0.5019609375 0.4048819444444444 0.059015624999999974 0.14304166666666665
1 0.82236328125 0.31590277777777775 0.06477343749999998 0.1487777777777778
0 0.45843359375 0.5932152777777778 0.06017968749999998 0.16401388888888893
0 0.49898046875 0.5094791666666667 0.0548828125 0.15729166666666666
0 0.83752734375 0.24778472222222223 0.0548828125 0.07454166666666669
0 0.6639296875 0.8093680555555556 0.05178124999999998 0.11759722222222233
0 0.6321015624999999 0.8079999999999999 0.05437500000000002 0.14586111111111108
0 0.01170703125 0.672513888888889 0.0234140625 0.1756666666666667
