0 0.94659765625 0.41756944444444444 0.05992968750000003 0.12311111111111117
0 0.7876796875000001 0.4972569444444444 0.06390625000000005 0.14381944444444447
0 0.62537890625 0.4061527777777778 0.06919531249999995 0.13880555555555552
0 0.6137148437500001 0.4669444444444445 0.06364843749999993 0.14572222222222225
2 0.57644921875 0.19735416666666666 0.039664062499999986 0.142625
0 0.9685937499999999 0.5233194444444444 0.06281250000000008 0.15311111111111111
1 0.6901484375 0.3474236111111111 0.06079687499999995 0.1489861111111111
0 0.426578125 0.6019375 0.05995312500000001 0.15434722222222222
0 0.6920546875 0.8313541666666667 0.05510937500000006 0.12973611111111108
0 0.47122656250000006 0.7435347222222223 0.0663125 0.20104166666666667
0 0.67119140625 0.8458124999999999 0.06242968750000007 0.1310416666666667
