0 0.739546875 0.40719444444444447 0.04251562500000006 0.163
0 0.71409375 0.4791944444444444 0.05648437500000005 0.16797222222222222
0 0.6158984375000001 0.3871041666666667 0.05278124999999996 0.1652916666666667
0 0.6872265625 0.4407638888888889 0.04446874999999997 0.16749999999999995
2 0.486078125 0.2577083333333334 0.03901562499999996 0.15455555555555556
0 0.8146875000000001 0.4540972222222222 0.05639062500000005 0.18108333333333332
1 0.57330859375 0.4556111111111111 0.07152343750000005 0.13375
0 0.423046875 0.4507430555555555 0.062703125 0.19484722222222225
0 0.5769726562499999 0.7495763888888888 0.0781328125 0.2070694444444445
0 0.1153984375 0.7191736111111112 0.074328125 0.21995833333333334
