0 0.70646875 0.5437847222222222 0.05581250000000004 0.15326388888888884
0 0.46805078125 0.4322638888888889 0.04908593749999994 0.13274999999999998
0 0.54639453125 0.5222083333333334 0.05841406249999999 0.15469444444444444
0 0.6872890625 0.2927013888888889 0.057687500000000023 0.1267361111111111
0 0.46685546875000006 0.4941527777777777 0.04019531249999995 0.1639166666666667
0 0.2448515625 0.2880138888888889 0.049515624999999994 0.12925
0 0.59364453125 0.35995138888888883 0.04710156249999997 0.14215277777777774
0 0.26358984375 0.6650555555555556 0.058585937500000004 0.1726388888888889
0 0.5122265625000001 0.8154722222222222 0.08020312499999997 0.19788888888888892
0 0.7731640625 0.34904861111111113 0.055390624999999895 0.1382916666666667
2 0.22630859375 0.965701388888889 0.05772656250000001 0.0685972222222222
2 0.85390234375 0.24943055555555557 0.037820312500000064 0.14725
1 0.9211874999999999 0.4234305555555556 0.05356250000000014 0.12341666666666669
