0 0.64157421875 0.6218958333333333 0.06874218750000001 0.18454166666666674
0 0.3610703125 0.4786597222222222 0.05815625 0.16265277777777779
0 0.38838671874999997 0.6258819444444444 0.0591796875 0.18184722222222224
0 0.43608984374999993 0.34744444444444444 0.05514843750000002 0.12402777777777779
0 0.5809218749999999 0.5089861111111111 0.06314062500000003 0.15999999999999998
0 0.6859140625 0.4843125 0.052359374999999986 0.1720138888888889
0 0.86653515625 0.7397916666666666 0.07042968750000007 0.20836111111111108
0 0.49828906249999994 0.3853333333333333 0.0640625 0.14711111111111108
2 0.844328125 0.379 0.03781250000000007 0.16661111111111113
1 0.83825 0.5406041666666667 0.05192187500000003 0.1580416666666667
