0 0.7355390625 0.5545347222222222 0.05876562500000002 0.14787500000000003
0 0.24659765625 0.8192430555555555 0.07194531249999998 0.21706944444444448
0 0.38596093750000005 0.3939375 0.06587500000000004 0.16159722222222223
0 0.22190624999999997 0.40868055555555555 0.05882812500000001 0.1451388888888889
0 0.8023398437499999 0.5884930555555556 0.0695390625 0.14137500000000003
0 0.39654296875 0.44638888888888884 0.050507812499999985 0.18277777777777776
2 0.44975000000000004 0.295125 0.040359374999999975 0.17141666666666666
1 0.48592578125 0.43714583333333334 0.06930468750000003 0.15243055555555557
0 0.12993749999999998 0.5383472222222222 0.06393750000000001 0.20183333333333334
0 0.02279296875 0.5702708333333334 0.0455859375 0.18537499999999996
