0 0.63625 0.41272222222222216 0.039046875000000016 0.1858611111111111
0 0.6023359375 0.8529027777777778 0.05846874999999994 0.23338888888888884
0 0.6875820312500001 0.7170416666666667 0.04885156249999998 0.22952777777777778
0 0.807234375 0.7507152777777778 0.05899999999999998 0.22768055555555555
0 0.5733359374999999 0.5109652777777778 0.049124999999999995 0.21093055555555557
2 0.759140625 0.4499722222222223 0.06949999999999994 0.19224999999999998
1 0.48196875000000006 0.4404513888888889 0.05265624999999998 0.1846805555555556
0 0.661671875 0.6618958333333333 0.06267187499999993 0.21029166666666663
0 0.61434765625 0.8223611111111111 0.06402343750000003 0.22263888888888891
0 0.34561328125 0.7532222222222221 0.05872656250000001 0.22480555555555556
