0 0.4177734375 0.3620972222222223 0.06095312499999998 0.1431388888888889
0 0.572375 0.41391666666666665 0.0625 0.12138888888888894
0 0.21819140625000003 0.3798263888888889 0.05597656250000001 0.1324305555555555
0 0.59296484375 0.8858680555555556 0.07938281249999993 0.1890972222222222
0 0.3656484375 0.5940694444444444 0.07325 0.1532222222222222
2 0.0784140625 0.2244375 0.04368750000000001 0.13393055555555555
0 0.53396484375 0.6884375 0.0674921875 0.16851388888888894
0 0.49279687499999997 0.6867083333333333 0.06271874999999998 0.18636111111111112
0 0.91371484375 0.8585902777777777 0.07669531250000006 0.24404166666666655
2 0.9684375 0.2447986111111111 0.06312499999999996 0.13068055555555555
