0 0.72207421875 0.4239722222222222 0.061742187499999976 0.15883333333333333
0 0.7009140625000001 0.47451388888888885 0.06135937500000006 0.16852777777777775
0 0.6210625000000001 0.39647222222222217 0.05393749999999997 0.1667777777777778
0 0.60395703125 0.4618472222222222 0.049789062499999925 0.19172222222222224
2 0.41376171875 0.24230555555555558 0.04135156250000005 0.16902777777777778
0 0.76573046875 0.45805555555555555 0.054007812499999995 0.17083333333333334
1 0.5094960937499999 0.4534652777777778 0.07858593750000002 0.13901388888888894
0 0.1312578125 0.49211805555555554 0.064640625 0.21056944444444448
0 0.4520156249999999 0.8614583333333333 0.09365625 0.2618333333333333
0 0.0392578125 0.7160833333333334 0.060078125 0.2423611111111112
