0 0.75821484375 0.44639583333333327 0.050664062500000016 0.14470833333333333
0 0.7634492187499999 0.6213333333333334 0.06550781250000001 0.1882222222222222
0 0.4539140625 0.41130555555555554 0.05223437500000001 0.14716666666666667
0 0.6495390624999999 0.5027152777777778 0.06170312500000001 0.17006944444444444
2 0.39991796874999996 0.2600138888888889 0.04461718750000006 0.15591666666666665
0 0.7812109375 0.4632013888888889 0.06910937500000003 0.16945833333333332
1 0.5304453125 0.4516666666666667 0.073046875 0.13444444444444445
0 0.33414062499999997 0.46721527777777777 0.05731250000000001 0.18393055555555557
0 0.43874609375 0.9039583333333332 0.06232031249999999 0.19044444444444444
0 0.0860703125 0.9211250000000001 0.07679687499999999 0.15233333333333327
