0 0.86534765625 0.3770972222222222 0.06628906249999993 0.14049999999999996
0 0.78323828125 0.43884027777777773 0.06096093749999998 0.15606944444444446
0 0.6938789062499999 0.3735 0.0693359375 0.1562777777777778
0 0.67338671875 0.4385694444444444 0.06324218749999995 0.15416666666666667
2 0.5367578125 0.1897013888888889 0.039671875000000065 0.14956944444444445
0 0.9402421875 0.4525 0.05907812499999991 0.14952777777777773
1 0.6415468750000001 0.34697222222222224 0.05973437499999994 0.15452777777777776
0 0.40983984375000004 0.5192847222222222 0.0654921875 0.153625
0 0.6430390625 0.8326250000000001 0.06407812499999999 0.1739166666666667
0 0.49309765624999996 0.6801388888888888 0.07192968750000003 0.17663888888888882
0 0.47942578124999996 0.9086180555555554 0.0634765625 0.13845833333333324
