0 0.15294140625 0.8933472222222223 0.0740859375 0.2133055555555556
2 0.77119921875 0.1848888888888889 0.03939843750000005 0.13249999999999998
0 0.38022656250000003 0.4731319444444444 0.06467187500000002 0.16334722222222217
1 0.7859375 0.3346597222222222 0.064453125 0.14962499999999998
0 0.28656640625 0.5876944444444444 0.07966406250000002 0.15177777777777773
0 0.48474609374999994 0.5543194444444445 0.058320312499999985 0.14280555555555555
0 0.8073710937499999 0.2590763888888889 0.048585937499999954 0.07454166666666669
0 0.63952734375 0.7993958333333334 0.058554687500000036 0.13134722222222228
0 0.6176796875 0.8020208333333332 0.051437499999999935 0.1484583333333333
0 0.060738281250000005 0.7627152777777777 0.0869140625 0.2107083333333333
0 0.9176484375000001 0.6580347222222221 0.05851562499999989 0.16454166666666661
