0 0.9003671875 0.7622569444444445 0.06371874999999996 0.1882638888888889
0 0.7901210937500001 0.40224305555555556 0.0508671875000001 0.13873611111111114
2 0.32916406249999997 0.936048611111111 0.05965625000000001 0.1279027777777778
0 0.07321484375 0.523375 0.0604765625 0.17755555555555552
0 0.22119921874999998 0.32789583333333333 0.0487265625 0.11523611111111111
0 0.49191796875 0.7596249999999999 0.05764843749999997 0.1885277777777777
0 0.257078125 0.48255555555555557 0.059687499999999984 0.14791666666666667
0 0.65399609375 0.3650486111111111 0.04449218750000004 0.11090277777777777
2 0.5393203124999999 0.4129930555555556 0.053640624999999977 0.13218055555555555
0 0.20152343749999999 0.49993055555555554 0.056374999999999974 0.14722222222222223
0 0.4067265625 0.8070416666666668 0.064109375 0.19697222222222222
0 0.3594765625 0.3054236111111111 0.0421875 0.11306944444444447
