0 0.7383828125 0.41763194444444446 0.044234375000000006 0.1751527777777778
0 0.6892695312500001 0.4662222222222222 0.0473671875 0.15225
0 0.6547148437500001 0.40006250000000004 0.050539062499999954 0.18034722222222224
0 0.66815625 0.40317361111111116 0.05798437500000002 0.16879166666666667
2 0.46489453125 0.2608819444444444 0.04135156249999996 0.16195833333333332
0 0.793109375 0.4669513888888889 0.06364062500000003 0.17237500000000003
1 0.5586640624999999 0.4590416666666667 0.08153125000000001 0.12769444444444444
0 0.30573828125 0.4215833333333333 0.05374218750000002 0.18705555555555556
0 0.7054218750000001 0.7196874999999999 0.06976562500000005 0.21279166666666663
0 0.09281249999999999 0.95 0.08040624999999998 0.1
