0 0.9313085937500001 0.40551388888888884 0.05877343750000001 0.12566666666666665
0 0.7912812499999999 0.4744375 0.06014062499999993 0.14023611111111106
0 0.65292578125 0.3999930555555556 0.07697656249999998 0.15112499999999995
0 0.6419921875 0.45951388888888894 0.06942187499999992 0.15138888888888888
2 0.5718320312499999 0.19068749999999998 0.039664062500000076 0.14262499999999997
0 0.9713359374999999 0.5015138888888888 0.057328125000000084 0.15052777777777776
1 0.68177734375 0.3448611111111111 0.06021093750000004 0.15205555555555558
0 0.438265625 0.5732083333333333 0.061406250000000016 0.15538888888888888
0 0.6890234375000001 0.8341736111111111 0.061171875000000056 0.13537500000000005
0 0.4961875 0.7240555555555555 0.06890625000000003 0.19183333333333333
0 0.6368632812499999 0.8632638888888888 0.06300781249999998 0.13516666666666674
