0 0.7472578125 0.6145416666666667 0.053156249999999974 0.16163888888888897
0 0.7481875 0.43015277777777783 0.04243750000000004 0.13172222222222219
2 0.8922421875000002 0.2446458333333333 0.031515624999999936 0.12106944444444442
2 0.5241640625 0.9364930555555555 0.05218750000000005 0.12701388888888895
0 0.1170234375 0.6113472222222223 0.05601562499999999 0.17155555555555552
0 0.20199609375 0.4099791666666667 0.038304687500000004 0.13684722222222223
0 0.38355078125000003 0.6266180555555556 0.05333593750000003 0.16612500000000002
0 0.3745546875 0.5040486111111111 0.03650000000000002 0.12662500000000002
0 0.38381640624999996 0.4111666666666666 0.036070312500000014 0.11313888888888886
2 0.42341796875000004 0.467875 0.03885156250000001 0.13599999999999995
0 0.39713671875 0.5119027777777778 0.03835156249999998 0.1257777777777778
0 0.42494140625 0.6118402777777777 0.049101562500000015 0.13470833333333335
0 0.4046523437499999 0.4211666666666667 0.030179687499999996 0.12969444444444445
