2 0.8747421875000001 0.23595138888888886 0.040437499999999994 0.14790277777777777
0 0.89765625 0.4803958333333333 0.051000000000000156 0.1577361111111111
0 0.709578125 0.49649305555555556 0.05559375000000007 0.13981944444444447
0 0.41379296875 0.37868750000000007 0.05711718750000001 0.14601388888888892
0 0.65441796875 0.47396527777777775 0.061148437499999986 0.15218055555555554
0 0.8131718750000001 0.41313888888888883 0.04978125000000002 0.1753333333333333
0 0.29241406249999996 0.44943750000000005 0.05270312499999998 0.14451388888888891
0 0.46044140625 0.2803472222222222 0.0469765625 0.11744444444444445
0 0.5076054687499999 0.3401666666666667 0.05753906249999998 0.1250277777777778
1 0.9791484374999999 0.4214375 0.041703125000000084 0.17695833333333333
0 0.097921875 0.6269374999999999 0.073015625 0.17765277777777783
