0 0.73293359375 0.5769791666666666 0.06197656250000003 0.14295833333333335
0 0.26844921875 0.8297916666666667 0.07555468750000002 0.21477777777777776
0 0.4062734375 0.39690277777777777 0.07018750000000003 0.1608055555555556
0 0.25198437500000004 0.43248611111111107 0.060453124999999996 0.14558333333333331
0 0.809390625 0.6228541666666667 0.080078125 0.14404166666666665
0 0.406 0.43276388888888884 0.05049999999999999 0.18263888888888885
2 0.43818359375 0.27727777777777773 0.04000781250000003 0.16824999999999998
1 0.49813671875 0.4232291666666667 0.06616406250000004 0.1532361111111111
0 0.191046875 0.547875 0.07179687500000001 0.1916111111111111
0 0.08203125 0.6111041666666667 0.068203125 0.19379166666666664
