0 0.73894921875 0.6348611111111111 0.06127343750000005 0.17405555555555555
0 0.7416953125 0.4256875 0.03951562499999994 0.14206944444444444
2 0.8810117187500002 0.23965972222222223 0.02802343750000009 0.12829166666666666
2 0.48608203124999994 0.9339305555555556 0.05319531250000002 0.13213888888888886
0 0.06290234375 0.6161666666666666 0.055445312499999996 0.17775000000000002
0 0.1648046875 0.39963194444444444 0.035968749999999994 0.13681944444444447
0 0.37112109374999996 0.6469305555555555 0.05071093750000002 0.1603611111111111
0 0.31375390625 0.5261388888888889 0.043007812500000006 0.12897222222222224
0 0.3638515625 0.3938125 0.05153124999999999 0.11429166666666665
2 0.39180078125 0.47154166666666664 0.04342968749999998 0.1441666666666667
0 0.32402734375 0.5392152777777778 0.04378906249999996 0.15484722222222225
0 0.40826171875000006 0.6612013888888889 0.045804687499999996 0.16370833333333334
0 0.35399609375 0.41129166666666667 0.041289062500000015 0.13316666666666666
