0 0.620078125 0.6120555555555555 0.06278125000000001 0.18741666666666668
0 0.33100390625 0.4649930555555555 0.04639843749999999 0.17384722222222224
0 0.3746171875 0.6203958333333334 0.05885937499999998 0.19101388888888893
0 0.46084765625 0.34013194444444445 0.054398437499999994 0.11765277777777779
0 0.57148046875 0.4838472222222222 0.0564453125 0.16111111111111112
0 0.7154999999999999 0.47344444444444445 0.05103125000000004 0.1776111111111111
0 0.9649921875 0.7050486111111111 0.05839062500000001 0.19945833333333343
0 0.49205078125 0.3753055555555556 0.05925781250000002 0.1365833333333333
2 0.8824453125 0.3847708333333333 0.03781250000000007 0.16662499999999997
1 0.8776093749999999 0.5386388888888889 0.050406249999999986 0.1649722222222222
