0 0.5793710937500001 0.7003472222222222 0.06088281249999996 0.16763888888888895
0 0.71275390625 0.7546041666666667 0.05491406250000006 0.13076388888888885
0 0.68701953125 0.3398055555555556 0.028648437500000058 0.1578055555555556
0 0.69153515625 0.5959027777777778 0.0716796875 0.1689722222222222
0 0.57926171875 0.745638888888889 0.05191406249999995 0.18722222222222223
0 0.6701523437500001 0.35029166666666667 0.04167968750000002 0.15908333333333335
2 0.5086562499999999 0.18455555555555556 0.03189062500000004 0.1466111111111111
1 0.703 0.3303263888888889 0.04284375000000003 0.15331944444444442
0 0.27329687500000005 0.5887708333333332 0.050734375 0.18015277777777775
0 0.49698828125 0.84725 0.06663281249999997 0.15719444444444453
