0 0.9857734375 0.25161805555555555 0.028453125000000058 0.134125
0 0.58754296875 0.21756944444444445 0.03507031249999999 0.1325277777777778
0 0.8709492187500001 0.9427361111111111 0.06858593749999997 0.11452777777777783
0 0.38830468749999997 0.1879375 0.03937500000000003 0.13106944444444446
0 0.44899218750000003 0.6437152777777778 0.06193749999999998 0.16559722222222226
2 0.30079687499999996 0.22745833333333335 0.03850000000000002 0.13091666666666668
0 0.36545703124999995 0.4012430555555555 0.05305468750000002 0.11462500000000005
0 0.10706249999999999 0.4923194444444445 0.04768750000000001 0.18752777777777782
0 0.63327734375 0.23247222222222222 0.050492187499999994 0.10363888888888889
0 0.04158203125 0.5755 0.052507812499999994 0.16999999999999996
