0 0.9785546875 0.26430555555555557 0.03445312499999993 0.14750000000000002
0 0.6117890625 0.23258333333333334 0.03926562499999999 0.1340277777777778
0 0.95714453125 0.9634722222222223 0.06858593749999997 0.07305555555555558
0 0.57748828125 0.5955347222222221 0.06063281250000001 0.1666527777777777
2 0.326453125 0.23539583333333336 0.03849999999999998 0.13093055555555558
0 0.4857890625 0.5040138888888889 0.05828125000000002 0.1368888888888889
0 0.06898437500000001 0.5301458333333333 0.053453125000000004 0.1920138888888889
0 0.65887890625 0.271375 0.05188281250000006 0.10713888888888891
0 0.11389453125 0.6504652777777777 0.0559921875 0.17068055555555553
0 0.98149609375 0.42344444444444446 0.03700781249999992 0.15022222222222217
