0 0.6413515625 0.623013888888889 0.07009374999999993 0.1823055555555556
0 0.361828125 0.48152083333333334 0.06146875 0.1600972222222222
0 0.387578125 0.6276319444444444 0.05935937500000001 0.1789861111111112
0 0.43259375 0.3477638888888889 0.05514062500000003 0.1256388888888889
0 0.5796210937499999 0.5123333333333333 0.06447656249999997 0.15905555555555553
0 0.6767734375 0.4852708333333333 0.05324999999999998 0.16979166666666667
0 0.8486953125 0.7461666666666666 0.07007812500000003 0.21058333333333326
0 0.49649609375 0.3871736111111111 0.0662109375 0.1482361111111111
2 0.8335703125 0.3777222222222222 0.03781250000000007 0.16661111111111113
1 0.8271328125 0.5399652777777777 0.05192187500000003 0.15740277777777775
