0 0.8528437499999999 0.37825694444444447 0.06628124999999993 0.13915277777777776
0 0.7779140625000001 0.43554861111111115 0.05685937499999989 0.15623611111111105
0 0.69343359375 0.37462500000000004 0.07091406249999999 0.15633333333333332
0 0.6688867187499999 0.436375 0.06133593749999999 0.15386111111111106
2 0.53122265625 0.19046527777777778 0.03967968749999997 0.15079166666666666
0 0.929328125 0.4484930555555555 0.0596562500000001 0.14926388888888883
1 0.6336132812499999 0.3503888888888889 0.05974218750000002 0.1545277777777778
0 0.40317578125 0.5138194444444444 0.06600781249999996 0.15316666666666662
0 0.633015625 0.8326527777777778 0.06373437499999994 0.1799166666666666
0 0.48902734374999995 0.675138888888889 0.07210156250000006 0.1752500000000001
0 0.45648828124999996 0.9141527777777778 0.0634765625 0.13844444444444437
