0 0.73654296875 0.7679305555555556 0.056367187499999985 0.2027777777777777
0 0.32437109375 0.33595833333333336 0.052054687499999995 0.14850000000000002
0 0.5304179687499999 0.38986805555555554 0.05403906249999997 0.1327638888888889
2 0.789625 0.23834722222222224 0.03910937499999996 0.15205555555555555
0 0.7990703124999999 0.7937847222222222 0.06803124999999995 0.15701388888888881
1 0.9465195312500001 0.32563888888888887 0.05360156249999992 0.1456111111111111
0 0.28033984375000004 0.8870833333333334 0.05666406250000002 0.1426388888888888
0 0.9506015624999999 0.7196805555555555 0.05648437500000014 0.15802777777777774
0 0.30298828125000005 0.9278680555555556 0.07483593750000002 0.14193055555555548
0 0.902171875 0.7562777777777777 0.049921875000000074 0.15763888888888888
