0 0.9646210937500002 0.4308333333333333 0.060507812500000036 0.1202777777777778
0 0.7818828125 0.5239652777777778 0.06776562500000001 0.14787500000000003
0 0.590859375 0.4128125 0.060640625000000004 0.1252638888888889
0 0.5793476562500001 0.47638888888888886 0.0572265625 0.14002777777777783
2 0.5823046875 0.2051736111111111 0.03965624999999999 0.142625
0 0.9653984375 0.5498472222222222 0.06920312499999995 0.15891666666666668
1 0.7001953125 0.3503611111111111 0.061437500000000075 0.1456111111111111
0 0.4128046875 0.6368611111111111 0.059093750000000035 0.153888888888889
0 0.69746875 0.8269444444444444 0.04810937499999994 0.12325000000000001
0 0.44119921875 0.7671944444444444 0.06335156249999993 0.21161111111111106
0 0.70989453125 0.8261180555555556 0.06163281249999999 0.12548611111111113
