2 0.7737812500000001 0.20100694444444447 0.04467187499999996 0.12729166666666666
0 0.1456328125 0.550236111111111 0.07596875 0.14141666666666666
1 0.8022421874999999 0.34545138888888893 0.056421875000000024 0.13993055555555559
0 0.02849609375 0.5565069444444445 0.0569921875 0.14465277777777774
0 0.46524609375 0.6549583333333333 0.05742968749999999 0.15261111111111111
0 0.8270703125000001 0.2569513888888889 0.04859375000000003 0.07454166666666669
0 0.60233203125 0.7913749999999999 0.07346093749999998 0.1563333333333334
0 0.57459765625 0.8233333333333333 0.09041406250000002 0.1610277777777777
0 0.353421875 0.7841597222222223 0.071046875 0.15351388888888892
0 0.9036875 0.661888888888889 0.05540625000000006 0.1844166666666667
