2 0.6419453125000001 0.31914583333333335 0.03610937499999993 0.1507638888888889
0 0.7334335937500001 0.5807986111111111 0.07722656250000001 0.12259722222222219
0 0.5109999999999999 0.6071319444444444 0.05962500000000004 0.1664861111111111
0 0.22191796875 0.4403055555555555 0.06236718750000003 0.14927777777777781
0 0.44409765625 0.5282291666666667 0.06119531250000003 0.13287500000000002
0 0.6875585937500001 0.5835972222222222 0.05403906249999997 0.1645555555555556
0 0.02932421875 0.5104861111111111 0.0586484375 0.1488611111111111
0 0.33198828125 0.3756805555555556 0.04999218750000001 0.1311944444444445
0 0.39536328125 0.4089791666666666 0.050070312500000026 0.13715277777777773
1 0.78490234375 0.5129583333333334 0.04916406250000005 0.15755555555555556
