0 0.63912109375 0.38586805555555553 0.033085937500000016 0.18273611111111115
0 0.6409062499999999 0.7696805555555557 0.06512500000000002 0.22158333333333344
0 0.69499609375 0.6979513888888889 0.0544921875 0.22918055555555555
0 0.741296875 0.6720277777777778 0.055703124999999964 0.2103333333333334
0 0.5720625 0.4645416666666667 0.048890624999999945 0.19416666666666668
2 0.7081640625000001 0.3967638888888888 0.05090624999999997 0.18155555555555553
1 0.49324609375 0.4182013888888889 0.04011718750000002 0.17456944444444444
0 0.7453515625 0.6336736111111111 0.06287500000000001 0.2085416666666667
0 0.59646875 0.7322013888888889 0.05709374999999994 0.19351388888888896
0 0.28519140624999995 0.8166527777777778 0.06605468750000001 0.22925
0 0.0188046875 0.9709097222222223 0.037609375 0.058180555555555534
