0 0.9857070312499999 0.41750694444444447 0.028585937499999936 0.13537499999999997
2 0.36900390625 0.9243402777777777 0.061945312500000016 0.1513194444444445
0 0.30494921875 0.43904166666666666 0.05946093750000001 0.13383333333333336
0 0.5856054687500001 0.2935833333333333 0.04182031250000007 0.10691666666666669
0 0.679203125 0.7778194444444444 0.04520312499999992 0.19791666666666666
0 0.48083593750000003 0.4335 0.048453124999999986 0.1324166666666667
0 0.8973203125000001 0.34481944444444446 0.05103124999999995 0.10525000000000004
2 0.88230859375 0.40710416666666666 0.052304687499999857 0.13912499999999997
0 0.39765625 0.4395972222222222 0.04937500000000004 0.13122222222222224
0 0.47916406249999993 0.8349027777777778 0.083890625 0.17824999999999988
0 0.62959765625 0.2869236111111111 0.04607031250000002 0.10559722222222222
