0 0.63912109375 0.3880625 0.033085937500000016 0.1827361111111111
0 0.6402929687500001 0.7759444444444445 0.06511718750000002 0.22158333333333335
0 0.69384765625 0.6992916666666666 0.05466406250000002 0.2302777777777778
0 0.74473046875 0.6767291666666667 0.05641406250000003 0.21379166666666677
0 0.57157421875 0.46774999999999994 0.04897656250000004 0.1961944444444445
2 0.7109375 0.3995833333333333 0.053109375000000014 0.18155555555555555
1 0.49188281249999993 0.41984722222222226 0.04090625000000001 0.17536111111111113
0 0.7396835937499999 0.6348263888888889 0.06288281250000001 0.20854166666666663
0 0.5990664062500001 0.7369097222222223 0.05613281250000002 0.1954027777777777
0 0.2873671875 0.8139791666666667 0.0660625 0.22923611111111114
0 0.0188046875 0.9709097222222223 0.037609375 0.058180555555555534
