0 0.344828125 0.7875972222222222 0.07007812500000003 0.2137222222222222
0 0.09376562499999999 0.42519444444444443 0.07082812499999999 0.14116666666666663
2 0.81109765625 0.16755555555555557 0.03939843750000005 0.1325
0 0.516875 0.38215277777777773 0.04835937499999998 0.14747222222222223
1 0.82261328125 0.31211805555555555 0.06496093749999998 0.1492361111111111
0 0.50383984375 0.6092291666666666 0.06075781249999999 0.16365277777777776
0 0.48278515625 0.49827083333333333 0.05742968749999999 0.15812500000000004
0 0.84614453125 0.24509027777777778 0.05697656250000005 0.07454166666666669
0 0.6424960937499999 0.8188680555555556 0.051976562499999976 0.1193194444444444
0 0.60790625 0.8213888888888888 0.05540625000000006 0.14586111111111108
