0 0.40256640624999995 0.3050069444444445 0.046320312499999974 0.12606944444444446
0 0.3996953125 0.38472222222222224 0.046218750000000065 0.11763888888888892
0 0.93108984375 0.8141944444444444 0.06907031250000006 0.23186111111111118
0 0.8784570312500002 0.38152777777777774 0.04724218750000002 0.10888888888888885
0 0.8207304687499999 0.36468055555555556 0.05702343750000001 0.14741666666666664
0 0.175515625 0.4746944444444444 0.0650625 0.14413888888888893
0 0.82337890625 0.6496666666666666 0.08063281249999994 0.16727777777777778
0 0.9705195312499999 0.46234027777777775 0.05578906250000006 0.12015277777777776
2 0.20151171875 0.7009097222222221 0.07152343749999998 0.20787500000000003
1 0.05371875 0.46992361111111114 0.0651875 0.13787500000000005
