0 0.7367968749999999 0.5822986111111111 0.06339062499999999 0.145125
0 0.27713671875 0.8329305555555556 0.07825781250000001 0.21305555555555553
0 0.4129609375 0.39644444444444443 0.06773437500000004 0.1608055555555555
0 0.26115234374999996 0.4366597222222222 0.06167968749999999 0.14593055555555554
0 0.81119921875 0.6291041666666667 0.08219531250000003 0.14456944444444442
0 0.41108203125 0.43088194444444444 0.050507812499999985 0.1825138888888889
2 0.43921093750000006 0.2757986111111111 0.039749999999999994 0.16823611111111111
1 0.50244921875 0.4208263888888889 0.06616406250000004 0.15323611111111113
0 0.19626171874999998 0.5497708333333334 0.0703828125 0.19126388888888887
0 0.09303515625 0.6163055555555556 0.06730468749999999 0.1939166666666666
