0 0.6163203125 0.6445555555555557 0.07381250000000002 0.16144444444444453
0 0.3459453125 0.5261805555555555 0.06954687499999998 0.14408333333333334
0 0.36002343750000004 0.66125 0.07476562499999999 0.16652777777777775
0 0.35294140625 0.37022916666666666 0.04466406250000001 0.1598194444444445
0 0.46381640625 0.5758194444444444 0.06889843749999995 0.17850000000000005
0 0.52698046875 0.48569444444444443 0.0571328125 0.16011111111111107
0 0.60326171875 0.8396458333333334 0.06852343749999994 0.2202361111111112
0 0.4423515625 0.41433333333333333 0.052515625000000024 0.15680555555555553
2 0.6604140624999999 0.3585486111111111 0.04410937499999994 0.1567361111111111
1 0.66078515625 0.5347152777777778 0.06378906249999998 0.15462500000000007
