0 0.6386289062499999 0.40040972222222226 0.03405468750000003 0.18323611111111107
0 0.6320859375 0.8120624999999999 0.06401562499999995 0.2235694444444444
0 0.688546875 0.7072777777777778 0.054312499999999986 0.23425000000000004
0 0.7678671875 0.7065416666666667 0.059609374999999964 0.22927777777777775
0 0.5699453125 0.48690277777777785 0.04935937499999996 0.20633333333333334
2 0.7291328125 0.4183472222222222 0.06412500000000003 0.18330555555555555
1 0.48510937500000006 0.42947222222222226 0.04571875000000007 0.17986111111111114
0 0.70579296875 0.6435069444444445 0.06288281250000001 0.20854166666666663
0 0.6116640625 0.7684722222222221 0.05385937499999995 0.2068611111111111
0 0.3072421875 0.7918055555555555 0.06899999999999999 0.2285277777777778
