0 0.54725 0.6435347222222223 0.07346874999999997 0.1893472222222222
0 0.22616796875 0.2589930555555556 0.0521015625 0.11290277777777777
0 0.9078203125000002 0.6474930555555556 0.06895312499999999 0.18901388888888893
2 0.5946718750000001 0.17658333333333334 0.03921874999999995 0.1562222222222222
0 0.48120703125000003 0.29485416666666664 0.0611328125 0.14279166666666668
1 0.62401953125 0.3284305555555555 0.06557031250000005 0.18052777777777776
0 0.67012109375 0.7208333333333333 0.09213281250000005 0.22116666666666668
0 0.26773437499999997 0.44543055555555555 0.06104687499999999 0.16683333333333333
0 0.6623515624999999 0.2906111111111111 0.05515625000000002 0.06269444444444447
0 0.2688515625 0.8044166666666668 0.09273437500000004 0.17713888888888898
