0 0.376203125 0.38334722222222223 0.060406250000000036 0.15858333333333338
0 0.5218359375 0.4544791666666667 0.07445312500000005 0.1290972222222222
0 0.13180078125 0.4194375 0.05597656250000001 0.13243055555555558
0 0.5973046875 0.9188472222222221 0.06632812499999999 0.16230555555555556
0 0.28578125 0.5636319444444444 0.06671874999999998 0.16190277777777784
2 0.02078125 0.2254097222222222 0.0415625 0.13973611111111112
0 0.5086875 0.7270625000000001 0.06476562500000008 0.18587499999999998
0 0.4558359375 0.6475694444444444 0.062703125 0.18736111111111114
0 0.8927890625 0.8585833333333335 0.07395312499999988 0.25561111111111123
2 0.90785546875 0.2455277777777778 0.05055468750000003 0.12327777777777776
0 0.9684140625000002 0.5130694444444444 0.06317187499999992 0.12630555555555556
2 0.8106796875000001 0.9530624999999999 0.05848437499999992 0.09387500000000004
