0 0.62526171875 0.6383541666666667 0.07460156250000001 0.16559722222222226
0 0.3530703125 0.5142083333333334 0.071875 0.14591666666666667
0 0.36895703125 0.6515833333333333 0.0693359375 0.16652777777777783
0 0.37689453125 0.36239583333333336 0.048554687499999985 0.14968055555555557
0 0.5047382812500001 0.5576319444444444 0.0694296875 0.16973611111111117
0 0.5679023437499999 0.48706944444444444 0.0571328125 0.16011111111111107
0 0.66570703125 0.8151805555555557 0.06852343750000003 0.22025000000000006
0 0.45957421875 0.40719444444444447 0.06105468750000007 0.15541666666666668
2 0.7074140625 0.36361805555555554 0.04176562500000003 0.16040277777777778
1 0.70468359375 0.5356388888888889 0.05938281249999999 0.1546111111111111
