0 0.45298046875000003 0.5382083333333333 0.06167968749999995 0.15961111111111112
0 0.03874609375 0.4806041666666666 0.0531953125 0.17579166666666665
0 0.17708203125 0.6753680555555556 0.06569531249999998 0.20679166666666673
0 0.49066015625000003 0.3348541666666666 0.06128906249999995 0.1317361111111111
0 0.3824609375 0.3966458333333333 0.05353124999999994 0.16179166666666664
0 0.5806992187500001 0.43173611111111115 0.06907031249999998 0.15908333333333333
0 0.9703593749999999 0.6183472222222223 0.05092187500000005 0.15925000000000003
0 0.4148828125 0.38293055555555555 0.047781249999999977 0.1411111111111111
2 0.8016992187500002 0.41018055555555555 0.04255468750000002 0.16236111111111107
1 0.77569921875 0.5237916666666667 0.043617187499999946 0.18977777777777777
